400
14091
22 52
12 142
41 120
36 68
72 121
94 159
10 188
57 141
76 132
100 155
75 144
34 137
58 24
52 39
55 96
21 111
97 197
27 74
89 47
7 48
2 62
14 35
20 112
21 56
64 114
85 89
61 27
42 31
38 183
58 167
73 192
92 77
74 151
41 28
37 11
50 192
28 66
6 30
28 19
86 152
45 158
47 31
20 52
20 15
25 179
13 168
10 116
40 56
49 153
96 77
69 98
60 86
40 188
63 177
51 99
48 119
91 80
90 60
30 184
7 90
52 47
81 92
86 40
34 29
24 190
47 51
32 84
81 107
35 186
74 67
67 91
17 155
35 103
63 51
21 166
21 100
100 118
59 41
10 11
6 24
69 193
25 123
10 96
21 153
64 184
42 36
36 167
71 67
62 12
12 100
71 75
68 55
4 124
64 199
64 17
86 193
3 173
52 52
1 37
34 144
55 54
9 174
93 114
32 77
47 199
12 42
26 57
72 167
57 120
59 81
59 131
99 168
45 198
45 49
41 147
41 96
66 96
36 107
50 166
44 172
76 117
14 54
90 126
39 125
76 88
55 122
41 45
76 52
78 119
71 91
29 134
19 55
23 60
97 45
56 133
84 192
21 158
66 158
45 81
36 189
69 23
54 191
77 17
31 119
83 88
98 103
99 21
21 180
83 36
27 116
70 181
66 198
96 179
53 35
40 59
14 189
62 30
66 68
76 73
50 42
91 68
83 121
91 129
71 110
78 64
80 14
100 98
79 44
62 101
8 47
7 77
40 152
23 140
69 88
100 38
50 82
4 133
69 162
69 106
86 200
93 96
44 179
46 27
21 174
26 36
44 78
45 189
75 158
48 147
44 124
10 117
44 87
27 137
17 92
44 146
79 136
19 195
64 42
8 58
72 107
80 191
56 156
39 26
53 121
53 108
50 70
97 19
79 62
78 178
38 145
40 112
83 175
37 130
28 99
6 144
47 56
29 100
43 45
39 97
21 134
12 101
76 192
52 153
83 92
3 50
73 104
58 81
56 146
87 174
52 90
62 26
2 41
69 130
5 36
74 175
71 153
11 84
32 113
19 26
75 100
73 55
62 94
96 126
10 131
59 142
33 52
87 46
20 31
53 12
57 146
33 24
29 69
48 141
16 155
87 63
98 110
84 49
65 32
59 195
20 45
72 17
1 156
36 73
40 66
100 34
10 126
75 71
42 67
46 78
24 158
67 43
8 165
38 37
76 114
26 173
61 128
77 157
39 167
77 67
75 81
98 23
82 171
9 25
26 36
15 170
33 94
6 10
79 162
28 140
82 156
7 41
13 157
45 26
3 171
9 98
70 76
48 27
73 150
99 122
4 32
23 100
25 65
88 87
76 108
3 19
23 161
59 30
4 134
79 140
4 164
5 99
45 187
99 131
62 108
40 118
4 172
18 15
90 176
69 95
39 114
45 149
87 118
91 107
28 78
13 59
96 136
4 20
88 151
33 62
76 49
68 149
56 53
61 155
62 191
100 174
35 30
11 68
13 78
27 31
81 149
39 154
28 174
30 101
25 191
33 26
76 43
28 103
45 88
5 113
42 197
87 61
18 170
96 199
29 30
59 72
84 63
5 192
94 104
54 21
35 156
99 186
22 185
81 91
54 74
91 105
52 100
33 142
61 136
67 70
96 56
53 16
28 179
63 174
53 92
80 75
61 82
56 41
46 110
74 197
79 55
90 156
68 135
26 194
98 80
5 106
87 98
59 164
1 161
73 82
45 36
89 75
45 149
5 75
12 79
40 181
25 139
51 147
95 194
100 102
31 60
