400
14948
100 37
94 120
19 75
31 49
79 44
52 145
46 188
74 105
22 188
49 185
90 171
63 94
32 154
89 157
85 45
54 28
70 117
52 105
38 15
85 95
51 141
34 190
43 114
37 51
77 190
22 74
8 138
3 11
96 56
65 179
81 106
71 11
36 143
35 160
2 173
69 40
74 104
77 31
99 183
14 140
63 132
45 129
59 115
42 76
40 88
15 23
20 141
79 163
68 87
48 197
34 185
6 79
26 60
48 80
53 200
50 120
44 79
19 188
3 140
4 160
25 65
89 117
6 44
49 92
51 119
94 194
37 152
89 171
20 165
81 68
51 196
58 89
59 98
74 108
2 196
97 169
46 70
3 160
79 161
21 57
81 92
70 88
68 140
98 113
96 33
56 158
84 15
91 23
97 133
16 169
64 84
80 81
41 138
47 134
55 150
100 41
74 121
20 41
95 157
78 26
2 129
80 65
95 45
45 52
5 60
36 174
99 195
31 66
3 42
12 137
58 198
36 194
44 34
71 30
24 127
58 49
2 74
36 105
100 180
55 39
96 197
50 28
55 46
66 50
50 49
9 86
85 113
100 63
98 112
26 191
7 151
37 75
66 57
28 56
65 121
32 106
95 89
97 164
75 189
60 133
93 58
17 159
62 20
39 136
97 139
48 107
8 193
1 20
88 111
94 147
94 189
88 74
80 47
70 189
32 170
25 60
65 84
14 148
33 64
34 77
43 105
86 186
65 41
18 144
83 18
22 44
84 54
98 46
66 181
9 60
78 56
79 129
56 91
46 118
33 192
34 43
16 185
4 74
2 45
57 178
20 134
27 158
85 62
56 96
80 103
22 54
84 104
81 189
97 14
70 176
4 96
92 21
50 77
49 109
42 26
87 36
26 169
36 187
25 105
69 135
77 128
65 200
83 182
55 77
58 87
43 20
91 179
76 147
60 99
19 200
61 97
100 96
31 25
27 159
46 132
37 46
53 85
59 50
5 10
76 62
89 29
81 68
77 17
90 200
95 116
78 20
48 50
12 200
81 128
81 68
99 113
76 174
99 17
64 194
23 105
50 40
79 57
60 87
7 128
56 70
56 37
61 62
14 80
92 132
92 185
93 86
56 117
30 178
43 12
80 100
82 101
51 83
60 188
98 168
40 102
18 162
32 49
26 11
96 64
70 153
75 106
83 126
73 31
25 153
44 12
16 193
45 80
60 127
24 31
68 139
99 25
6 110
1 130
10 58
10 190
64 155
100 118
78 190
79 156
3 107
65 100
84 51
17 27
50 38
87 112
96 198
45 182
12 95
56 67
17 122
7 138
92 198
32 180
92 59
8 116
7 185
7 179
60 93
90 14
84 174
64 61
94 165
50 44
37 90
89 83
16 98
72 177
9 55
4 115
64 145
62 162
51 11
14 137
63 141
65 32
52 30
99 56
74 142
94 112
47 181
99 66
71 108
29 59
20 137
61 189
15 163
21 29
24 108
41 171
14 131
96 168
21 42
95 77
91 186
58 184
96 160
64 163
78 69
87 12
15 94
45 120
51 112
69 188
93 156
1 54
7 191
7 55
28 144
6 126
82 37
48 95
62 181
39 176
42 20
90 112
94 127
55 54
77 26
81 77
39 84
56 107
51 187
33 187
83 151
28 173
21 161
4 136
50 124
3 129
48 153
17 27
6 169
30 172
78 130
23 70
83 94
12 151
42 170
37 28
19 137
49 108
73 182
56 107
6 24
48 200
85 71
72 198
69 60
28 151
95 144
15 28
55 102
37 162
93 93
51 90
43 156
2 181
70 134
48 165
98 150
