400
14529
68 50
57 185
36 53
82 117
98 21
62 181
54 116
78 94
45 20
81 123
57 161
67 178
64 75
34 196
81 136
33 138
89 128
96 106
72 100
100 75
69 131
74 31
9 179
44 93
13 82
93 153
30 28
71 67
74 88
29 35
83 76
21 160
10 129
68 43
53 48
79 88
87 67
9 149
100 144
35 129
11 89
45 38
87 98
54 119
13 36
85 162
98 165
58 16
97 169
81 120
34 56
17 83
14 24
15 176
20 174
78 160
40 13
100 24
55 187
10 158
17 176
18 23
49 84
100 76
90 94
1 89
98 198
29 160
39 84
1 78
94 133
9 185
45 70
55 120
12 171
35 119
32 186
10 23
82 26
45 69
49 46
65 18
42 197
30 46
60 188
52 191
72 12
42 154
6 34
57 51
98 189
20 142
59 55
9 43
10 127
94 172
30 188
47 11
75 20
2 124
50 165
58 40
83 194
82 64
47 81
74 19
45 33
50 170
1 138
46 17
40 147
70 31
19 89
14 22
50 85
85 122
52 111
98 39
99 110
26 121
63 168
3 69
83 101
54 147
66 57
47 196
37 94
64 189
89 149
36 43
7 37
49 153
50 47
29 51
60 173
96 120
71 180
35 69
78 21
52 105
73 17
69 39
75 141
31 110
25 189
81 184
56 196
82 173
73 131
45 71
18 187
75 46
65 143
55 11
27 178
64 73
18 16
28 39
24 142
12 143
58 79
62 172
62 36
71 77
82 146
25 59
27 85
72 87
2 52
95 167
94 134
5 87
37 126
55 71
26 165
13 76
82 26
82 88
83 109
95 119
79 110
60 176
63 198
79 141
98 153
25 40
8 159
52 197
32 12
32 98
100 59
2 105
71 21
18 138
98 43
5 56
7 167
74 173
86 23
69 73
47 75
3 27
91 22
97 194
1 90
70 86
44 25
69 111
78 100
5 124
93 173
25 156
70 68
7 133
33 169
84 43
47 135
51 167
59 137
55 110
14 15
66 168
61 30
3 21
47 151
66 67
38 13
34 150
40 42
8 179
52 112
60 56
61 150
1 65
42 163
85 42
10 144
87 10
85 51
30 186
84 139
36 133
22 168
72 61
89 99
85 195
69 87
40 153
75 50
60 106
85 138
46 186
34 143
49 158
28 97
67 169
60 79
30 192
73 135
25 122
4 162
65 50
94 133
34 13
94 95
48 29
71 37
68 187
84 178
19 99
30 113
39 48
72 38
13 14
43 113
36 77
34 148
6 200
57 18
59 161
37 23
53 123
9 131
68 42
23 23
6 17
31 55
17 116
25 86
10 50
81 43
93 65
12 122
27 134
97 146
25 92
64 100
64 168
60 164
72 127
77 171
85 37
36 18
10 34
80 77
10 184
53 171
43 120
9 19
86 59
57 90
8 106
10 146
15 38
31 86
89 100
6 105
100 98
16 165
78 29
19 138
25 18
76 178
86 109
72 193
73 42
55 19
63 67
51 75
8 157
82 181
78 178
69 94
3 181
98 142
11 196
83 49
35 183
81 25
91 191
87 15
63 108
51 138
26 139
61 138
51 172
30 79
84 142
47 155
78 33
82 188
17 122
18 78
82 32
88 133
97 188
24 162
66 74
85 146
56 179
23 192
72 162
51 20
58 147
76 55
96 179
54 22
76 62
100 147
63 179
27 23
30 58
11 87
48 164
22 159
63 146
22 200
48 54
77 61
41 16
25 98
53 151
33 189
15 143
66 64
65 73
55 113
6 33
91 134
55 12
62 114
86 118
83 143
9 53
5 183
45 156
90 107
39 113
99 35
36 156
