400
14918
93 67
22 58
35 37
71 102
90 174
81 160
27 34
94 147
100 187
18 175
30 195
96 181
64 134
31 112
22 22
28 41
47 133
63 150
70 142
89 99
19 107
31 154
43 175
73 181
79 173
93 75
74 200
87 146
53 49
88 147
38 141
62 26
2 17
16 61
65 147
82 146
27 30
38 170
1 68
6 185
20 128
62 133
31 173
39 10
64 179
96 198
92 144
18 154
90 179
1 139
40 156
72 11
85 109
78 51
82 148
88 25
87 79
68 47
39 15
88 163
3 129
95 81
11 190
87 104
79 31
55 54
66 13
49 200
66 60
38 68
48 90
2 73
57 183
57 32
44 54
13 18
29 144
13 136
90 198
34 147
57 68
85 125
47 166
55 64
85 179
90 122
51 35
13 22
85 191
76 181
49 183
75 102
99 97
66 139
4 163
21 81
27 138
68 161
100 143
45 157
13 139
79 19
4 114
1 167
100 62
31 41
90 84
59 33
22 122
94 94
96 165
14 109
78 18
44 102
89 83
76 167
31 42
71 132
64 101
80 82
2 67
81 57
84 82
78 136
62 100
77 133
14 153
87 112
65 132
53 78
47 66
79 131
51 182
100 85
70 31
69 147
1 127
89 183
100 30
65 103
54 24
84 193
26 187
99 107
64 198
77 181
63 17
43 89
76 21
83 114
1 178
32 91
42 182
98 162
9 151
25 133
64 172
11 136
72 78
88 54
43 103
13 28
52 77
91 167
41 76
38 69
91 96
79 191
77 165
85 28
48 118
90 79
69 60
46 32
7 53
17 82
91 48
58 141
82 33
79 46
77 142
61 140
54 73
39 61
36 60
23 177
69 79
18 121
77 66
18 122
74 55
52 64
84 62
26 59
100 157
62 197
61 59
13 175
76 118
85 99
26 130
23 140
4 114
6 10
60 117
80 174
69 74
90 181
98 117
67 179
5 152
3 18
93 51
62 151
9 28
40 136
36 86
94 160
6 109
41 40
46 90
81 47
40 59
7 82
53 187
35 142
18 89
47 36
57 178
35 190
37 38
26 179
78 154
74 142
16 166
67 200
4 143
59 42
70 101
72 170
19 142
42 178
3 12
27 51
5 123
31 15
45 76
5 70
20 113
81 67
100 91
90 107
95 84
27 156
100 200
72 144
41 161
67 140
92 11
44 196
29 187
35 43
53 170
53 88
67 47
34 73
13 175
99 169
25 196
91 77
37 109
4 56
34 29
57 169
44 110
79 46
57 143
99 17
62 26
29 95
28 29
94 85
38 112
28 92
48 156
46 198
98 97
81 152
88 87
72 190
22 50
76 67
33 58
24 34
59 155
82 191
28 172
85 74
39 156
25 146
84 158
13 110
40 72
2 170
50 125
31 77
3 31
56 161
26 125
3 67
35 59
45 109
19 188
18 53
6 31
70 159
82 140
47 29
29 10
33 90
20 112
95 190
96 13
5 165
17 163
73 162
62 65
73 115
20 81
4 123
3 86
1 124
92 69
98 86
88 72
62 161
6 200
55 88
2 167
95 122
20 42
27 92
87 40
65 72
63 156
74 79
8 12
84 50
99 46
32 65
95 123
57 83
17 98
61 96
82 76
71 27
77 162
26 61
78 23
30 18
72 59
79 197
64 177
90 110
47 131
1 63
49 81
97 136
97 190
46 105
66 42
77 104
92 172
79 100
94 29
44 50
43 190
5 61
9 152
25 18
32 183
95 67
90 54
14 133
3 112
98 69
61 185
51 172
35 46
26 140
1 63
34 190
56 48
60 101
31 44
55 43
94 180
17 74
94 161
97 125
