400
14097
16 106
9 86
60 11
64 104
78 157
48 66
27 84
65 82
42 78
4 122
78 144
51 89
88 103
36 180
67 78
39 155
94 65
50 13
36 10
43 65
36 70
44 176
16 142
61 52
70 94
53 45
14 38
67 14
83 199
12 82
75 134
86 25
80 129
23 68
26 105
49 190
3 66
30 40
90 174
97 174
93 90
36 61
7 104
14 99
73 147
26 135
37 51
6 31
72 26
41 108
56 149
53 77
2 138
63 179
79 65
62 116
87 111
64 146
55 150
64 75
53 43
29 100
80 95
44 189
14 20
55 77
97 73
25 19
28 59
69 131
66 50
45 10
52 111
77 133
90 151
49 63
4 112
82 32
69 150
75 109
10 59
41 61
34 166
23 57
45 130
76 61
9 55
49 76
59 149
25 187
68 31
53 70
46 91
69 164
75 164
13 170
48 185
36 149
46 107
45 46
54 81
64 191
30 22
52 36
23 188
13 169
89 165
3 165
94 55
44 191
40 84
74 50
100 28
63 186
22 93
23 59
94 30
68 55
11 164
49 125
82 165
81 89
86 15
15 88
67 104
56 144
73 159
67 57
30 153
11 96
87 159
83 73
25 170
93 158
54 87
36 181
10 54
35 33
35 150
38 93
5 162
8 87
33 160
35 188
82 182
100 95
64 59
35 193
43 25
82 19
53 136
87 138
23 190
17 22
47 117
52 85
36 157
5 65
51 98
24 81
69 113
3 136
48 10
45 154
63 67
97 146
23 86
64 125
35 62
36 116
77 77
69 193
56 127
31 25
35 65
6 138
48 138
54 17
23 98
26 124
51 39
57 19
45 51
23 60
99 41
19 68
9 190
87 195
58 138
4 178
11 43
19 101
98 15
9 43
73 151
10 25
20 16
85 190
73 81
55 187
91 49
37 168
66 155
38 195
65 112
75 186
57 166
79 130
73 11
94 71
50 195
49 147
61 83
8 12
43 65
17 151
94 24
53 124
94 118
1 152
26 61
6 128
63 191
96 103
68 52
11 61
38 38
88 101
61 81
71 54
57 33
8 162
11 175
34 77
63 10
3 84
7 27
72 103
84 189
57 89
62 62
29 151
65 191
69 11
39 70
10 147
68 11
22 129
88 177
86 38
54 72
84 86
46 44
63 79
30 54
33 170
63 46
25 148
10 23
9 48
72 92
27 24
32 85
57 113
64 73
68 128
60 192
58 61
6 10
6 100
39 50
33 113
37 13
20 56
71 109
8 98
48 78
28 158
68 192
96 87
22 109
13 183
66 40
22 34
89 140
75 167
87 170
89 112
41 31
62 34
14 90
34 70
93 14
68 47
79 141
45 66
81 167
29 170
46 116
77 174
49 190
35 96
84 153
97 32
34 125
2 47
90 159
28 147
40 64
55 141
88 115
45 113
78 54
21 160
47 169
95 69
64 28
65 192
12 38
74 112
99 112
21 89
35 159
96 143
70 175
59 52
34 60
31 137
98 154
75 154
79 45
84 185
17 115
23 183
39 25
78 169
35 40
44 113
26 14
21 144
79 30
85 44
76 144
85 152
92 53
75 39
98 13
14 98
21 92
81 121
78 122
46 69
67 190
9 136
39 63
56 64
40 12
47 131
62 89
14 127
35 31
80 159
96 80
40 60
58 138
7 104
27 49
94 39
22 147
25 56
47 54
41 103
79 29
8 162
8 147
37 109
87 137
29 114
74 120
76 91
73 55
22 68
52 72
32 142
22 109
80 33
26 141
97 118
40 116
20 196
39 197
89 129
86 19
10 75
39 143
71 124
66 172
88 112
47 190
43 163
