400
14359
63 182
94 75
82 11
42 15
17 113
70 108
43 64
94 114
89 68
68 49
13 174
77 196
77 41
63 132
24 103
98 52
21 68
53 25
81 58
34 90
57 81
30 100
13 175
11 147
72 112
48 117
100 197
56 35
13 36
81 114
52 147
48 104
22 98
83 42
61 138
49 27
33 38
74 183
58 91
65 131
90 25
64 113
81 21
52 132
33 162
33 164
8 194
23 47
94 21
64 105
6 64
69 88
27 171
86 107
37 80
4 80
39 149
72 142
77 168
1 136
100 172
52 121
36 84
78 192
70 91
91 197
10 14
96 193
64 93
82 104
51 178
19 115
6 32
41 192
40 52
4 77
93 196
14 92
100 131
93 78
26 64
1 44
37 28
27 117
53 74
8 134
82 151
88 125
79 107
17 195
86 133
65 144
69 128
63 164
25 155
51 176
36 52
36 192
92 169
22 129
17 47
44 196
1 34
49 185
10 118
58 124
55 12
29 189
15 80
60 91
22 134
78 167
3 76
10 107
27 108
77 47
48 100
73 73
75 32
73 80
69 105
88 43
39 14
77 185
67 75
29 184
58 47
4 36
94 121
19 93
59 146
94 74
38 66
51 156
49 63
65 154
32 41
30 189
38 41
17 26
28 44
20 76
99 181
78 32
53 43
47 46
27 124
65 54
52 36
40 175
31 175
70 134
77 119
45 44
91 191
33 80
40 18
67 25
1 67
9 185
29 173
18 109
52 152
41 124
67 168
46 142
39 35
99 28
7 74
56 127
26 184
29 142
68 44
77 89
80 165
61 40
68 43
41 82
46 184
19 166
50 62
18 167
60 61
62 155
74 113
87 91
87 167
31 92
32 112
95 128
24 81
69 46
31 111
6 160
21 73
18 87
16 122
54 190
76 93
30 184
46 113
67 117
86 136
85 90
46 187
13 156
84 103
18 100
65 80
69 33
40 196
69 44
12 190
64 118
90 88
90 175
63 41
65 140
26 160
18 199
14 62
54 177
11 33
36 130
10 15
91 87
79 69
94 154
83 154
42 62
24 82
39 58
36 177
92 79
48 184
84 103
30 72
95 194
70 196
51 132
57 168
62 12
21 17
99 157
68 137
99 28
22 67
68 154
43 75
18 199
55 59
80 175
31 107
68 74
96 124
62 138
36 151
84 83
70 73
60 86
78 167
98 93
15 86
86 137
60 186
67 171
57 97
48 152
61 69
94 158
35 180
78 19
63 73
35 34
94 19
20 130
98 195
55 30
3 66
28 180
93 124
30 187
88 150
43 108
79 134
10 17
18 95
67 176
8 68
90 38
76 96
72 165
81 164
41 184
90 46
12 169
46 168
49 190
53 158
90 196
89 183
17 43
31 59
71 165
32 61
37 43
17 181
70 200
54 50
46 76
35 149
78 136
83 165
19 22
44 174
4 190
6 181
14 49
7 70
37 102
39 38
27 67
32 12
10 101
25 141
52 170
64 192
69 102
37 143
68 165
80 150
7 97
42 100
74 125
16 114
11 14
98 163
36 187
93 182
43 47
2 136
62 37
93 168
1 185
5 46
47 147
21 145
92 184
36 35
92 34
88 125
46 66
80 62
63 143
80 155
64 76
3 25
35 52
14 191
71 114
92 36
1 41
11 107
99 159
4 46
70 102
19 21
76 49
62 63
23 179
74 117
30 156
92 160
88 64
87 167
62 156
39 100
54 185
85 76
40 75
22 14
90 68
20 86
3 150
55 66
90 147
45 44
50 127
97 50
95 80
98 58
73 114
5 38
68 181
8 154
15 181
37 168
13 199
41 100
49 16
