400
14709
90 41
20 82
54 66
81 103
86 157
4 33
38 51
58 170
44 15
64 98
64 59
4 190
45 101
85 102
70 97
22 161
73 127
83 53
16 148
71 139
9 171
62 10
78 103
28 66
21 151
94 10
5 59
43 42
76 182
6 60
70 106
29 164
62 30
83 191
87 17
62 190
73 125
53 186
22 136
27 91
59 165
28 100
26 151
60 37
7 81
7 179
82 118
71 92
50 33
34 41
80 74
52 174
94 127
24 166
52 31
68 84
60 144
35 59
53 117
24 13
17 30
64 109
95 195
9 10
32 200
99 132
51 167
57 131
93 110
27 188
1 59
85 76
16 103
41 164
8 163
59 144
27 110
42 137
20 38
57 60
79 12
51 74
56 25
92 30
92 26
72 95
13 91
100 187
6 90
70 168
87 97
23 49
64 29
21 156
7 67
33 196
20 36
77 73
4 171
23 24
97 91
1 144
57 184
18 127
33 106
74 135
61 179
1 107
23 156
63 136
28 91
69 138
100 193
78 57
63 149
51 71
5 52
10 106
64 123
21 104
57 87
65 76
44 105
40 95
84 77
57 79
14 45
44 23
46 67
12 137
64 105
72 195
93 20
81 10
17 143
99 189
68 80
35 192
92 42
95 27
35 125
4 137
71 43
76 127
10 196
36 184
52 62
60 117
40 137
77 134
51 40
65 136
50 104
82 116
71 182
18 48
53 50
80 30
30 11
31 136
21 61
94 179
37 58
34 96
24 98
38 157
25 31
19 134
93 199
18 97
57 55
56 38
86 95
31 145
87 163
94 167
13 117
99 64
94 91
47 184
54 165
40 40
89 193
93 113
93 166
90 26
96 175
96 176
88 162
56 33
81 111
55 193
61 130
59 169
61 154
48 121
78 143
61 69
29 126
39 170
94 63
76 36
1 15
18 83
69 41
24 113
52 142
62 65
97 36
2 187
89 78
85 124
24 30
7 148
12 61
8 117
26 14
100 85
17 30
91 54
89 36
62 200
42 180
88 39
31 161
47 60
85 46
68 27
19 155
43 152
97 82
65 156
86 199
18 156
8 200
81 116
64 160
96 92
77 157
58 192
44 140
67 186
8 141
70 79
39 131
83 116
54 45
96 101
6 154
26 15
24 137
4 30
22 112
57 42
92 158
94 142
7 65
100 85
65 185
3 84
42 159
90 145
53 77
54 107
69 170
34 158
83 111
82 162
70 114
30 39
31 75
27 143
52 138
59 22
49 146
18 26
22 188
32 147
49 63
92 137
16 83
69 27
38 195
53 68
13 49
86 118
99 179
19 189
74 71
77 140
86 68
82 163
56 97
49 68
45 99
40 177
94 167
40 81
57 136
82 39
74 32
42 57
85 47
47 114
92 50
64 58
24 185
88 134
70 19
74 136
55 106
69 135
1 191
30 194
82 32
24 168
79 41
8 102
30 136
14 190
34 108
94 180
17 176
36 21
91 156
69 69
33 49
90 114
65 174
56 177
14 193
90 89
35 33
69 117
81 183
7 35
85 99
98 41
73 139
38 28
29 174
8 26
13 71
52 179
26 90
46 70
68 94
59 60
74 72
45 150
80 52
84 125
53 196
95 77
80 128
14 24
32 180
81 128
6 80
75 104
55 121
99 76
53 146
3 40
97 178
86 196
34 92
18 91
7 70
29 46
99 66
94 190
83 135
50 10
17 28
64 154
64 39
48 69
24 68
53 107
69 187
57 18
33 119
57 191
25 121
40 114
48 141
18 182
69 90
10 188
16 21
80 126
62 103
10 91
62 82
76 23
30 94
43 94
44 192
48 140
