400
14026
27 121
59 70
20 145
85 56
94 122
6 98
77 187
90 164
62 79
11 86
17 146
69 67
13 145
66 34
9 112
77 102
52 178
88 51
19 93
2 157
79 12
75 27
1 163
64 103
27 168
46 180
23 142
51 188
80 15
24 148
95 113
67 35
61 175
91 85
46 16
47 80
50 35
11 12
72 182
69 24
35 81
55 169
86 97
31 133
89 14
25 193
17 22
42 17
3 26
70 51
32 32
79 195
96 72
48 132
4 161
30 104
37 185
82 100
30 111
28 82
42 77
48 105
52 27
11 170
82 135
66 183
52 66
58 85
71 30
5 109
92 99
6 92
22 48
22 86
16 80
78 95
12 29
7 79
28 123
94 78
50 127
64 192
75 81
23 69
39 135
2 124
87 87
73 18
93 39
56 120
57 106
74 80
100 128
89 131
100 169
46 180
26 195
23 86
16 14
44 113
14 145
89 12
34 159
49 118
87 56
59 124
58 82
99 41
6 199
31 15
7 20
41 151
73 183
15 128
22 96
2 24
20 41
33 14
16 60
8 67
79 47
23 122
34 99
10 156
47 111
79 151
75 16
79 72
4 143
5 19
78 116
45 84
35 23
8 102
61 187
32 103
43 138
57 78
43 25
32 174
88 162
76 44
90 198
48 97
45 154
26 82
41 22
73 106
63 79
49 87
70 159
49 130
89 80
2 65
100 101
95 164
22 143
40 15
27 76
7 57
21 85
3 142
88 41
98 79
93 188
8 31
87 91
24 130
55 14
21 75
12 133
80 18
58 36
68 26
49 181
28 47
12 150
66 24
4 33
31 184
74 99
79 98
1 66
19 85
85 178
8 177
87 80
11 109
65 148
30 106
53 159
59 176
18 70
19 39
76 85
50 106
86 125
18 139
95 15
11 64
54 19
67 120
69 12
53 140
15 195
94 165
95 171
46 160
99 173
95 34
26 147
86 21
30 185
30 53
9 98
90 197
83 69
14 43
41 113
65 90
90 130
27 68
55 179
72 178
33 145
63 151
54 143
98 97
5 36
60 67
74 146
96 56
92 167
46 68
63 66
41 118
88 110
42 57
91 57
57 43
34 101
26 145
24 82
61 157
7 55
47 82
41 183
52 21
61 69
37 33
67 10
24 93
86 96
20 83
22 55
81 18
97 73
67 27
43 66
48 144
19 158
79 79
87 196
28 143
10 26
95 27
93 104
1 168
6 128
65 77
4 199
61 132
4 99
95 40
5 112
19 167
18 24
13 164
22 32
2 35
96 124
50 106
91 144
68 31
41 38
45 78
39 32
49 10
50 60
27 43
15 63
4 25
76 135
100 148
59 73
54 86
35 168
5 45
40 82
81 156
80 34
66 143
71 155
91 55
36 127
73 136
77 67
7 19
81 111
68 96
3 122
57 67
24 41
14 187
58 19
73 13
95 144
29 136
21 103
5 87
79 186
68 125
71 200
82 106
41 150
15 41
89 30
98 21
5 41
24 31
18 144
61 182
23 151
18 46
100 124
19 111
94 65
91 38
85 86
40 145
19 148
55 80
43 53
97 68
22 156
44 21
49 150
15 96
14 109
72 189
71 49
23 56
86 78
41 45
41 134
40 200
48 10
84 25
94 93
62 12
16 89
77 115
57 125
21 66
79 198
96 32
86 157
92 119
15 78
97 102
74 100
92 34
76 126
88 17
6 195
30 160
20 130
87 29
19 157
2 81
91 20
44 141
65 97
14 89
79 161
35 142
5 40
50 182
87 179
73 98
69 115
56 27
91 99
16 89
7 67
36 28
95 98
47 85
59 169
91 26
