400
14303
34 71
88 185
52 142
56 185
5 110
98 184
73 126
83 123
44 68
54 126
81 64
58 154
69 164
13 94
49 132
60 108
40 94
94 59
29 147
41 39
1 166
5 103
30 174
83 160
36 182
24 82
1 173
36 130
37 122
8 23
96 76
97 65
82 63
56 121
64 185
30 165
11 186
54 116
46 115
74 18
55 175
9 134
66 89
15 44
85 27
33 30
56 122
31 157
32 90
4 177
100 11
28 151
5 182
82 30
90 154
80 35
12 10
75 102
11 169
10 81
23 19
13 35
53 143
96 182
9 40
67 72
5 66
8 152
66 196
99 46
65 118
5 139
47 124
97 35
14 77
10 199
43 151
65 42
12 22
28 177
1 40
98 11
7 163
85 116
100 116
66 160
98 78
33 31
91 126
76 190
59 34
60 185
91 187
44 108
96 28
65 50
12 156
48 119
32 171
67 21
18 143
84 47
90 33
83 100
58 154
35 91
10 104
39 190
36 72
32 81
34 120
3 188
72 114
39 79
95 128
30 71
58 56
35 115
83 97
36 137
33 21
25 18
72 102
99 130
91 32
6 174
81 179
70 102
65 94
77 103
82 61
75 176
80 74
41 184
83 130
20 112
10 69
11 50
70 22
100 131
53 24
37 162
73 119
69 135
28 35
62 81
90 186
10 152
93 148
73 93
96 62
64 89
5 189
72 11
98 135
2 31
80 131
76 177
7 157
26 67
63 27
50 57
53 64
6 168
65 71
69 32
25 49
11 104
33 168
79 25
1 68
49 122
90 132
73 130
17 16
13 24
19 155
99 30
32 30
83 186
57 131
17 129
81 169
7 136
61 116
83 60
22 49
16 179
3 13
75 151
79 196
74 180
90 101
75 124
95 59
72 33
43 94
36 146
51 143
36 40
12 115
85 87
79 175
55 114
91 28
65 45
8 70
26 107
84 104
38 91
41 146
9 190
57 65
26 148
82 128
42 143
57 140
21 181
11 118
89 68
90 189
73 146
88 153
71 150
5 154
89 131
39 22
92 147
20 66
16 138
20 193
90 91
57 155
15 91
53 109
7 17
6 49
32 40
89 52
67 162
8 158
99 91
98 197
82 156
100 152
77 83
69 102
20 70
85 105
60 86
80 71
23 157
85 31
10 21
21 17
20 81
65 59
96 175
47 49
72 171
47 199
43 58
1 79
34 92
3 78
65 128
77 22
22 46
83 182
77 38
74 75
41 150
3 168
38 29
60 107
78 75
63 37
84 24
89 156
81 123
28 172
21 130
85 158
63 40
93 84
53 39
93 99
10 113
60 109
38 104
81 40
22 157
49 25
97 93
88 119
72 190
33 151
43 67
65 108
92 158
78 21
98 89
44 131
13 164
6 73
80 56
96 70
26 199
85 56
45 50
42 144
95 183
52 143
28 25
42 155
94 99
57 43
70 177
8 112
89 100
82 121
86 192
6 11
94 156
87 152
10 130
40 116
57 16
21 174
89 103
69 109
55 114
97 106
31 178
70 58
41 39
10 71
72 132
47 14
12 12
92 61
7 93
89 23
28 55
11 170
1 69
67 137
76 166
61 15
29 62
38 24
63 108
16 109
56 148
11 68
38 82
33 60
97 128
47 178
16 193
8 128
27 200
87 16
85 154
56 58
12 88
54 132
33 160
21 78
59 99
14 81
3 118
32 193
68 54
69 28
32 139
83 184
59 150
47 153
2 122
48 114
28 88
36 194
15 192
56 53
50 79
62 44
98 185
82 138
16 159
15 48
3 75
1 92
33 163
92 61
11 11
68 15
62 70
7 171
33 19
