400
13915
93 176
99 120
98 109
80 183
90 141
72 98
57 55
22 177
58 163
55 153
71 160
85 22
52 176
53 179
9 15
12 28
47 81
80 86
70 21
21 50
73 130
50 70
6 116
56 41
8 168
65 102
85 68
29 161
2 23
13 88
14 142
33 51
12 178
42 175
28 55
20 27
5 58
73 75
27 139
77 114
3 157
100 192
44 169
9 150
28 93
44 29
53 62
71 187
11 129
85 91
50 128
56 64
8 173
89 34
88 135
38 31
84 87
90 179
22 96
30 109
86 18
58 155
79 65
4 179
51 36
16 124
80 137
24 86
64 169
16 75
60 83
45 57
68 31
85 131
15 148
9 171
33 123
15 164
5 120
39 86
75 54
10 17
62 156
6 165
76 65
77 40
26 12
88 158
78 171
65 187
39 142
98 58
92 90
91 48
20 189
81 54
37 120
20 116
65 150
22 191
14 199
51 67
48 98
10 19
17 18
12 161
58 113
17 89
27 198
73 49
77 38
64 115
42 110
83 120
66 70
4 52
81 23
80 31
48 113
62 75
40 186
8 48
77 110
36 99
77 95
36 99
24 168
99 105
2 119
73 124
25 39
45 72
67 26
75 64
49 50
8 55
59 154
4 184
64 129
58 166
87 160
52 187
17 145
84 186
65 10
41 21
11 156
82 57
28 166
99 125
27 94
3 78
49 107
5 16
44 102
59 10
99 198
91 24
77 142
32 155
54 51
14 48
30 13
53 120
49 96
36 67
27 42
28 194
92 100
33 161
16 199
22 23
48 147
43 14
25 78
60 112
78 55
78 79
96 111
74 116
37 97
39 106
85 179
3 16
17 63
100 196
49 51
28 193
11 41
34 187
56 58
94 111
64 176
14 58
6 137
6 95
88 175
67 53
17 77
42 35
79 169
64 135
94 199
51 89
65 66
65 55
2 130
38 27
46 21
27 134
60 88
36 125
92 63
100 106
17 178
100 156
31 147
99 112
77 158
1 184
93 60
45 55
28 190
57 119
85 185
20 30
83 164
46 179
16 51
43 16
14 161
55 118
42 99
32 113
9 60
66 31
3 73
48 106
18 169
28 93
45 189
65 17
91 78
99 159
9 59
3 192
46 92
87 184
5 71
10 37
76 44
18 71
97 168
59 128
92 173
100 200
93 172
20 173
65 179
11 166
2 97
64 49
89 70
85 90
88 172
33 172
52 180
5 106
46 143
51 152
13 134
21 65
65 139
39 103
62 95
42 156
26 128
29 187
99 185
56 168
75 22
5 88
80 47
8 57
24 20
44 110
31 191
79 127
50 104
35 180
34 138
71 25
13 162
62 102
24 112
64 164
55 85
58 59
82 173
92 73
40 71
100 169
12 189
13 48
41 65
26 13
93 34
93 38
29 136
95 113
8 158
63 33
98 38
100 124
45 87
15 58
28 89
99 170
99 108
25 109
100 123
40 145
72 40
93 151
87 35
35 156
82 40
68 148
81 167
30 160
25 136
32 65
50 98
49 182
72 171
73 156
2 47
7 27
39 145
53 69
90 167
43 115
39 77
17 50
95 191
71 73
25 105
58 125
37 118
82 164
27 176
64 188
81 122
1 183
8 134
25 110
50 156
3 78
94 101
69 49
8 151
84 43
5 73
27 168
54 43
73 169
57 30
22 28
56 124
74 67
99 26
45 115
42 199
65 38
40 23
96 27
7 61
89 127
55 172
10 145
5 92
60 37
58 75
65 64
68 130
42 114
95 36
10 131
39 71
90 81
73 37
11 144
98 104
66 103
2 109
25 53
52 31
78 13
29 138
45 112
