400
14224
17 171
28 65
75 151
45 39
8 37
7 121
84 47
36 14
78 165
4 67
28 114
79 130
62 176
42 39
45 47
58 84
88 182
63 19
93 41
69 128
96 61
49 113
22 168
78 181
27 192
97 103
99 193
89 110
50 145
38 34
51 41
63 112
95 44
86 25
2 110
47 87
83 42
89 140
66 172
48 11
76 69
25 161
13 198
83 28
4 80
73 71
36 95
93 119
5 165
93 16
46 34
98 107
77 117
83 34
39 188
96 137
44 81
12 78
24 179
92 136
39 40
63 194
68 149
31 134
52 72
52 20
52 47
87 110
91 43
61 41
57 129
35 54
8 167
73 197
56 63
74 145
77 30
53 42
64 108
48 72
19 167
4 59
49 161
99 113
56 181
23 60
55 180
93 103
16 61
11 142
48 104
91 33
18 187
79 192
69 82
42 27
40 189
5 21
93 59
81 75
20 60
49 146
73 166
4 190
41 193
74 112
13 140
83 199
22 127
83 25
15 142
43 14
70 180
65 12
38 122
16 86
69 144
64 73
51 182
91 101
24 176
36 19
79 34
2 78
38 14
95 59
10 37
36 30
71 59
41 126
99 76
72 24
36 36
11 152
88 96
85 189
70 154
54 200
53 80
44 116
47 20
56 39
29 130
41 139
65 185
10 106
78 118
81 133
34 72
86 156
9 128
35 25
21 123
36 152
53 99
29 110
56 171
26 151
28 19
12 112
9 134
1 145
71 27
90 118
69 115
73 77
96 111
57 95
89 11
91 183
71 29
91 137
94 109
18 102
48 87
4 43
30 188
16 61
43 192
45 114
91 27
47 130
31 16
77 125
67 15
85 129
4 169
16 142
69 17
23 173
57 166
45 138
87 84
2 173
86 51
44 165
14 198
79 109
99 117
2 68
92 177
85 36
13 41
78 16
24 108
61 139
80 175
82 148
89 99
9 172
34 168
27 55
74 130
2 94
98 127
95 11
93 33
10 10
54 156
35 54
56 135
22 162
58 167
35 72
45 143
9 78
75 187
31 138
66 128
82 119
22 74
80 75
90 152
59 110
33 111
18 178
31 146
35 125
1 51
18 123
66 57
94 144
10 42
86 23
5 95
51 58
41 148
36 184
80 143
57 187
35 161
84 114
61 106
21 176
76 67
76 49
99 16
30 177
16 108
74 179
76 101
47 177
55 189
37 19
65 67
78 143
75 68
55 59
81 195
85 91
74 170
82 19
16 28
6 85
52 17
24 56
10 148
8 195
49 55
76 180
75 38
76 134
26 104
24 195
88 162
81 38
26 163
55 96
31 127
26 49
64 49
83 74
35 186
83 157
16 13
29 97
35 180
1 48
72 82
54 123
74 120
19 170
93 83
34 123
76 27
94 196
47 33
8 138
67 88
94 187
91 97
12 200
19 93
28 76
27 164
32 197
27 15
52 76
100 185
75 112
4 52
55 76
95 69
44 107
74 70
5 161
40 68
74 73
56 33
53 173
86 81
24 107
29 155
93 125
55 31
4 90
48 194
21 142
4 93
21 32
73 109
58 149
71 57
80 111
15 63
24 34
46 123
83 128
9 28
23 191
1 50
95 68
8 54
45 157
81 116
31 62
5 193
8 30
95 87
34 110
45 147
23 76
53 165
58 179
5 93
25 67
58 97
1 35
98 162
96 178
87 71
36 114
41 143
24 65
5 95
92 25
4 136
86 54
19 85
56 41
77 142
3 131
100 95
9 78
17 178
76 195
92 145
42 172
70 69
86 54
17 161
13 140
25 124
85 28
70 115
3 40
31 53
36 74
18 176
51 145
