400
14403
90 191
16 166
70 177
76 40
7 124
20 69
49 33
81 115
55 131
54 113
54 93
10 69
92 125
87 27
5 25
62 153
84 10
26 161
45 64
9 12
41 69
97 140
10 40
10 126
25 10
38 118
45 157
88 189
70 28
23 85
91 192
73 98
96 183
79 196
52 53
26 124
25 82
26 152
31 63
94 149
82 192
28 102
39 92
26 184
19 176
82 178
78 12
16 14
97 132
83 166
48 166
94 195
55 163
59 12
60 119
90 151
29 29
63 114
28 17
54 141
87 21
9 76
56 65
80 66
52 23
44 71
57 163
40 67
72 94
34 63
50 55
59 126
56 63
4 54
96 33
30 163
33 107
50 161
74 61
33 131
36 95
100 167
87 83
21 167
28 149
32 70
3 60
43 14
36 20
12 142
96 175
61 125
99 168
40 117
82 179
33 31
57 130
1 148
39 121
69 194
37 138
45 19
70 71
77 188
50 58
95 84
64 134
34 104
98 195
12 65
54 172
8 186
62 98
83 134
71 111
58 71
54 137
2 183
60 45
94 94
20 166
75 91
91 160
87 50
50 178
3 43
54 177
47 89
48 160
88 124
56 66
51 173
31 126
5 140
22 73
67 122
72 136
24 30
31 11
95 121
23 146
78 35
79 49
55 61
45 147
83 111
94 139
80 177
11 162
15 111
23 32
43 114
99 180
22 50
78 50
96 80
34 20
50 50
50 25
29 72
18 106
24 184
18 105
91 67
93 39
62 105
99 23
16 146
65 11
88 92
63 186
29 113
48 152
29 182
78 110
89 116
35 131
10 152
49 177
26 137
34 53
95 46
10 166
86 46
98 106
30 120
36 10
17 139
41 146
49 151
76 196
32 140
54 118
87 105
58 197
76 92
26 105
52 193
63 29
62 37
29 83
64 185
56 25
57 160
58 81
38 154
47 76
41 183
73 139
52 116
63 161
65 16
6 111
88 54
41 90
51 122
28 33
54 70
74 59
55 48
34 27
60 57
20 178
20 80
5 172
95 123
36 76
10 49
48 73
3 81
92 159
92 18
69 116
28 101
19 109
73 199
19 44
3 90
64 86
84 130
15 62
40 83
57 190
5 28
79 126
37 136
39 24
68 121
4 41
5 198
77 84
16 79
51 190
36 65
40 92
68 185
75 177
31 130
59 180
83 129
79 60
69 169
40 111
73 164
65 72
3 103
79 72
35 130
45 68
14 104
42 135
99 92
89 196
17 45
35 46
9 128
14 147
74 145
62 169
55 42
71 193
61 130
71 82
67 39
28 92
50 80
71 63
84 76
34 121
79 64
31 149
47 55
43 111
88 90
25 73
4 53
70 32
34 40
9 114
89 166
84 192
39 185
96 141
57 183
69 177
52 43
95 100
51 34
57 164
36 140
47 168
34 62
72 198
8 155
18 83
16 115
51 53
47 23
55 20
52 56
63 80
96 157
26 35
39 181
3 189
61 138
52 113
93 178
35 168
85 32
87 81
6 73
28 34
43 158
37 56
25 54
85 57
61 145
66 164
88 68
29 28
18 11
94 131
74 163
28 74
95 125
30 105
16 53
31 184
16 98
4 122
7 31
20 82
100 84
92 40
12 155
18 21
67 59
41 177
59 164
53 188
64 64
72 119
56 192
58 133
19 64
97 24
6 37
46 103
69 98
64 108
61 121
45 173
38 121
66 185
55 179
47 97
23 114
15 166
99 97
5 128
99 148
81 73
32 195
30 16
88 67
65 109
100 109
22 135
88 189
2 141
64 82
34 167
68 195
14 40
96 12
97 86
60 18
73 16
90 35
