400
13505
60 138
21 55
74 85
33 178
65 134
67 30
36 170
96 125
22 20
23 14
12 55
74 173
57 147
35 151
58 42
30 20
19 39
84 141
70 149
66 83
100 181
72 22
29 176
52 139
1 151
88 13
80 88
75 19
24 168
17 119
58 57
95 12
39 143
72 37
70 173
91 138
12 145
6 83
39 196
78 181
83 139
45 12
52 39
56 28
73 43
27 16
96 197
23 65
4 110
30 109
19 188
71 164
56 165
58 132
34 57
87 134
17 154
68 40
60 113
5 42
50 20
73 22
5 173
4 49
74 145
41 66
33 67
51 31
39 156
61 139
54 151
47 131
87 49
9 99
64 192
90 103
18 197
78 161
14 192
23 191
5 155
63 63
58 157
65 106
68 98
34 13
65 95
71 137
65 148
30 156
35 166
70 189
70 20
94 186
57 131
41 108
90 185
9 81
33 97
14 15
85 13
26 177
89 69
45 67
99 117
95 174
50 25
9 54
45 178
43 195
72 120
38 142
62 130
28 159
93 112
84 57
27 83
15 57
33 188
47 184
99 194
92 87
75 184
46 21
99 122
41 169
31 145
68 162
24 136
23 39
77 106
25 164
72 69
23 115
88 78
4 126
66 132
24 195
58 44
66 159
82 72
62 41
64 101
86 102
35 91
77 48
84 100
73 172
7 26
85 83
30 92
41 122
4 112
19 170
8 34
15 33
68 174
74 33
9 198
74 48
22 192
12 65
26 180
35 133
87 120
29 173
94 78
70 80
91 134
12 197
88 163
32 87
94 147
22 182
62 109
53 170
58 26
50 96
33 63
12 14
12 29
5 11
48 160
60 90
25 46
44 156
89 148
18 160
49 80
79 132
46 177
90 196
53 61
24 82
52 100
90 18
92 112
38 157
39 23
60 139
28 145
40 171
24 67
15 11
71 189
46 34
87 36
80 63
19 127
75 177
97 166
64 103
41 70
22 27
37 33
2 97
30 129
96 160
94 97
36 48
2 17
20 176
5 54
39 119
47 117
1 57
4 178
39 116
50 130
39 111
58 76
41 65
7 143
51 178
85 15
97 41
40 23
9 196
8 183
65 15
59 153
1 42
21 34
52 83
88 111
21 21
79 57
98 28
97 187
64 136
33 82
98 144
55 129
16 78
13 117
7 199
66 120
64 104
12 33
77 162
87 53
30 72
30 31
26 67
78 77
75 132
11 153
10 97
4 92
72 162
58 85
5 10
6 178
52 110
1 135
56 172
56 64
92 30
89 66
79 73
19 71
81 155
98 179
12 154
2 72
39 70
46 105
39 81
90 81
33 60
12 95
3 135
71 20
42 59
42 137
9 12
88 129
79 12
63 73
27 11
3 167
52 86
82 52
49 13
25 45
5 24
71 151
41 187
3 185
25 161
48 127
63 73
43 33
38 166
28 17
18 30
29 138
45 111
37 104
62 168
40 32
69 75
90 99
9 170
18 178
5 111
76 48
13 35
73 59
35 118
54 135
77 71
8 14
6 119
9 88
88 60
98 21
95 115
14 78
4 135
13 179
32 170
45 184
75 44
27 198
16 182
1 28
73 59
66 129
20 102
10 160
30 112
11 29
39 84
59 112
91 122
26 103
23 185
28 114
72 36
85 137
23 44
8 164
94 69
26 116
44 172
47 195
57 199
28 158
47 50
99 32
49 99
87 72
90 54
65 136
82 185
27 76
47 134
54 71
53 35
58 13
61 155
36 125
95 25
44 19
12 112
57 70
87 138
32 171
87 96
44 51
29 191
37 11
50 176
36 104
81 131
42 141
73 108
2 145
75 109
