400
14564
40 120
99 25
50 146
81 66
89 26
54 148
74 185
83 130
18 48
77 166
4 149
1 57
12 85
67 165
63 177
6 64
65 58
14 111
71 169
66 179
54 23
37 175
68 48
84 180
55 111
94 196
73 120
23 28
68 123
88 124
35 11
42 31
92 97
92 75
30 124
97 77
79 96
47 29
32 58
93 177
94 47
71 172
93 60
68 190
56 50
14 19
68 24
88 123
32 48
85 188
89 157
40 26
49 83
32 153
85 121
55 93
24 113
28 152
75 87
15 154
30 181
77 87
82 61
99 32
71 126
84 24
45 155
29 18
13 96
72 72
1 131
82 127
80 14
71 44
58 50
96 53
43 59
85 48
72 158
92 156
28 163
88 200
76 170
75 20
88 151
80 109
89 184
74 126
61 39
1 139
20 134
59 172
58 66
32 148
89 43
98 193
16 99
25 112
95 171
44 78
47 53
4 166
29 45
63 133
13 71
100 158
30 72
30 120
70 79
62 79
1 30
78 52
81 126
60 132
48 179
63 186
35 198
90 48
24 72
62 63
82 27
35 155
57 126
25 95
81 45
97 62
95 178
54 118
56 198
55 186
12 109
10 16
64 131
55 84
10 63
37 114
23 86
30 118
16 105
73 149
80 95
7 172
61 88
98 28
80 142
26 125
40 188
21 134
44 134
18 48
83 123
85 112
1 40
68 96
83 151
82 35
80 84
70 122
14 12
46 38
34 97
40 92
9 125
83 17
83 187
34 101
78 30
40 171
27 170
52 162
30 136
10 99
54 11
48 145
6 122
69 143
52 23
10 27
13 190
44 40
29 48
94 29
67 56
71 96
95 94
95 140
41 59
87 87
38 61
61 41
65 133
61 67
39 110
40 110
55 92
15 73
85 144
26 120
17 88
24 93
55 81
76 130
47 10
43 141
23 179
91 100
33 142
91 56
67 74
59 149
91 156
79 140
56 135
62 150
57 200
48 36
83 165
22 25
35 183
84 85
17 36
63 172
31 106
68 74
79 103
5 106
71 97
96 170
77 26
4 192
6 109
61 48
93 189
54 15
84 75
68 147
3 58
65 48
9 150
75 165
68 127
2 141
26 90
22 88
66 83
55 111
19 80
10 199
39 129
60 95
72 17
39 155
56 173
53 98
43 90
12 182
69 166
87 65
59 31
14 147
68 48
57 120
81 130
66 188
61 19
30 169
6 176
60 174
63 180
81 146
8 162
7 116
20 141
27 36
80 116
50 76
16 40
84 21
29 123
10 55
26 146
27 107
31 178
96 184
99 149
22 144
89 19
38 159
46 194
85 97
44 192
41 175
80 166
49 75
22 67
56 106
7 87
10 34
56 12
100 52
9 139
21 33
87 75
27 43
95 91
84 181
37 49
61 94
47 105
63 179
28 155
71 148
57 123
91 176
57 32
55 87
44 134
24 63
46 164
37 14
14 83
10 114
56 198
50 129
75 75
5 103
72 57
23 53
28 147
60 174
6 135
12 154
100 74
53 119
82 164
43 130
70 92
17 79
43 154
56 192
83 54
52 129
96 51
29 186
77 191
26 62
73 140
82 137
18 95
51 66
38 32
15 56
6 164
77 124
20 68
45 167
17 196
13 76
74 77
38 114
20 167
34 138
46 113
33 120
82 100
70 64
28 94
62 31
56 195
20 138
64 52
37 26
48 67
26 64
53 47
99 50
75 77
100 19
32 164
35 182
78 113
36 179
21 166
94 57
79 165
25 193
88 190
29 200
51 41
60 55
36 187
80 186
50 14
16 16
79 194
9 111
55 161
53 160
3 80
48 58
