400
14404
12 14
13 134
71 199
85 185
84 135
82 134
73 30
43 47
25 110
88 23
33 160
29 43
82 159
13 100
92 186
87 110
59 18
30 171
1 164
90 75
30 45
71 140
26 160
1 194
70 113
58 95
69 37
99 86
64 47
46 147
95 114
60 183
18 99
85 29
13 123
15 184
47 126
98 71
78 13
62 20
14 130
76 88
22 149
41 93
75 58
12 17
51 43
4 154
97 46
94 81
2 93
25 15
65 107
98 178
35 41
100 15
13 38
72 107
11 108
90 86
71 139
27 111
35 102
30 133
33 186
72 72
27 56
25 162
90 95
35 172
65 147
8 158
13 161
22 89
42 24
93 128
77 177
44 150
2 162
13 200
71 80
35 167
53 172
69 71
57 129
61 102
95 117
36 151
62 74
49 118
72 36
15 52
9 84
78 50
34 31
12 94
57 30
54 82
94 135
30 43
74 154
74 16
63 74
63 12
56 56
86 21
89 177
55 52
94 180
74 198
65 94
59 70
6 125
1 22
1 53
11 152
92 169
49 11
85 100
66 172
84 153
69 43
76 105
5 137
52 63
46 69
47 30
62 160
83 191
45 78
53 89
26 158
54 35
68 22
85 61
16 20
7 171
100 47
88 99
17 54
79 56
65 58
6 66
71 37
52 147
39 103
94 89
8 145
78 15
4 192
35 135
78 159
42 143
21 179
13 24
20 183
86 194
14 130
29 119
62 148
44 120
58 142
70 80
99 63
14 36
30 16
51 199
38 52
76 197
73 41
50 137
36 43
45 69
91 159
37 140
79 198
89 200
28 191
17 184
62 178
38 55
63 181
9 113
28 138
81 132
63 109
62 35
53 42
87 31
81 132
1 60
96 50
73 137
1 142
41 54
67 57
20 103
39 118
18 16
86 109
68 125
10 129
54 44
97 92
7 193
75 135
34 180
42 84
54 29
31 186
57 30
18 164
28 99
29 159
3 172
6 127
35 178
9 130
26 156
59 130
22 25
61 25
31 14
40 142
100 184
90 76
14 94
37 88
6 104
72 170
51 66
31 112
56 128
64 143
48 70
16 163
40 152
55 13
85 60
10 40
96 55
79 185
84 157
93 156
85 155
67 112
73 109
29 55
66 119
42 54
7 47
16 134
73 156
12 177
43 109
88 192
63 175
92 78
36 64
94 40
77 154
64 146
13 111
13 126
80 101
4 67
83 177
52 70
69 98
71 124
55 108
9 168
54 114
68 39
68 163
20 188
93 107
24 173
87 168
52 92
19 184
45 160
94 77
100 45
88 157
84 61
48 42
99 49
54 189
92 96
32 60
16 61
45 29
84 58
72 38
15 50
65 11
18 152
67 75
50 59
85 174
78 104
92 74
46 82
62 160
95 102
12 48
29 144
78 14
75 69
5 163
11 90
14 133
65 93
83 133
95 98
55 158
98 47
4 83
65 91
81 147
88 182
98 142
7 186
80 160
53 79
50 47
66 129
72 112
32 128
44 69
16 113
76 140
87 39
36 49
48 45
76 56
9 117
13 70
39 76
27 79
89 134
74 173
88 12
46 155
96 102
18 13
24 188
7 36
45 189
100 200
11 191
59 98
2 72
31 120
61 191
98 186
65 160
82 137
73 167
70 51
64 177
1 42
3 49
97 181
27 135
76 103
19 57
27 176
94 57
51 75
92 177
34 81
28 85
64 139
1 37
30 102
94 34
60 61
2 95
43 164
16 11
63 197
15 69
31 187
25 154
71 150
50 70
63 45
53 62
6 11
70 131
31 133
89 46
96 11
33 59
55 51
37 51
12 156
22 135
