400
14182
73 20
30 73
5 169
16 56
5 155
66 184
41 77
64 164
50 182
43 15
60 195
69 154
45 193
27 80
42 147
35 31
39 104
90 190
14 170
89 162
76 166
5 16
88 93
16 77
71 20
59 100
82 183
74 118
85 33
97 145
42 175
32 53
61 152
26 125
77 147
29 137
4 168
19 171
98 93
27 18
40 126
56 92
38 157
87 122
81 91
35 44
68 191
49 199
90 70
70 151
53 155
40 75
50 97
51 165
18 46
39 154
65 37
26 138
90 175
100 169
48 23
93 41
43 30
88 141
99 142
66 93
65 188
22 12
53 178
76 127
83 20
99 43
43 60
27 120
25 159
63 174
36 121
26 148
93 192
44 187
89 168
12 63
33 185
73 156
41 193
17 84
33 65
14 60
47 33
69 136
55 85
30 168
57 77
33 65
54 61
1 150
16 60
43 37
12 136
63 33
27 140
69 108
75 135
50 117
49 169
65 58
41 116
28 23
15 129
29 46
77 15
93 156
88 101
20 98
68 177
38 64
33 93
86 107
77 112
19 193
49 74
5 192
98 22
59 141
84 133
6 109
51 70
79 44
67 181
54 92
65 24
4 141
91 119
68 105
4 54
3 62
30 40
6 59
14 78
18 140
100 68
16 172
26 122
84 129
57 20
34 141
88 118
25 68
84 154
18 158
77 176
71 68
20 130
73 177
51 96
57 19
1 164
49 56
72 167
50 186
94 94
96 188
75 192
19 53
55 135
92 185
90 78
33 150
89 14
40 65
64 124
48 97
80 193
36 32
10 11
57 170
12 118
86 15
94 121
59 15
52 82
21 10
39 18
86 92
39 26
25 13
98 50
3 186
82 99
43 94
3 102
55 113
22 132
79 14
18 116
68 78
56 58
36 89
10 92
97 134
37 112
60 19
5 107
98 200
20 157
86 157
8 142
60 43
64 97
78 136
48 130
28 76
33 87
45 151
81 107
76 133
45 195
36 13
42 84
39 191
30 193
44 121
84 156
68 32
71 192
72 170
43 147
80 61
67 124
33 45
85 52
88 37
85 144
30 121
79 23
39 114
46 54
93 104
78 94
31 70
3 192
84 109
85 63
33 191
32 186
2 40
83 112
59 54
2 10
38 106
100 191
47 155
22 86
32 153
43 184
46 76
1 119
66 124
53 56
69 103
27 156
35 81
96 129
12 38
68 66
89 184
7 46
72 24
60 190
33 127
56 199
11 115
1 160
86 54
45 189
59 143
60 115
9 25
60 134
3 97
79 158
80 74
19 122
64 149
93 31
85 15
54 36
98 176
76 148
68 33
95 101
69 175
97 175
20 166
22 142
88 29
93 187
72 175
73 34
97 118
75 124
64 36
75 178
79 158
37 22
22 59
41 36
80 56
50 60
63 71
70 58
88 176
62 108
17 27
18 162
4 171
27 53
86 39
21 24
84 177
55 45
18 130
91 52
97 168
43 104
25 194
6 181
82 161
10 93
54 47
24 42
9 123
82 55
97 10
12 109
6 138
53 92
67 77
39 193
79 183
3 95
32 63
41 108
100 167
92 20
19 161
60 38
19 192
92 120
43 84
83 102
35 185
8 26
31 164
81 163
42 177
42 92
4 27
44 136
52 117
12 94
32 189
8 115
12 30
35 156
78 122
55 110
43 46
33 107
41 47
74 166
1 165
56 57
76 148
15 113
43 56
19 15
4 180
38 171
79 39
81 165
46 137
53 53
98 14
59 191
60 24
2 98
73 73
15 117
11 153
100 30
33 142
55 52
14 14
20 136
67 111
63 140
6 100
4 65
29 61
