400
13886
54 78
34 63
44 54
23 117
10 91
91 72
75 55
67 24
39 14
50 49
55 144
49 57
81 156
99 187
47 88
4 195
96 154
14 50
97 192
33 81
9 40
48 26
11 148
5 142
81 28
12 66
43 181
3 155
13 15
48 140
85 152
80 151
28 166
33 145
10 191
20 120
58 42
87 68
51 87
51 14
7 57
87 27
37 11
90 143
25 56
3 165
11 149
19 184
50 24
78 110
47 149
5 61
96 113
70 132
52 80
98 57
33 36
73 100
2 161
9 34
8 33
88 75
94 24
83 88
20 130
20 125
9 21
44 15
43 73
1 32
7 161
61 51
4 128
11 200
27 147
38 168
56 75
6 63
53 12
96 65
96 195
92 55
61 183
26 30
57 65
1 190
75 107
51 21
60 199
58 63
76 72
34 164
92 21
96 87
31 129
5 118
86 80
8 58
52 178
45 187
93 171
95 187
67 151
100 160
44 57
21 110
51 81
43 78
100 12
8 190
54 119
17 34
75 110
88 125
91 143
3 73
71 185
55 192
48 91
68 54
100 144
22 171
33 50
58 36
14 136
76 106
36 131
48 79
60 173
15 189
22 25
86 24
41 13
55 24
95 134
92 183
14 118
23 145
51 178
76 150
7 179
17 176
58 138
32 174
60 189
97 129
38 143
72 35
72 37
75 132
71 145
26 54
53 188
84 37
17 102
13 67
38 142
10 41
94 90
48 165
41 143
76 149
6 113
8 60
13 200
27 16
60 59
14 143
39 142
80 36
90 53
17 137
10 115
18 159
17 129
14 111
9 139
24 95
34 76
24 70
100 195
26 109
5 32
63 82
21 181
43 149
15 162
34 104
67 142
83 144
43 28
90 128
16 24
92 107
39 98
16 167
28 97
76 124
24 37
43 81
85 12
83 72
80 83
78 190
18 18
59 126
62 27
50 63
43 180
54 15
60 145
58 85
64 195
14 110
19 153
90 131
63 128
11 146
53 199
47 81
93 35
32 78
7 112
62 63
92 158
92 67
79 154
93 72
34 111
63 76
60 109
37 137
77 17
53 64
38 103
47 109
25 126
65 58
3 141
45 17
51 23
82 24
79 93
48 12
40 178
37 22
71 93
39 134
82 81
72 197
10 175
66 151
72 159
29 141
58 117
22 87
72 102
24 159
8 129
33 126
63 10
60 74
86 56
39 96
49 105
62 87
67 61
51 157
52 146
75 120
42 165
58 108
19 194
67 47
95 13
52 107
87 88
45 71
9 82
20 13
37 93
71 143
63 57
32 98
28 78
76 44
94 90
95 74
36 66
77 27
53 97
8 13
14 157
75 17
36 24
100 138
17 144
81 117
60 151
56 29
4 62
11 141
26 151
62 82
80 152
10 71
45 58
27 171
96 68
45 176
96 17
16 165
74 18
23 17
54 67
64 139
73 81
32 44
52 101
96 195
67 112
18 177
37 186
54 178
59 107
15 120
43 54
40 102
72 34
52 97
30 28
81 151
65 49
61 92
14 187
25 156
97 84
62 83
6 13
87 141
52 137
15 100
67 69
98 81
88 128
48 36
83 22
43 50
62 68
69 200
37 45
74 172
84 160
61 120
50 74
80 67
75 132
65 35
60 33
17 136
9 59
88 56
68 184
43 159
5 33
95 44
74 128
22 196
64 84
48 52
34 54
74 162
38 109
50 44
1 177
65 71
7 58
35 80
24 59
15 60
67 189
41 66
85 66
87 106
13 39
60 197
53 65
9 31
100 107
99 140
94 81
34 57
68 145
98 78
19 119
28 109
22 84
5 165
4 139
67 90
