400
14656
62 59
77 130
11 56
65 197
65 196
62 122
89 167
85 30
41 139
79 81
34 66
37 176
2 160
76 70
30 13
5 173
83 155
2 182
49 70
14 179
83 65
92 83
14 102
46 174
56 80
66 199
93 200
1 41
37 70
2 126
66 115
88 166
51 198
45 80
65 63
29 108
61 14
60 107
85 139
24 91
92 146
86 65
78 144
53 94
13 160
93 125
14 187
3 14
85 107
77 175
90 19
70 99
36 131
47 157
54 136
85 151
93 11
75 21
24 184
84 86
88 34
76 47
14 147
92 79
48 119
85 106
35 26
50 95
13 198
93 120
76 117
64 112
19 66
50 86
68 191
70 92
80 162
41 138
19 56
48 15
15 37
82 51
7 51
35 93
90 126
35 73
54 30
67 51
89 101
62 195
35 146
23 129
2 75
8 121
33 121
64 199
57 132
67 59
24 16
11 38
59 48
50 97
49 110
12 136
69 69
22 84
48 62
46 63
93 116
17 110
44 190
32 146
87 171
77 44
80 52
87 60
40 12
64 103
88 17
61 85
50 168
46 81
10 129
34 101
13 129
9 41
88 184
66 97
37 100
85 146
9 92
68 186
91 95
58 151
48 95
92 135
67 143
69 22
10 51
91 34
37 178
28 42
97 17
88 148
85 189
100 45
96 24
55 196
49 112
45 20
38 78
59 183
17 15
82 21
4 149
80 21
6 117
24 90
95 64
26 85
16 159
2 166
90 138
31 111
57 133
43 38
57 112
96 39
12 17
40 141
19 115
92 129
83 39
72 28
63 177
80 193
42 65
80 112
62 35
62 57
12 22
15 16
48 162
2 150
30 52
90 187
31 112
55 74
66 157
84 20
58 198
94 89
37 155
14 145
66 120
82 185
97 164
10 10
22 34
70 194
3 85
69 124
67 98
52 200
1 26
53 23
4 157
8 68
47 196
55 73
42 28
5 161
48 62
74 146
96 67
11 47
6 45
23 51
84 156
88 175
57 68
80 85
27 65
7 89
16 76
45 53
30 15
10 50
94 49
53 178
83 143
7 152
81 92
97 21
60 195
59 77
97 146
26 36
76 161
46 122
72 49
37 129
18 53
55 195
28 88
65 197
2 140
60 57
56 17
46 198
78 87
75 143
17 59
65 13
77 172
86 49
42 162
62 153
98 164
71 197
62 169
83 127
43 33
81 179
7 151
18 81
15 127
80 54
76 137
52 179
76 177
95 163
25 97
85 173
74 176
78 139
10 84
62 181
49 108
62 12
14 59
53 174
18 13
33 119
91 135
84 133
20 98
62 72
87 93
17 48
56 151
79 147
49 29
91 98
56 49
97 139
55 96
56 52
95 78
81 92
31 135
93 191
16 38
75 117
26 185
10 107
14 41
86 95
14 26
91 111
42 62
84 114
100 171
95 199
89 64
87 79
72 123
20 61
38 197
18 39
49 145
14 78
30 15
15 125
68 156
27 118
43 97
72 143
38 27
59 65
65 161
66 23
53 56
23 159
13 106
27 168
19 31
8 18
91 17
15 171
12 188
77 14
77 153
91 175
5 173
48 70
78 164
66 151
86 124
71 117
41 115
63 53
19 98
1 85
90 180
67 103
58 33
9 134
30 27
33 103
51 135
26 31
67 117
52 175
75 169
66 137
13 95
51 177
89 171
10 19
72 98
18 23
52 147
15 184
51 137
8 56
99 26
96 200
13 43
43 33
86 62
54 103
49 21
28 171
71 104
90 140
74 90
88 37
60 97
55 195
13 71
51 91
49 198
51 46
30 11
56 149
27 191
64 197
38 44
63 104
