400
14172
36 193
69 184
93 188
85 141
65 183
74 133
60 153
73 45
6 76
20 167
24 47
87 183
18 117
21 120
84 181
92 170
33 32
82 53
70 163
76 153
74 149
53 169
88 112
92 56
35 93
34 75
15 170
56 140
71 11
71 33
92 57
48 132
69 162
31 76
18 187
52 156
68 57
82 19
11 48
92 176
24 20
4 38
69 64
67 47
93 51
21 191
64 137
4 93
23 73
92 171
13 199
70 40
56 188
50 34
74 58
76 125
28 65
29 127
78 52
30 156
60 143
19 198
47 12
31 173
44 57
45 59
22 42
45 180
7 18
35 160
14 19
98 50
53 17
83 139
83 194
29 46
64 10
71 15
81 71
83 59
53 128
20 194
12 183
47 130
30 89
94 137
23 143
82 174
72 177
54 181
100 132
24 61
48 74
15 146
11 106
15 10
56 23
94 18
55 51
64 46
23 111
75 181
67 33
95 30
96 175
55 150
69 41
48 158
48 154
25 84
79 80
56 170
17 196
73 126
87 188
2 147
63 82
75 171
21 145
94 67
30 153
51 110
80 92
62 104
83 76
97 60
61 112
6 192
61 72
33 16
62 97
58 43
73 141
20 75
60 25
26 182
71 33
62 136
22 60
13 156
61 15
66 88
80 140
93 42
40 161
47 149
55 112
19 117
15 170
87 23
65 98
7 47
1 197
83 105
4 120
37 19
27 72
16 33
62 138
44 152
13 90
60 160
64 96
39 97
69 49
49 101
89 47
49 168
27 56
80 91
97 69
74 199
28 162
11 18
78 20
22 85
95 115
62 35
62 62
46 61
36 48
71 166
37 169
68 176
1 133
99 145
60 113
24 114
28 87
17 144
20 87
77 177
29 83
4 131
49 115
20 160
28 137
10 152
99 80
42 129
97 129
51 101
79 90
12 121
24 106
56 166
64 20
60 159
19 149
10 132
47 12
100 109
83 24
86 197
8 22
45 192
71 115
18 94
83 62
5 111
26 177
38 196
70 133
55 188
83 89
40 104
2 154
73 60
59 197
49 128
44 86
31 93
68 194
25 172
92 100
27 114
33 62
36 31
69 29
72 191
74 188
39 105
27 91
83 98
66 76
9 92
64 133
9 185
17 46
40 25
21 114
29 138
73 26
35 77
83 87
56 91
19 135
39 176
51 173
21 172
67 28
72 167
81 107
42 200
77 177
37 110
30 14
61 117
38 97
17 136
35 160
58 69
24 76
54 24
10 151
41 167
18 106
44 170
60 97
58 173
65 198
83 29
28 106
92 45
86 117
35 169
96 154
26 174
96 55
24 48
41 154
50 34
84 183
25 155
79 29
78 13
36 145
100 17
12 103
38 21
35 76
8 71
12 102
56 164
37 81
49 151
28 145
32 62
86 42
79 157
92 47
53 105
48 155
41 69
80 94
40 110
24 83
13 84
75 22
58 30
50 117
73 77
35 34
41 60
29 103
1 53
64 162
24 169
78 137
37 73
61 119
38 108
70 52
99 26
76 38
85 176
16 115
61 23
3 176
28 19
55 195
48 198
6 196
83 108
18 94
71 69
23 179
6 74
85 168
91 123
95 89
82 192
87 170
26 97
35 55
38 65
85 109
75 77
82 143
70 69
29 42
18 174
9 189
83 11
100 119
24 75
79 91
94 132
50 145
47 58
32 14
41 172
86 115
30 18
19 60
57 12
76 22
5 57
35 176
59 123
36 54
65 110
52 75
90 200
2 177
34 187
32 28
32 122
13 193
58 165
86 183
73 12
8 90
43 190
27 37
61 18
86 127
56 84
17 197
54 88
