400
13596
39 17
75 158
97 125
93 103
94 23
10 60
100 127
35 150
98 195
79 176
52 109
9 16
14 18
90 17
78 80
70 20
11 52
76 135
81 171
64 35
3 47
27 182
31 138
59 70
27 40
39 197
80 190
61 181
6 161
20 112
7 149
39 120
48 167
22 35
50 164
47 168
7 121
98 36
98 150
13 77
32 52
32 152
80 30
7 132
66 96
43 133
26 154
70 183
88 67
6 27
16 94
99 112
35 12
7 127
55 161
41 43
32 180
34 151
2 104
46 116
7 29
41 86
37 41
60 115
17 64
70 129
63 171
24 13
63 80
55 52
57 174
49 45
72 48
49 183
63 146
21 24
11 81
53 54
39 108
49 111
99 52
89 62
52 197
57 11
44 200
20 149
38 26
52 45
25 38
35 100
10 31
72 149
60 20
63 26
8 111
16 83
9 136
100 59
13 180
41 126
14 65
23 14
50 185
65 130
34 67
91 24
14 41
78 131
91 72
12 79
56 167
19 66
49 152
25 32
97 173
12 100
37 32
49 78
11 195
77 59
47 155
81 123
39 25
65 198
82 12
92 44
27 94
71 170
71 81
40 75
19 22
73 54
22 112
86 60
11 186
68 129
1 37
12 42
25 41
6 21
68 83
83 103
87 162
64 187
70 114
41 95
59 64
96 151
73 72
7 103
40 25
18 14
89 184
48 194
56 85
76 67
90 11
57 104
40 98
15 75
100 78
55 11
48 10
88 113
21 162
76 113
66 13
50 67
77 139
83 33
45 153
8 167
65 44
35 189
38 68
77 96
49 45
44 39
17 114
1 34
81 88
3 71
30 178
66 26
9 180
41 86
96 161
5 15
3 76
9 143
22 112
59 117
38 118
63 12
34 151
6 103
95 145
8 68
3 150
20 180
57 108
43 17
87 192
49 142
28 42
10 48
54 20
17 88
84 52
1 128
100 100
100 78
2 18
44 172
51 123
86 124
62 20
99 77
31 26
63 24
64 108
50 50
81 146
56 64
83 157
80 159
30 168
91 166
88 119
32 18
61 109
55 178
22 115
67 105
56 149
78 118
13 35
7 90
90 187
95 74
60 133
42 84
1 43
1 131
64 30
47 139
87 74
34 197
63 15
34 190
64 136
48 72
95 63
83 77
94 32
51 100
34 126
84 143
81 145
61 167
31 57
21 152
42 104
76 88
66 161
68 47
7 34
72 103
98 188
2 41
8 118
81 98
56 113
91 24
16 20
18 21
69 61
92 27
17 105
100 11
70 52
91 41
46 76
57 73
70 26
88 144
63 33
48 128
56 169
10 136
20 66
26 69
6 84
76 120
52 104
55 188
38 97
20 161
23 151
2 200
26 108
79 96
98 51
39 142
69 199
21 114
1 14
70 54
20 158
84 84
17 90
69 17
95 109
34 78
18 88
11 56
12 141
23 156
100 169
9 76
68 181
62 173
98 174
50 178
20 177
58 175
66 71
39 32
21 77
5 11
21 76
29 137
63 40
3 199
22 157
84 166
72 57
32 73
61 200
11 34
57 113
56 98
85 58
13 120
37 63
55 195
82 178
14 11
27 16
52 171
36 162
78 52
65 142
60 167
29 40
36 88
16 102
49 61
17 62
6 199
23 91
84 10
83 175
21 185
88 199
99 145
85 39
73 195
90 33
54 66
61 132
74 50
34 98
82 126
91 33
9 17
44 109
12 108
87 31
33 161
46 79
95 44
52 189
21 176
54 130
4 151
62 156
41 164
5 173
30 56
12 184
39 78
3 135
100 191
7 111
95 25
4 151
75 107
34 174
4 77
