1000
35083
5 102
81 112
50 87
35 198
12 183
70 131
42 24
10 123
54 48
74 134
89 79
52 181
50 193
1 156
45 134
91 82
68 112
1 121
5 118
97 19
82 66
97 33
2 164
21 188
33 36
86 29
73 13
90 16
17 121
91 96
6 192
38 17
74 67
16 77
67 123
78 72
74 41
39 64
89 35
44 28
69 168
99 112
100 108
45 102
32 61
94 146
91 157
45 162
15 11
31 121
60 80
20 144
34 106
93 82
94 170
71 56
35 155
1 97
63 33
86 59
4 61
51 152
5 82
70 113
48 71
5 172
65 145
50 87
41 26
92 69
79 129
65 59
6 15
55 110
83 40
25 138
83 17
55 83
20 86
11 43
92 12
78 112
30 76
31 170
66 157
59 91
4 77
20 52
33 188
68 17
74 160
22 170
27 156
22 62
3 50
3 129
48 21
31 105
59 35
91 93
7 175
57 128
16 56
68 111
70 55
17 90
43 56
6 103
73 45
94 120
28 99
84 146
83 141
54 195
69 197
87 12
55 11
5 64
52 82
67 37
81 119
10 31
50 34
32 108
61 44
24 156
29 54
79 90
33 164
55 31
36 20
34 39
38 37
96 123
95 28
31 103
2 117
5 102
6 29
56 165
65 142
95 13
31 58
37 17
75 89
58 170
90 141
68 30
6 199
83 128
54 145
52 110
82 30
60 37
30 136
47 176
77 99
24 138
28 161
97 153
13 81
61 70
12 110
90 147
77 132
59 153
92 39
60 88
77 69
49 57
46 72
14 134
100 15
99 62
37 134
7 20
38 42
75 132
78 99
24 176
32 126
10 10
77 189
69 77
36 134
99 54
40 169
75 50
92 111
93 148
97 147
61 133
94 19
22 66
100 154
65 186
76 18
67 126
82 198
70 30
24 155
96 112
47 175
34 130
15 172
24 195
45 145
5 33
27 31
14 151
23 176
48 149
41 81
16 95
12 168
5 117
38 91
18 155
12 145
7 136
43 110
81 163
40 98
48 37
39 168
93 156
11 135
94 126
55 31
22 170
75 141
89 19
74 54
28 160
74 89
54 147
75 191
100 54
62 83
48 97
15 95
54 11
88 38
83 177
57 38
6 36
78 178
10 148
75 87
100 76
24 200
52 116
94 89
14 193
53 103
5 69
65 180
24 50
77 138
4 80
79 28
36 136
80 32
84 137
33 73
8 118
85 13
89 60
42 90
35 86
48 116
21 160
41 107
29 135
88 138
37 111
66 48
65 100
50 40
84 18
71 54
36 195
70 62
87 19
50 163
27 162
32 186
74 107
57 71
8 77
2 160
1 98
72 71
91 97
98 72
18 196
80 110
60 85
60 183
49 51
60 38
3 193
92 73
58 57
93 33
29 79
7 132
41 114
85 89
68 66
8 83
92 112
40 81
55 90
55 104
41 200
19 12
11 10
4 97
35 188
5 24
41 181
33 178
83 14
40 30
22 139
35 65
18 83
88 180
61 152
53 137
84 127
66 96
54 154
3 108
53 114
8 45
32 124
32 197
20 44
52 165
34 94
16 62
5 112
76 113
87 195
4 143
100 26
81 78
89 44
91 101
78 87
76 52
20 107
61 55
75 99
35 177
22 196
39 172
91 165
73 46
67 86
78 117
51 79
32 21
61 92
33 90
93 78
6 113
56 62
14 112
92 47
50 69
89 102
25 30
67 84
58 78
52 61
16 13
40 44
89 156
20 191
87 100
3 80
3 84
57 18
45 77
96 49
33 112
74 121
70 188
41 15
62 34
61 188
5 38
8 49
26 65
75 39
22 177
18 196
36 21
43 117
55 101
93 33
52 147
65 149
99 117
84 90
90 57
64 110
22 184
82 193
97 117
24 56
70 139
37 44
100 110
19 13
60 11
39 115
43 32
15 194
84 10
26 50
98 180
24 114
2 42
31 197
100 102
21 111
68 105
6 50
61 198
54 14
21 14
31 173
84 10
21 109
67 165
36 37
55 127
71 188
85 139
70 162
8 113
30 181
33 195
84 137
5 168
100 79
69 116
90 186
36 132
10 145
51 156
39 170
54 192
37 25
80 132
61 34
2 149
6 167
26 50
78 120
60 113
11 190
76 67
54 96
26 160
82 146
98 172
26 152
6 57
17 72
11 39
80 178
52 65
59 101
46 200
93 173
42 12
8 86
28 102
61 63
2 61
64 132
92 37
4 149
87 26
1 77
78 52
70 88
17 155
60 88
24 200
38 133
55 160
39 195
45 120
53 45
26 29
17 96
8 21
35 160
72 197
23 31
98 147
53 116
84 155
20 74
36 126
58 18
19 152
85 18
3 44
56 159
37 135
55 52
47 97
10 91
8 137
86 134
67 171
52 188
27 44
4 100
15 193
26 150
64 142
56 188
99 137
89 174
50 84
26 47
82 25
19 43
92 126
1 91
99 117
46 200
10 23
37 195
95 100
41 17
38 86
46 73
23 18
53 157
41 125
91 50
61 184
59 154
77 46
4 117
83 115
47 84
100 182
30 189
41 117
6 163
85 109
70 199
69 124
38 79
45 158
68 191
29 172
25 81
79 18
88 118
19 34
15 17
38 121
2 116
15 194
11 149
39 11
51 32
54 150
20 181
57 188
89 107
2 63
49 140
28 26
9 11
76 132
81 113
5 166
23 146
33 39
76 123
92 84
10 190
79 117
70 104
38 116
100 164
60 195
24 176
2 148
9 132
26 179
22 69
54 53
51 165
48 77
23 169
66 105
91 21
95 153
52 125
24 124
88 73
97 176
71 87
17 150
16 109
96 200
35 197
44 158
95 27
31 150
98 20
69 37
85 178
11 23
44 10
51 192
49 144
85 61
86 182
96 66
59 108
1 69
65 127
23 18
64 19
83 38
14 187
56 41
6 177
5 53
32 159
62 27
78 122
98 154
42 140
92 152
54 167
95 150
38 35
24 151
49 100
30 12
60 196
64 96
56 10
86 84
37 182
50 35
8 90
46 133
63 87
97 101
16 191
1 31
36 115
12 17
90 107
62 160
20 151
59 82
33 161
49 198
18 147
74 22
60 105
73 45
54 93
93 109
36 123
60 19
86 101
37 57
72 74
51 126
59 180
62 39
46 152
83 51
94 19
10 95
54 174
65 39
7 57
2 64
79 18
56 152
96 81
42 52
4 188
9 103
25 138
76 122
64 67
77 169
57 62
81 48
24 109
19 73
55 122
71 12
58 107
64 72
88 24
76 31
42 86
34 132
11 61
95 170
68 36
71 127
99 186
13 189
95 113
24 71
11 139
54 82
22 182
79 35
90 33
63 186
77 83
87 93
36 119
24 108
44 31
15 33
21 70
79 76
63 94
2 55
49 38
38 159
21 118
51 109
28 67
74 75
73 26
63 97
85 172
66 151
78 88
68 41
75 144
65 31
39 84
63 153
73 20
54 159
87 110
16 134
69 10
56 83
79 73
87 41
72 156
31 132
86 91
98 112
69 91
20 183
99 164
20 13
26 117
39 60
84 124
36 154
64 168
66 76
76 56
9 139
59 78
7 158
55 169
33 91
13 122
38 185
90 148
12 190
87 162
89 151
88 15
14 84
51 198
58 115
9 195
28 44
94 75
52 189
13 81
10 40
33 160
16 95
46 112
96 73
13 66
49 72
28 23
40 47
47 183
77 83
48 21
2 93
11 82
52 191
8 171
73 122
17 71
44 15
65 111
40 82
59 130
2 187
52 11
5 128
3 144
9 39
39 163
99 180
46 139
3 168
24 159
67 158
35 91
76 126
89 164
89 22
53 139
95 18
64 37
42 39
58 169
35 55
83 66
27 187
20 109
47 185
100 84
83 86
84 17
28 69
44 197
32 172
46 13
67 167
78 56
35 114
43 117
34 15
98 96
10 148
28 48
38 89
87 35
7 87
17 123
59 47
92 52
36 69
10 199
4 148
49 191
61 101
85 144
8 44
18 145
43 45
5 163
72 171
7 114
4 80
95 67
83 128
35 42
92 21
22 179
5 85
20 127
98 64
73 31
38 137
70 151
82 114
93 94
31 191
56 161
20 34
11 103
57 124
32 37
16 121
90 164
75 49
40 38
60 34
10 92
69 35
89 158
31 22
83 73
100 107
97 78
12 39
51 91
1 158
72 42
70 92
67 127
19 199
3 59
7 34
35 136
32 19
16 15
49 66
67 67
97 119
12 109
96 32
20 44
1 86
56 84
37 57
2 123
76 88
60 145
76 22
29 191
83 38
25 130
62 112
54 44
74 133
33 194
28 60
12 13
37 171
35 59
13 49
86 51
48 111
51 198
88 199
91 42
87 145
34 156
95 174
100 119
32 60
31 41
96 191
33 159
94 56
62 26
56 58
31 113
68 27
3 193
78 80
99 156
19 25
57 59
99 52
8 117
8 113
100 188
54 197
79 165
5 125
93 93
46 157
45 166
60 179
56 195
96 47
32 78
8 19
28 76
12 60
33 151
77 26
76 139
55 39
62 181
67 200
8 164
12 23
41 135
