1000
35478
90 167
90 94
60 176
66 40
52 57
97 52
14 183
23 41
90 143
89 31
55 156
72 127
34 114
21 195
26 40
40 116
55 166
66 198
43 112
8 191
91 132
16 184
3 175
99 47
65 56
32 132
3 149
31 38
12 163
99 67
93 110
11 51
66 37
69 94
37 22
70 55
99 111
5 21
73 81
11 118
91 196
36 114
55 43
11 136
81 182
58 132
33 77
71 33
56 110
90 100
99 176
93 140
37 42
91 166
84 116
46 43
81 76
15 65
65 144
90 175
24 165
52 40
24 151
80 179
90 116
52 179
29 18
50 141
41 109
79 49
12 116
23 100
62 180
87 174
67 16
41 164
55 154
33 116
33 133
53 49
63 117
45 186
29 28
16 132
84 187
23 80
41 152
85 104
72 64
77 186
24 166
83 27
15 71
68 197
32 97
23 132
65 98
59 170
2 98
70 152
77 65
61 144
68 67
87 16
54 117
34 88
52 90
91 171
32 80
49 194
56 47
11 168
62 197
56 41
58 55
74 157
38 70
47 69
68 125
13 101
95 17
28 24
65 52
2 195
81 55
24 12
37 161
60 116
48 175
43 37
64 129
72 91
7 71
54 62
74 25
94 158
47 79
62 104
91 181
80 47
92 159
18 53
89 14
90 52
13 97
92 190
94 134
78 135
24 28
77 65
16 166
57 18
4 66
55 16
21 40
77 72
81 133
87 110
65 106
10 57
77 54
47 11
29 128
77 114
52 61
95 28
66 126
67 73
61 126
44 59
21 110
49 73
15 88
53 189
60 82
50 167
45 154
87 40
54 161
13 44
69 163
43 60
59 165
6 15
20 146
65 75
77 117
73 137
98 198
76 106
96 13
55 117
25 119
78 178
3 162
5 21
98 193
43 163
7 130
48 86
90 94
42 176
6 28
18 80
6 170
3 51
43 90
92 121
70 101
75 75
8 68
27 106
11 80
42 32
87 47
62 161
26 99
62 132
98 189
10 93
26 107
55 122
31 140
23 93
81 163
15 118
92 89
32 126
66 130
7 154
39 17
17 193
63 200
51 187
28 126
64 190
51 183
97 64
93 26
96 101
28 13
61 83
59 67
39 48
26 196
27 116
16 98
16 20
93 14
44 138
88 102
2 104
83 194
39 68
95 69
95 26
49 76
37 114
42 119
58 71
5 98
83 116
61 46
27 151
30 169
53 38
4 14
33 75
86 13
24 69
6 57
3 69
48 158
12 112
38 183
82 148
91 54
10 61
29 195
51 196
25 43
26 122
65 89
29 179
49 115
42 101
51 189
40 84
81 196
78 128
100 83
12 180
10 70
31 162
33 102
76 187
67 118
8 61
33 57
62 173
1 144
35 100
100 32
2 143
42 137
75 125
27 26
59 25
59 107
95 62
42 36
75 110
32 75
88 108
72 131
29 167
32 26
32 194
47 173
75 113
29 183
8 153
99 90
72 178
72 152
68 28
99 51
91 39
17 163
59 53
58 82
44 92
66 92
67 64
23 175
58 85
21 163
16 99
13 139
37 158
71 124
39 120
91 182
66 16
27 30
49 68
3 116
17 188
49 101
28 122
92 173
51 196
24 39
33 40
70 78
17 60
39 57
83 74
41 133
48 140
45 64
74 119
63 43
2 106
79 146
95 42
90 114
58 159
35 105
92 162
57 143
53 195
84 119
29 25
49 90
55 23
51 196
63 128
60 54
29 157
49 85
6 71
44 157
56 102
77 34
29 144
80 190
4 61
18 155
90 46
57 72
10 180
27 69
2 37
87 167
100 42
43 80
8 64
35 51
78 141
42 102
35 15
95 181
55 191
31 189
96 138
65 18
29 107
15 97
46 48
31 146
87 112
41 50
43 158
37 58
56 135
12 104
94 97
89 36
62 86
87 93
93 179
63 143
92 200
56 84
59 195
71 182
71 105
68 35
13 126
2 80
85 81
93 79
77 124
60 115
63 159
1 200
42 136
26 108
55 178
78 67
19 89
99 139
98 29
62 52
80 177
24 155
48 108
17 56
27 124
43 115
23 158
46 131
82 51
17 185
52 199
78 42
43 98
21 132
74 51
91 96
55 56
46 109
55 169
57 80
89 93
36 112
56 62
45 100
99 85
51 90
37 194
40 22
87 24
70 61
69 55
68 19
10 164
48 177
49 88
21 24
35 102
80 34
67 139
83 44
53 160
74 189
10 179
54 118
63 167
5 85
73 111
34 118
77 13
72 41
22 71
53 68
43 140
26 125
84 36
10 89
13 34
2 185
91 127
68 182
31 92
27 56
50 35
38 79
89 54
37 159
2 46
3 195
59 14
67 24
100 79
66 174
53 116
65 172
80 43
43 51
5 146
68 85
47 61
74 163
89 65
88 178
47 36
22 162
13 137
54 189
7 91
93 66
52 48
24 137
50 176
41 119
37 111
12 67
4 30
22 165
81 148
28 21
11 125
15 19
31 66
66 14
49 31
68 47
52 121
91 96
43 109
12 27
15 42
75 148
17 60
46 44
70 15
94 153
18 130
17 150
85 41
87 197
55 55
25 90
34 84
12 23
90 66
22 154
39 143
29 148
1 132
97 52
18 103
10 142
2 189
37 139
51 82
15 97
94 116
4 91
35 16
61 28
34 155
71 95
11 157
79 120
5 192
67 46
100 37
86 199
67 105
17 17
1 172
87 96
16 129
77 113
91 119
98 142
82 113
58 120
97 82
79 53
33 125
57 14
85 64
95 76
3 187
59 161
96 101
42 90
11 54
8 159
23 96
35 155
57 29
33 195
16 24
15 147
12 61
88 178
4 21
91 172
22 71
72 122
26 16
83 137
49 163
92 151
45 123
66 12
75 52
98 82
90 38
10 26
63 157
29 194
44 133
14 182
57 188
81 112
43 60
100 86
49 81
21 197
19 64
6 84
28 121
98 46
23 60
13 59
27 151
68 44
34 111
25 155
75 70
63 100
40 137
70 27
20 115
39 115
22 91
92 75
92 200
47 160
44 16
99 101
89 112
4 18
61 73
39 46
53 66
42 23
28 107
30 111
32 10
14 197
76 126
99 101
36 164
64 35
77 26
49 128
56 181
76 95
67 151
78 148
77 83
1 97
55 112
32 36
65 191
1 79
79 110
9 21
62 181
31 195
77 17
56 33
37 189
10 141
79 13
27 19
88 17
74 142
24 182
49 11
80 50
29 199
96 45
1 180
38 179
62 57
88 200
3 158
77 173
15 67
31 123
17 196
64 82
37 145
55 158
92 50
76 57
74 14
64 106
96 19
72 186
100 47
73 190
59 34
85 183
88 52
3 56
93 118
49 151
83 44
45 47
57 159
61 150
52 147
45 143
13 194
72 138
16 117
64 127
60 154
24 50
72 142
59 71
26 172
3 133
4 158
67 121
87 14
15 32
4 148
99 10
92 90
46 181
46 122
80 75
3 32
98 151
17 114
11 128
4 130
21 142
48 85
76 111
75 99
66 154
4 180
2 59
22 169
96 52
25 25
74 76
21 77
91 41
98 50
64 64
61 193
59 160
87 161
49 50
66 36
51 15
45 39
86 164
36 100
44 112
55 49
35 193
82 120
6 177
42 25
99 65
99 137
26 71
55 34
28 22
9 109
6 196
62 197
26 48
11 10
55 107
77 97
32 76
53 41
63 177
2 133
38 21
33 117
96 144
8 194
8 43
11 156
21 195
33 171
41 64
33 180
94 163
75 65
9 41
98 105
90 174
44 191
39 125
37 141
77 166
45 45
16 166
34 138
39 181
4 57
53 23
78 46
73 82
81 185
11 136
47 157
72 31
82 167
81 158
16 53
98 173
48 68
42 157
93 170
16 80
2 167
50 195
41 47
42 104
16 167
81 159
85 49
2 130
24 94
73 27
68 112
64 20
96 155
63 159
6 128
20 91
75 193
15 176
94 90
65 161
28 85
73 135
20 64
79 25
71 136
54 135
83 148
15 165
85 121
9 159
38 64
98 65
9 103
54 104
87 102
33 27
71 67
39 35
71 104
13 195
18 141
21 133
26 91
62 150
28 13
32 62
97 186
76 131
84 185
88 130
77 73
78 61
76 193
35 140
29 16
79 124
15 104
48 178
60 39
31 13
60 118
15 97
30 123
32 171
96 149
53 141
7 75
11 168
65 158
99 73
50 200
75 67
33 125
25 198
52 147
69 160
26 190
79 113
60 47
1 172
23 48
56 29
97 158
60 124
58 100
51 10
10 122
30 92
76 128
94 131
15 79
70 164
70 103
34 156
35 126
51 183
65 71
41 10
8 28
46 21
25 39
57 168
94 160
18 132
12 28
9 77
40 184
60 19
1 96
29 131
13 112
89 193
11 45
11 166
99 135
45 169
22 106
24 189
53 10
15 185
50 39
84 94
61 123
5 147
80 156
47 173
51 125
43 12
92 113
63 33
62 56
91 168
81 144
58 46
83 56
70 177
22 102
70 96
7 191
73 34
63 146
88 102
48 48
75 195
62 159
73 76
58 200
71 102
