1000
35534
47 68
71 126
10 132
62 19
94 159
3 81
65 46
51 77
83 72
83 173
61 135
3 40
100 41
47 131
23 51
32 23
87 37
65 14
31 178
98 187
71 149
20 64
80 185
15 100
69 183
37 136
51 169
27 88
60 102
99 184
43 38
32 153
16 55
56 156
27 127
91 90
84 127
21 194
89 67
68 23
61 200
38 13
50 132
31 12
43 59
49 168
92 141
2 171
72 142
64 151
100 170
42 61
24 132
74 64
51 129
70 187
36 148
92 37
46 130
93 184
100 45
33 105
95 47
48 155
63 135
51 149
81 69
85 69
34 133
95 38
67 14
39 159
24 50
94 196
58 163
39 184
51 86
36 56
9 105
21 132
93 152
21 135
22 175
78 48
15 83
98 171
16 74
80 200
70 78
18 93
38 47
44 130
55 91
17 151
10 81
36 14
2 176
62 113
77 199
79 50
6 168
54 139
61 184
52 166
20 77
83 144
99 11
40 141
70 106
67 166
66 48
54 80
71 196
95 138
41 28
45 97
2 23
9 99
50 141
30 163
6 65
33 186
19 147
66 141
83 132
45 60
49 48
75 10
52 56
55 101
78 23
6 56
44 54
10 78
96 48
96 179
82 114
95 174
65 136
34 97
33 15
57 61
27 157
1 186
60 46
79 129
4 114
71 167
48 192
84 102
55 187
30 125
35 55
48 17
95 125
36 23
94 54
7 186
1 101
11 19
83 45
31 160
72 90
8 68
6 187
37 187
73 105
35 186
55 96
74 165
83 168
56 34
68 137
88 67
23 33
100 69
61 187
27 137
94 26
48 189
21 193
98 119
40 60
52 62
91 116
22 187
11 45
35 161
22 183
59 129
46 92
32 45
80 73
10 139
76 187
74 112
21 34
82 48
8 152
14 41
42 65
43 196
96 129
39 36
42 62
46 14
75 177
63 25
39 72
9 175
92 118
29 77
6 93
2 109
19 92
93 11
60 184
52 83
84 150
75 52
30 55
33 82
34 26
67 37
31 25
55 113
59 65
4 199
71 117
96 94
97 93
82 106
74 37
51 69
68 159
12 97
19 27
86 142
38 83
38 191
87 46
88 23
65 63
54 172
58 37
10 56
44 113
69 64
19 45
82 10
81 141
54 150
32 101
56 134
92 188
1 126
49 57
10 93
89 19
91 117
96 28
89 14
7 23
50 24
8 102
45 36
13 117
15 168
51 40
21 131
74 10
88 148
98 79
30 197
77 128
1 199
63 110
26 16
51 38
31 29
89 130
38 123
3 38
42 120
44 131
6 187
64 167
29 160
9 29
66 168
9 188
40 46
30 131
19 66
90 170
67 26
51 192
70 46
52 169
46 64
89 15
37 95
46 126
4 95
69 72
29 117
24 13
58 189
39 52
86 26
39 124
100 89
24 65
91 177
10 124
81 198
61 159
84 115
61 30
21 41
15 112
58 116
35 81
99 61
53 53
91 150
19 130
22 186
9 88
93 179
90 99
27 175
22 140
28 98
37 79
38 163
34 15
60 123
98 32
27 106
48 162
26 58
76 124
39 176
20 134
39 79
56 188
21 117
59 130
20 154
53 13
24 113
92 121
76 24
80 72
27 77
74 97
98 71
59 46
70 103
53 49
48 180
26 185
97 131
40 154
65 93
100 153
61 156
15 10
63 117
71 46
42 99
50 155
82 21
18 21
38 156
52 121
20 117
64 135
71 180
14 73
96 20
68 75
80 65
1 32
9 187
2 69
75 26
40 24
72 46
50 127
92 160
23 151
13 183
79 33
33 186
22 193
79 105
26 169
47 107
97 144
46 155
6 168
27 34
61 168
4 195
69 44
32 63
30 94
50 81
13 85
86 91
60 120
98 156
33 68
74 186
82 168
13 102
80 147
5 81
65 179
70 107
28 15
62 156
46 51
2 144
44 120
92 166
49 158
80 81
41 158
85 118
38 32
12 132
96 176
63 32
57 89
7 180
55 155
41 182
86 114
78 158
62 130
67 122
60 178
93 172
29 145
6 170
17 96
4 187
12 80
19 171
89 173
80 129
57 118
62 87
87 145
97 92
75 151
79 187
41 86
92 161
26 128
10 51
94 123
15 88
26 117
93 97
87 84
37 191
23 166
35 46
83 161
75 148
84 140
96 39
7 42
30 11
73 72
86 79
24 55
70 100
38 67
30 105
56 106
56 94
1 119
98 24
17 90
88 40
85 128
40 79
23 188
19 54
63 65
64 36
73 195
40 185
54 199
44 178
19 26
66 102
74 84
25 146
52 122
46 75
41 193
89 178
52 122
64 193
29 119
58 12
70 140
18 172
90 167
43 138
28 114
70 19
9 20
63 29
16 57
50 135
82 132
83 198
7 169
34 169
6 181
77 74
15 180
7 147
28 158
78 80
12 116
17 72
9 131
76 62
49 11
62 70
75 95
80 80
51 118
12 25
40 79
44 20
17 103
39 20
66 170
70 50
7 155
1 133
31 87
8 128
88 113
43 96
20 158
18 184
11 123
89 129
77 51
81 61
93 91
99 99
20 198
65 199
6 26
1 68
12 40
51 79
42 46
23 122
22 93
25 45
42 38
25 42
88 64
15 57
83 163
97 67
27 81
66 182
99 30
39 133
58 75
47 138
16 41
30 34
81 180
30 59
96 143
59 193
86 103
40 61
43 183
20 108
89 66
86 186
42 186
93 13
46 123
75 182
21 14
45 59
60 110
33 56
48 115
91 116
73 199
94 182
37 139
51 62
24 81
91 42
95 35
18 22
84 32
86 110
30 154
28 171
79 80
67 35
26 162
3 53
78 93
10 44
19 19
68 152
64 96
55 164
9 68
26 168
85 94
21 43
29 20
65 155
74 171
22 87
98 198
61 89
27 168
68 35
12 163
96 124
46 159
100 199
74 120
74 45
100 10
73 67
4 64
83 42
91 195
62 179
59 43
52 160
3 108
24 62
69 60
48 145
60 185
67 62
12 145
10 35
64 38
33 22
26 127
85 64
47 118
1 84
79 147
1 77
41 154
43 88
47 101
24 120
91 168
52 28
39 63
27 88
3 193
81 157
80 167
64 24
14 191
77 128
56 88
25 45
11 97
2 88
43 64
93 193
10 164
78 153
64 77
77 181
55 96
62 109
76 63
26 92
81 128
77 173
15 84
67 50
30 99
9 71
56 169
25 44
68 118
46 85
68 61
89 91
43 130
4 101
16 125
90 62
39 89
68 182
25 77
66 122
75 15
82 89
14 11
24 139
31 26
1 116
8 190
50 82
71 188
28 61
47 105
14 38
38 143
80 162
61 121
7 41
12 164
43 124
15 68
96 58
21 144
89 139
5 47
94 122
77 107
91 23
57 62
76 151
66 193
83 163
79 64
8 106
34 22
81 153
39 123
26 107
5 191
31 42
61 143
43 41
93 178
20 158
59 108
95 180
8 104
27 41
35 135
87 16
16 88
24 89
80 78
88 14
77 128
79 108
57 184
62 114
71 95
93 178
31 98
7 108
23 104
75 32
26 82
63 146
68 145
79 90
35 164
57 141
97 115
95 167
80 124
73 94
21 80
100 97
33 111
68 17
100 45
96 146
65 159
43 174
18 120
85 180
28 99
70 165
20 144
15 101
32 83
73 34
4 70
48 161
76 113
33 151
31 86
51 174
82 86
36 102
88 196
29 33
82 130
72 82
84 181
28 63
62 177
13 103
49 118
53 42
81 29
44 120
64 43
39 41
63 64
56 152
98 97
81 179
24 70
21 16
88 177
41 118
92 164
82 105
14 199
76 67
82 140
99 193
78 172
38 16
8 130
59 200
63 103
89 131
50 27
79 64
23 16
69 186
57 158
57 95
73 79
44 181
17 169
35 199
30 26
5 114
31 48
56 181
22 88
88 16
10 70
50 87
2 89
1 175
38 199
47 112
57 117
13 177
67 34
87 135
26 98
74 125
75 21
63 27
59 107
81 104
58 81
21 110
35 99
92 19
17 121
15 73
11 38
16 150
86 57
62 98
74 199
3 169
79 27
42 199
53 139
24 200
24 62
35 97
9 198
33 107
15 198
88 100
5 156
60 113
71 151
91 20
43 39
31 156
49 171
60 40
17 51
79 179
48 44
77 146
13 172
49 91
62 171
38 67
63 189
1 29
30 196
92 61
16 183
78 162
83 35
42 146
81 57
92 13
37 88
89 55
61 193
74 176
43 195
69 156
52 148
64 147
85 156
15 40
53 53
55 89
6 199
58 84
44 51
14 163
88 68
95 72
65 184
49 32
78 179
57 41
79 144
58 46
72 40
98 99
34 113
20 41
55 85
83 127
84 16
58 139
23 118
56 67
10 191
4 193
77 81
6 59
56 178
18 72
89 183
99 20
23 157
38 186
71 66
2 49
35 71
8 91
4 104
41 70
70 126
57 110
31 122
55 38
68 185
47 147
22 31
46 162
9 60
93 190
47 96
93 38
13 58
44 190
50 138
24 191
33 130
3 36
82 57
99 117
8 52
90 28
