1000
34990
57 131
44 146
27 153
13 116
55 47
95 83
56 105
83 18
56 56
95 187
60 40
71 76
35 48
91 46
44 67
86 135
23 192
87 53
36 17
10 34
16 128
5 137
8 55
44 81
49 63
71 12
79 174
6 12
93 57
69 164
73 42
20 55
42 63
43 54
42 53
55 156
96 154
86 53
46 137
82 115
67 43
94 153
84 12
93 143
38 30
76 13
54 130
47 179
15 78
56 185
52 158
36 124
76 75
84 176
51 149
97 186
54 97
6 121
58 71
83 136
86 175
92 11
9 41
6 147
18 54
58 155
33 126
94 107
85 151
23 16
56 114
13 38
5 90
78 143
62 85
50 169
19 135
27 186
31 187
55 130
17 174
71 37
56 43
40 62
15 119
73 122
56 47
31 81
41 91
40 187
17 96
43 93
80 50
99 165
63 91
44 157
62 141
23 53
81 71
98 67
62 177
92 109
18 179
82 128
73 72
35 37
65 190
79 82
33 62
93 129
15 161
100 87
89 126
100 96
46 78
19 72
52 75
63 185
62 199
20 149
13 125
33 124
45 145
47 188
13 59
45 163
59 46
83 133
93 174
98 77
2 180
32 136
92 26
100 158
45 93
93 111
70 142
79 148
52 27
58 40
43 158
22 194
70 172
51 129
16 83
17 195
52 175
61 93
10 101
51 43
12 197
68 123
97 186
6 175
13 117
4 126
52 84
27 44
50 41
97 105
14 19
55 113
32 81
79 85
10 109
73 60
57 163
36 43
23 146
61 109
39 67
59 165
44 51
88 60
84 94
85 181
21 76
42 176
94 142
32 141
26 59
98 115
42 14
58 155
37 82
20 102
3 72
94 12
80 169
81 152
93 157
74 57
1 10
77 187
40 19
93 44
89 161
74 28
33 109
4 163
51 35
2 100
89 112
32 139
11 190
38 171
9 100
29 106
5 199
5 32
50 130
90 160
84 62
6 194
94 138
29 21
20 163
73 151
65 68
12 66
11 83
86 25
47 143
23 153
1 109
91 161
63 73
69 76
36 106
53 115
91 85
35 27
44 132
55 22
32 14
7 183
77 183
70 185
12 123
33 53
18 84
41 94
56 155
22 100
69 117
35 54
60 32
82 93
20 184
20 157
94 38
34 193
23 67
10 14
88 132
11 52
62 68
20 34
69 191
50 195
9 197
8 168
85 23
75 173
78 115
91 48
5 54
28 173
34 57
38 125
66 117
67 79
46 132
8 120
32 70
3 52
51 198
27 93
40 91
5 67
71 122
25 26
37 96
11 171
26 113
72 72
60 77
16 171
87 20
64 110
41 81
43 38
66 63
89 20
36 176
69 199
47 143
9 93
24 30
10 136
57 26
72 67
54 188
41 197
27 128
25 150
29 140
87 40
88 176
67 119
37 194
30 33
68 91
32 78
25 131
88 84
49 44
28 135
43 181
18 146
12 163
5 57
91 105
76 123
28 98
14 116
82 182
75 151
23 127
73 74
71 119
15 42
56 129
34 51
3 183
55 101
96 187
42 73
3 149
19 59
64 178
66 91
70 35
3 59
83 103
63 100
23 20
49 31
50 30
89 152
50 40
2 196
9 111
34 127
95 116
69 88
76 24
12 82
57 75
8 31
44 187
70 45
16 59
64 13
49 91
92 56
40 107
66 76
46 36
29 197
15 78
70 160
40 38
67 149
13 68
96 20
18 83
45 171
16 80
82 79
58 194
57 178
47 133
97 52
18 11
6 125
54 70
34 43
72 187
99 14
91 23
1 127
18 15
100 180
59 105
61 14
63 12
22 198
81 194
87 47
24 58
98 149
54 68
99 193
38 132
78 110
58 19
29 43
75 109
50 185
11 36
76 72
32 77
87 123
98 101
33 39
94 183
21 140
81 102
2 55
2 24
66 104
37 97
100 52
64 197
81 40
97 116
58 163
64 138
35 33
35 79
11 18
43 92
38 110
85 42
43 182
48 166
31 168
9 122
25 50
54 133
78 200
66 146
36 62
54 60
83 123
40 137
24 102
94 33
28 193
15 85
68 64
42 25
5 111
26 103
74 124
67 139
89 180
15 36
27 133
2 110
25 192
37 113
53 169
25 194
89 190
27 153
28 165
60 104
63 104
91 103
85 107
72 136
47 62
49 72
29 17
36 157
2 197
73 135
80 26
74 85
53 104
52 189
71 40
59 112
49 36
41 24
58 115
68 61
18 179
7 29
71 130
87 169
52 57
8 51
23 52
68 106
29 47
47 120
5 92
19 194
22 79
96 132
95 60
17 128
20 33
16 100
53 161
64 197
2 144
85 22
37 87
20 38
55 188
10 151
91 180
22 162
47 75
20 129
22 150
67 162
62 152
16 101
54 200
93 122
35 68
40 89
26 124
36 110
90 73
85 147
13 139
7 84
5 135
41 96
53 172
15 18
54 133
14 109
27 11
56 49
98 58
96 146
21 27
2 125
3 79
17 119
73 16
55 200
55 51
83 183
52 135
65 35
33 13
4 141
57 160
82 69
84 65
98 26
76 81
74 21
5 149
7 168
66 127
54 94
8 124
60 69
19 93
29 92
70 101
17 117
14 151
52 94
56 124
28 184
26 189
51 27
84 86
18 17
79 51
98 66
57 32
84 31
76 173
19 31
87 138
42 15
59 140
51 31
48 160
61 13
54 103
51 137
73 172
74 97
67 130
63 38
14 70
23 66
94 163
81 23
53 165
74 113
59 29
28 13
5 88
5 194
30 11
66 143
29 118
14 109
61 190
9 84
11 52
89 46
98 81
28 196
94 144
30 92
41 40
12 17
96 134
76 196
66 53
26 134
46 45
42 121
43 178
71 22
100 196
68 34
24 95
2 20
78 143
95 129
63 12
33 119
76 106
67 190
25 15
39 24
70 179
24 71
60 138
75 61
20 63
76 94
62 103
44 10
18 30
38 94
21 171
93 129
12 25
42 27
53 48
38 114
54 104
88 94
7 190
31 127
67 42
69 82
29 185
98 122
51 123
53 161
73 50
51 54
64 109
23 144
74 26
9 116
17 153
69 30
35 30
63 51
24 129
66 73
49 138
7 94
29 11
75 96
5 36
57 142
26 186
16 108
100 136
23 167
41 70
57 118
46 160
15 153
99 112
29 190
52 87
56 106
88 41
17 149
2 102
91 20
21 184
16 41
1 102
44 107
65 10
87 122
6 156
87 21
21 95
68 124
85 163
3 136
37 30
82 50
73 27
61 96
63 59
53 69
95 13
53 180
32 136
37 25
36 189
51 165
46 140
89 150
40 121
58 20
12 68
2 185
72 42
100 147
65 30
23 168
96 185
40 187
21 72
66 96
34 160
1 143
15 64
65 117
87 128
50 117
58 72
46 111
81 108
25 162
20 56
56 127
88 128
7 64
30 14
57 58
73 183
76 139
30 66
68 130
44 144
36 192
75 95
54 12
82 183
97 99
21 198
71 113
49 179
53 61
59 167
7 108
20 199
20 166
80 167
8 149
26 98
7 56
93 152
47 68
94 81
35 176
66 37
65 200
98 155
58 43
28 121
13 71
41 182
18 33
80 111
34 145
50 187
36 138
7 32
56 95
1 131
40 70
87 117
90 111
10 73
51 120
1 179
11 42
27 47
63 189
63 175
49 125
15 54
12 184
43 157
27 150
41 84
69 182
72 147
65 36
31 199
87 21
50 147
12 106
97 149
4 96
87 138
85 140
31 189
24 188
89 143
52 70
89 167
16 98
16 192
76 134
74 111
93 166
19 68
88 20
31 153
23 132
96 130
88 161
29 121
37 16
44 114
74 167
97 185
48 58
57 152
14 146
22 131
32 155
25 146
52 75
81 11
92 85
88 200
68 130
22 153
3 116
49 105
9 99
37 10
47 11
39 118
93 187
90 64
34 99
66 126
97 199
99 84
61 25
46 54
55 71
42 89
76 156
25 126
50 31
89 25
7 152
68 174
9 113
14 115
47 131
69 154
18 52
58 121
25 54
72 183
21 185
28 167
61 94
90 18
92 177
38 99
33 180
96 114
89 70
93 65
50 83
32 143
4 36
84 58
24 152
84 100
9 52
94 122
56 123
97 171
28 137
23 34
1 53
82 133
64 195
51 46
94 21
12 40
5 47
76 52
17 40
15 77
30 97
46 85
43 181
35 125
73 60
81 71
15 25
3 101
44 149
64 162
96 179
17 137
71 94
50 49
92 96
79 172
65 80
80 176
67 60
61 129
60 72
48 18
28 84
28 189
19 112
98 171
63 35
31 170
69 12
55 112
56 187
36 92
28 31
23 24
53 36
98 12
58 192
65 140
62 10
41 77
44 67
15 112
80 31
44 189
66 68
26 88
46 126
21 162
47 117
66 41
27 185
48 56
70 44
29 98
81 169
41 90
75 171
90 47
11 140
23 22
99 95
100 44
37 149
79 67
100 94
30 139
69 29
87 141
46 199
49 48
81 60
71 152
70 182
98 169
72 128
81 126
99 105
76 34
61 148
60 51
65 173
29 196
