1000
34828
55 110
58 97
32 153
76 16
40 138
44 53
74 174
9 194
46 52
42 16
84 166
29 100
33 134
31 194
65 21
33 132
48 167
94 12
51 67
81 111
57 163
29 143
93 199
6 81
23 170
7 189
37 188
78 191
16 112
24 166
16 126
13 136
60 37
99 110
81 182
40 117
70 179
5 99
67 102
56 134
62 73
3 40
88 108
14 184
41 18
36 169
79 69
79 135
97 70
50 59
32 22
70 139
91 53
32 92
30 94
23 112
10 39
83 14
23 49
24 51
9 125
24 123
2 71
73 171
94 111
55 112
95 118
62 195
97 48
42 137
35 52
10 50
45 88
8 54
69 98
11 129
26 11
61 135
20 146
5 74
87 145
34 52
83 167
60 51
3 153
92 62
75 136
96 115
15 29
64 185
7 159
42 126
86 19
8 146
77 164
36 182
96 57
38 198
75 112
26 200
14 176
30 109
65 36
21 21
35 19
50 132
9 82
84 91
60 114
27 85
28 126
19 138
81 152
69 141
9 20
24 82
11 150
4 174
34 11
57 181
58 198
87 178
45 170
6 10
38 33
66 24
83 178
60 43
7 32
40 114
68 195
89 118
13 155
95 54
77 189
17 123
4 77
98 96
19 70
70 19
75 60
84 72
36 70
43 68
84 131
36 96
22 101
14 34
70 72
98 57
22 116
55 182
73 53
9 80
73 134
82 188
95 57
63 93
28 69
68 141
25 93
18 18
64 191
20 50
40 100
15 134
57 197
5 61
4 196
20 144
18 16
44 181
99 64
42 102
98 180
52 183
66 180
24 187
98 57
54 58
91 45
7 139
66 148
13 104
24 17
94 179
41 125
55 189
25 116
45 109
71 51
49 43
7 100
16 141
22 65
59 157
83 148
53 138
29 96
1 195
42 88
27 191
34 123
15 19
19 98
36 73
31 47
30 171
20 97
16 200
65 77
72 129
87 105
66 123
32 27
27 38
33 69
22 53
92 88
85 44
56 149
62 66
30 150
79 79
77 42
2 115
18 123
6 71
73 200
18 171
40 169
82 119
71 107
51 18
41 55
42 104
70 163
21 155
87 29
54 25
39 15
86 31
15 71
47 166
41 58
28 180
77 101
76 30
43 166
26 169
42 127
91 77
33 18
22 122
15 178
64 103
71 34
42 70
18 111
36 79
18 85
46 64
75 129
64 162
18 65
43 49
9 105
79 130
47 47
76 55
48 22
4 72
18 136
33 137
40 33
80 174
100 145
10 94
25 63
62 172
2 121
52 106
10 73
57 153
87 144
65 182
86 149
16 27
3 167
82 55
79 88
30 55
60 160
3 164
98 60
3 67
32 194
91 65
86 118
46 12
45 68
51 67
48 176
98 94
87 128
35 122
92 76
99 74
96 44
66 171
70 19
79 161
73 117
46 66
51 52
59 141
38 88
64 100
38 161
47 12
54 27
75 82
71 198
44 170
54 43
25 70
16 83
26 12
50 51
75 74
4 180
16 79
17 164
26 52
18 136
49 28
59 103
28 49
71 137
83 140
86 14
76 96
5 76
100 62
71 117
63 141
29 153
23 28
24 40
55 125
5 134
93 149
91 170
17 30
28 102
89 110
80 73
72 90
68 54
83 151
1 153
35 82
7 21
40 162
68 163
3 200
58 48
49 138
13 104
9 74
37 96
7 149
28 183
73 129
68 162
94 157
18 82
2 13
9 135
9 87
45 74
82 60
1 178
57 165
7 14
13 162
19 187
51 71
70 143
7 77
39 85
23 196
24 22
70 101
9 184
85 73
66 110
17 106
31 86
81 88
97 34
67 140
45 155
24 113
69 66
83 56
28 93
67 74
34 53
71 37
72 145
12 135
43 12
81 177
68 44
83 156
85 177
74 171
51 141
21 75
66 99
12 28
3 153
98 16
20 106
65 12
70 179
8 130
76 64
75 199
84 28
51 164
55 196
36 82
8 99
57 98
67 54
95 102
77 65
25 78
40 85
66 76
62 141
97 179
1 108
75 88
70 157
53 13
93 82
30 177
88 59
64 101
4 11
11 154
82 142
91 75
17 111
33 52
7 137
46 200
31 131
23 150
95 19
47 67
79 171
78 184
80 147
29 88
34 70
62 163
66 51
65 101
100 40
88 112
49 129
51 150
69 58
1 147
94 15
8 51
95 195
71 55
3 76
99 73
16 102
35 52
41 116
68 26
77 61
95 12
20 11
32 131
12 173
31 17
44 55
23 35
94 24
82 44
72 123
13 100
9 196
12 55
52 197
93 172
75 188
74 129
25 65
68 73
15 161
65 27
84 87
93 153
98 116
20 148
54 38
17 86
67 146
99 16
99 79
59 199
8 65
71 199
46 177
46 36
64 126
8 85
7 79
8 110
54 41
96 174
85 17
2 138
47 196
1 177
76 120
61 120
11 144
60 54
20 189
52 89
97 36
16 26
3 114
29 109
14 142
17 118
76 182
17 110
9 73
16 114
68 152
55 100
21 131
9 155
44 164
75 51
37 183
41 192
78 129
41 26
77 126
84 18
73 19
14 23
40 38
78 136
64 170
33 95
49 135
67 121
47 66
50 141
70 75
45 128
14 147
14 200
53 26
40 134
12 145
65 113
62 35
20 64
23 44
41 186
95 36
29 100
96 110
14 150
44 64
60 52
15 153
32 95
93 200
2 18
29 25
12 16
65 90
82 82
59 59
78 176
57 34
10 141
66 159
6 99
5 67
17 61
87 89
38 97
37 67
48 13
60 116
85 59
23 150
35 124
85 93
46 75
78 183
100 124
40 160
78 186
52 60
23 10
9 57
40 43
28 81
100 114
97 151
57 169
46 23
62 185
66 19
81 37
93 148
34 155
79 15
44 112
41 165
14 176
35 66
34 114
45 153
46 119
43 133
69 124
96 94
47 117
39 63
24 41
10 42
35 200
22 109
49 180
95 14
36 125
85 188
88 187
4 165
60 189
8 144
83 92
55 49
22 164
34 107
86 173
90 157
76 178
49 125
73 60
66 188
21 72
71 64
47 19
75 181
75 26
14 187
16 24
50 82
19 26
72 93
51 73
67 58
15 50
80 45
46 82
11 77
85 65
14 147
94 176
67 67
41 185
40 181
94 112
28 116
89 191
56 126
64 133
62 191
48 186
38 10
15 200
10 103
19 140
90 12
33 180
36 154
35 88
75 184
92 93
98 175
20 71
40 162
61 138
36 184
37 197
45 79
12 150
3 171
4 198
67 125
32 64
46 163
64 81
7 188
91 188
9 96
14 133
97 158
95 42
43 50
52 144
81 176
69 136
73 190
17 98
79 93
79 98
67 122
19 197
28 147
19 130
8 20
81 66
56 179
90 97
13 173
90 23
76 134
41 44
34 75
62 48
82 193
13 110
24 128
15 97
70 154
19 15
22 26
82 176
45 17
93 63
45 191
11 93
73 112
82 134
79 93
97 55
52 148
51 31
74 181
87 109
51 80
87 196
32 163
83 162
2 113
60 59
23 106
48 65
11 157
15 69
30 126
79 62
61 21
98 35
47 12
75 195
70 126
46 136
62 11
68 156
89 69
39 112
42 87
32 80
89 142
62 188
45 31
100 97
3 92
62 187
1 132
54 18
93 78
90 124
62 164
60 107
74 183
81 17
67 25
96 164
48 184
74 165
27 68
60 159
89 169
31 62
52 11
70 190
94 44
59 41
14 183
99 88
21 10
52 179
84 71
92 146
29 94
8 94
89 138
15 107
95 177
73 162
15 144
7 24
98 92
89 32
16 198
32 89
43 130
76 100
99 169
81 140
53 80
12 106
28 38
65 59
82 181
94 76
17 110
59 108
60 20
90 139
1 122
53 169
63 173
75 134
25 175
46 166
80 102
61 137
49 53
17 22
65 159
12 133
27 130
48 37
59 136
99 120
38 29
63 89
43 66
37 120
17 129
77 135
86 86
92 114
95 83
93 37
56 165
98 188
47 148
31 15
26 77
65 143
51 56
78 64
17 200
91 149
91 158
68 121
16 135
92 117
37 70
10 131
57 46
23 196
31 123
60 103
86 150
3 132
35 134
46 52
90 42
1 109
92 141
94 47
60 73
91 192
59 95
98 199
24 130
85 187
67 124
35 83
30 146
82 181
89 192
35 149
47 67
66 25
55 162
4 34
8 129
3 134
12 60
6 89
83 123
33 136
72 126
1 24
8 106
86 10
33 197
7 105
19 34
52 145
8 140
90 164
19 188
70 76
59 188
28 181
17 130
69 187
62 166
41 135
49 89
4 45
60 93
72 130
74 194
12 90
59 68
66 146
72 184
60 85
84 150
28 74
4 72
54 194
34 15
18 163
97 162
98 28
58 140
37 57
48 180
52 41
41 191
29 115
41 16
64 188
5 158
86 52
29 80
89 187
21 169
9 189
86 168
92 10
73 20
17 188
10 73
78 46
37 60
35 184
36 32
48 166
37 112
35 90
40 53
100 165
59 57
89 199
17 97
45 15
42 50
54 97
69 97
91 22
