1000
34862
9 170
87 112
37 109
78 21
69 11
53 137
94 190
18 111
24 37
47 15
11 184
91 172
8 24
38 30
99 177
80 27
35 139
3 67
40 145
39 134
72 37
33 82
52 36
34 128
69 139
12 169
66 95
75 174
78 110
97 155
83 150
64 87
70 114
58 188
72 186
28 190
87 59
79 79
48 137
37 174
33 186
95 97
9 135
35 46
19 45
95 87
9 21
3 94
35 162
75 196
24 74
13 178
86 82
20 64
96 98
62 69
1 24
79 92
45 60
49 167
46 38
61 38
96 141
20 64
48 118
23 135
25 172
92 94
92 12
82 18
97 24
1 179
100 89
19 88
47 125
76 159
21 86
69 161
93 34
84 114
90 68
9 153
40 59
98 51
63 10
71 32
24 164
77 51
60 19
97 175
54 178
44 133
60 18
63 160
95 18
54 10
42 73
60 149
14 44
27 103
6 171
1 145
22 44
11 124
81 161
96 51
27 81
84 165
14 93
69 57
81 83
25 113
30 143
55 108
19 49
46 71
66 42
44 60
63 71
17 131
29 156
49 188
40 39
72 25
42 112
29 117
55 120
48 21
44 27
50 111
45 158
25 49
56 135
25 162
17 131
5 198
36 31
7 28
45 158
15 187
42 29
35 21
9 82
60 151
74 22
53 88
95 70
49 138
55 26
39 116
86 92
2 163
32 94
76 179
52 100
52 34
92 42
76 63
83 167
75 54
11 63
84 184
23 29
58 98
45 185
13 104
40 165
78 60
84 92
76 120
91 70
89 28
39 74
90 76
52 159
100 46
69 26
99 120
77 83
55 148
21 179
86 35
29 113
8 157
58 30
73 96
95 178
55 109
99 81
28 174
12 129
3 154
70 31
90 113
87 48
57 140
42 47
40 46
90 39
17 70
94 61
28 43
59 182
95 153
8 118
17 187
86 111
6 89
54 52
42 30
51 100
4 82
45 151
48 123
29 13
75 96
7 135
16 38
16 89
74 100
80 93
50 158
29 176
34 148
48 91
86 104
75 169
12 181
6 178
68 65
7 148
70 93
92 53
74 66
96 176
27 37
20 53
57 82
66 55
85 99
57 50
93 67
3 137
90 132
73 61
58 86
89 77
32 10
63 36
7 165
2 153
16 141
42 139
17 157
13 116
60 146
23 161
64 40
6 187
92 25
28 52
38 49
4 24
35 63
94 184
27 87
66 46
35 196
41 130
41 76
38 170
10 49
3 162
73 36
64 40
46 119
32 38
71 100
67 136
50 81
91 62
50 89
18 18
20 120
72 181
1 164
9 15
47 149
7 173
92 66
95 59
1 137
100 113
92 126
14 69
76 23
68 33
30 101
44 198
8 61
82 197
33 38
73 99
69 164
64 137
77 10
90 108
62 97
55 200
53 34
91 82
21 45
59 58
47 25
54 21
1 163
48 20
82 58
27 104
48 73
45 187
40 88
88 75
47 87
10 160
20 195
68 92
62 26
21 49
25 128
34 58
79 102
73 152
16 118
21 127
35 118
16 148
69 138
58 61
18 58
38 107
83 42
99 49
57 164
87 160
20 83
13 110
18 196
78 56
91 75
55 168
30 19
46 171
41 78
23 135
45 83
61 57
24 67
3 181
34 81
4 159
29 14
10 172
58 181
63 43
85 193
100 111
62 181
39 108
92 117
89 141
44 61
27 168
88 69
2 73
25 142
18 78
64 186
8 152
70 140
61 170
72 176
14 118
40 12
35 22
66 52
17 18
41 79
14 121
20 42
78 103
93 141
50 125
55 32
87 154
85 51
51 38
78 117
97 173
11 133
25 200
21 42
99 172
14 28
18 46
1 164
76 179
92 195
14 160
16 25
100 102
12 148
79 197
70 39
21 43
87 181
35 13
28 80
78 82
62 71
61 22
53 194
37 78
19 151
32 153
38 11
8 112
15 98
30 54
26 21
9 109
89 123
26 100
17 172
72 187
52 164
93 159
42 70
74 133
7 64
83 11
51 23
48 18
96 129
6 57
43 52
90 123
48 18
66 143
14 175
40 108
89 60
14 25
46 91
78 85
8 133
52 12
4 30
68 27
20 25
64 200
27 93
98 182
28 54
15 169
29 155
57 152
71 80
77 179
26 23
68 200
6 183
21 28
14 58
92 139
47 75
49 123
8 61
51 196
7 174
79 109
38 17
26 97
60 67
27 183
64 80
62 160
38 134
46 121
48 27
53 134
20 71
92 122
53 14
72 48
77 165
80 18
8 34
96 122
39 74
16 61
97 57
10 36
35 18
86 120
59 138
56 39
48 71
7 116
97 76
93 151
8 106
2 88
21 78
31 159
92 187
44 142
18 150
32 175
62 25
19 190
52 21
9 11
43 174
49 111
69 170
96 29
25 128
40 168
44 140
70 56
60 163
88 158
83 125
25 113
3 95
100 189
25 166
80 134
64 142
66 140
47 72
40 164
47 154
28 39
93 111
41 69
29 126
58 148
75 168
74 41
19 119
11 17
16 189
32 11
3 136
19 168
92 40
26 137
47 100
83 142
42 94
73 68
90 116
32 58
80 82
27 136
65 59
62 91
37 148
74 176
83 160
2 55
20 30
44 40
73 46
11 12
28 174
60 21
24 121
18 188
12 172
85 162
78 111
74 139
17 41
91 64
4 32
12 56
59 76
65 99
79 113
36 31
5 135
13 151
73 114
5 135
59 90
51 181
20 25
6 26
25 52
98 83
87 179
30 35
33 16
6 120
28 118
97 114
91 173
77 82
29 184
37 131
78 132
84 199
100 174
86 49
2 125
66 60
77 87
58 178
35 187
48 11
7 76
56 10
58 20
33 135
4 110
67 91
1 118
26 158
40 75
65 17
76 103
70 62
42 53
57 34
29 130
22 138
3 105
81 150
23 25
53 89
27 163
44 116
98 144
31 193
31 183
85 88
90 145
16 83
29 30
41 12
37 181
48 73
98 22
43 103
83 71
61 86
16 16
81 36
50 67
59 97
25 177
72 14
4 176
90 194
18 51
78 61
61 111
51 41
24 74
80 69
43 62
30 156
80 38
49 25
82 99
84 193
19 141
31 139
14 192
76 124
29 29
44 35
84 73
14 192
39 14
82 165
93 167
87 165
92 113
53 76
98 129
54 83
78 152
83 44
49 177
4 79
33 195
84 119
8 140
18 84
59 76
39 78
78 142
67 91
1 80
39 152
81 162
76 132
48 78
88 89
78 103
68 30
12 138
25 64
73 43
23 198
12 107
11 129
19 127
57 165
2 184
81 156
95 50
47 67
8 81
21 27
1 111
74 50
21 15
1 200
13 165
27 27
52 26
62 43
19 147
3 188
56 93
96 10
50 154
13 127
9 186
32 143
46 23
51 77
9 175
21 127
85 74
69 112
90 158
13 85
28 130
100 45
66 23
43 124
75 157
73 86
60 171
53 23
49 175
94 146
27 80
55 123
47 29
12 87
86 24
63 79
95 149
44 167
91 50
44 54
44 129
7 66
90 49
94 47
48 51
81 57
5 39
67 48
5 14
67 79
60 74
27 44
67 48
75 131
38 190
99 48
20 144
56 170
65 108
85 138
50 152
10 82
21 134
56 198
100 38
3 42
63 144
43 44
84 46
73 68
75 197
14 198
42 38
22 198
86 20
10 71
19 133
10 141
21 58
53 34
77 63
90 154
67 101
93 122
25 156
49 28
24 132
26 190
39 199
21 87
23 173
81 108
32 181
82 37
47 145
18 17
90 43
29 91
14 79
97 33
40 11
87 43
82 66
42 103
86 23
55 49
47 167
11 133
60 187
2 59
13 66
97 160
80 173
24 140
86 22
19 197
33 174
88 60
16 182
73 78
78 71
38 103
97 111
19 67
15 52
61 155
86 66
87 165
4 98
31 43
33 175
43 162
44 39
57 197
86 200
86 88
56 177
38 62
37 26
36 118
21 88
72 58
13 43
45 95
28 57
53 49
21 110
69 197
71 77
91 91
51 154
44 104
49 102
82 66
50 152
53 27
58 68
97 80
57 29
13 151
66 24
13 92
39 29
72 12
89 107
18 105
88 113
71 172
63 165
63 38
28 121
58 50
16 83
59 180
78 42
95 25
97 20
68 30
24 42
82 40
17 184
32 102
5 103
3 119
90 11
24 67
93 172
18 174
34 57
66 84
25 194
34 29
17 157
10 100
54 188
29 31
80 194
77 76
64 120
59 127
68 40
35 103
15 97
52 122
51 108
16 166
72 166
52 90
75 110
98 157
44 145
9 18
12 153
34 63
99 161
7 172
48 18
48 192
64 37
50 62
28 142
25 131
56 87
89 138
38 56
85 77
19 76
15 125
65 163
50 194
42 148
42 143
29 149
50 15
54 146
77 14
94 103
27 174
74 19
100 67
42 85
71 82
94 12
85 71
52 125
71 33
41 55
63 154
85 107
86 131
28 11
32 148
60 30
98 138
74 76
55 144
81 114
51 142
22 175
19 195
93 61
24 153
98 133
62 20
70 132
94 31
28 189
