1000
35621
81 173
96 36
97 92
54 150
18 23
97 164
26 155
16 192
32 27
96 90
63 44
92 100
28 41
47 154
89 183
23 76
62 200
36 19
43 196
13 187
11 182
81 108
70 57
20 106
80 136
46 121
53 51
38 90
60 120
33 21
57 197
25 76
9 87
69 124
51 140
34 190
100 189
42 157
53 183
71 118
70 113
53 149
72 185
43 73
56 55
79 58
83 191
57 147
92 183
48 147
5 120
74 116
86 147
17 150
41 176
13 17
13 45
40 20
17 16
84 114
45 31
78 78
75 60
54 200
7 71
98 10
72 14
75 62
25 38
41 166
4 14
23 180
51 143
1 60
98 32
99 200
82 65
98 22
90 169
64 199
90 159
71 104
5 46
33 164
76 40
100 24
23 110
70 32
1 104
43 82
58 71
69 193
46 71
10 192
91 40
90 132
41 92
36 37
45 149
46 128
24 92
88 167
47 58
7 54
31 142
3 103
16 131
96 198
48 184
41 57
81 126
98 176
24 23
81 107
64 55
94 190
31 135
31 44
72 107
58 200
40 135
79 200
82 36
38 137
95 87
23 140
77 69
40 154
84 59
47 40
18 185
89 176
72 173
11 178
74 142
40 148
72 47
39 159
1 147
45 130
52 118
62 187
73 33
40 128
26 60
62 54
36 199
53 184
96 60
51 190
59 57
75 160
26 200
48 175
61 163
45 70
71 38
98 37
34 60
98 113
16 111
25 159
22 77
80 126
69 52
10 142
68 114
48 142
10 139
58 197
34 119
31 20
12 162
98 14
79 15
55 145
48 200
79 63
93 195
17 136
51 140
32 114
100 29
40 87
86 15
37 134
89 36
7 169
28 148
29 17
2 31
73 49
31 179
36 166
24 105
24 17
44 142
9 50
89 129
19 50
56 193
46 45
27 59
27 94
52 139
63 40
74 24
81 143
40 86
91 116
38 135
61 142
81 105
98 139
2 104
5 163
42 122
57 38
87 195
90 64
42 155
73 150
91 84
32 101
86 172
86 172
97 166
57 43
88 134
43 110
90 15
83 194
13 13
27 161
84 160
40 111
22 103
54 181
94 128
31 91
53 143
71 123
40 83
96 178
74 141
68 28
49 47
100 90
94 63
100 188
12 170
10 10
90 140
29 27
41 50
71 83
59 18
8 60
21 72
90 59
11 174
62 197
55 31
9 73
30 196
83 162
78 106
79 75
26 137
93 41
53 85
34 84
70 17
69 42
96 113
73 111
34 84
32 77
96 191
94 185
31 27
30 67
4 16
68 191
49 57
35 114
6 140
14 69
48 142
85 92
7 84
72 100
25 167
64 124
69 142
40 150
69 94
9 72
57 139
50 47
92 10
93 197
97 110
92 86
56 131
87 37
18 199
7 139
29 178
38 167
99 61
90 31
63 77
86 90
51 160
3 80
19 81
99 89
60 111
35 53
83 69
90 55
46 159
69 173
48 89
54 140
1 109
41 50
6 200
78 97
73 84
71 191
58 22
45 82
63 166
59 104
40 22
82 121
43 153
24 135
62 175
18 197
70 115
35 55
86 177
27 156
84 161
74 126
78 52
46 106
34 10
100 60
67 143
48 158
81 197
87 104
38 159
28 148
21 192
79 64
50 14
45 51
40 130
18 105
85 187
28 127
86 58
58 24
16 182
99 34
72 181
39 183
61 189
31 178
48 82
66 79
61 77
84 156
94 187
65 65
55 104
99 181
69 13
45 98
42 41
37 79
8 149
1 190
50 93
75 114
40 193
25 13
94 145
68 187
12 136
93 109
94 22
56 131
13 160
11 74
73 117
25 116
29 157
55 17
1 84
32 189
8 35
70 37
28 18
52 153
74 60
18 135
30 11
76 21
4 116
68 166
84 200
96 149
1 167
22 189
14 137
16 138
76 65
80 85
83 76
53 146
88 136
16 101
31 123
35 154
50 75
96 180
50 81
64 140
46 87
85 34
46 41
70 190
82 164
78 157
41 137
97 29
86 63
90 47
61 108
17 39
81 71
50 113
12 42
73 112
58 44
79 66
46 38
56 195
40 191
34 176
17 176
35 69
42 113
47 173
53 138
52 127
34 29
37 142
10 193
48 96
80 41
8 66
21 37
3 72
14 29
79 48
23 117
92 136
57 79
27 107
32 157
37 123
81 123
7 127
36 76
90 28
75 32
39 36
79 172
69 115
52 183
36 56
68 133
69 30
80 29
25 136
43 52
93 82
30 11
8 44
49 169
62 64
44 146
34 105
5 133
50 135
36 152
60 122
57 33
80 93
93 115
78 98
34 171
2 185
81 92
56 113
19 27
31 76
47 188
38 63
17 33
9 181
83 20
2 150
30 105
55 93
21 81
41 45
46 173
80 49
49 117
68 139
22 51
97 142
71 44
14 126
50 43
55 90
72 25
73 19
92 91
58 102
22 111
23 106
57 141
29 164
37 15
13 82
71 73
68 27
93 140
43 193
21 33
35 55
17 87
41 73
91 199
88 33
96 55
25 197
32 24
31 184
93 166
21 22
96 42
36 36
100 119
57 144
25 90
82 13
63 184
22 121
80 43
86 26
66 172
27 77
24 194
13 99
94 78
16 18
61 26
93 99
100 56
44 151
10 86
74 52
38 117
8 79
31 198
29 62
86 64
74 31
87 146
56 191
30 135
2 135
30 188
50 35
87 96
85 129
85 112
42 19
19 118
83 70
34 167
26 46
26 90
23 164
36 29
79 39
15 29
72 163
63 97
91 144
1 128
63 146
100 165
2 156
52 89
82 79
43 89
4 74
72 191
85 136
22 129
63 125
88 72
81 81
77 109
34 124
41 180
3 166
67 127
29 162
98 56
39 194
14 15
100 20
9 63
20 185
50 126
55 15
46 154
27 24
19 168
30 24
73 100
89 185
53 134
52 51
21 31
70 38
82 67
29 78
18 172
32 101
14 129
3 92
73 45
2 37
15 116
60 101
89 129
3 77
8 99
97 13
5 123
51 113
36 62
77 42
61 111
27 70
78 137
79 52
93 20
60 97
30 79
78 38
61 193
47 19
67 199
46 151
25 59
32 41
34 24
55 119
74 89
54 38
67 142
30 194
19 153
40 115
99 86
53 120
55 99
87 60
89 127
50 187
24 112
43 70
9 164
83 95
44 132
18 177
12 184
19 41
33 124
11 200
73 143
46 58
27 153
78 79
74 77
52 188
61 83
36 25
19 28
41 40
8 150
77 65
1 87
92 137
56 188
83 150
39 102
98 142
81 14
14 27
5 113
65 105
64 81
21 18
91 162
38 126
21 177
5 117
79 110
31 38
49 156
24 148
44 191
51 53
22 76
55 178
78 119
67 152
48 130
36 126
7 92
56 69
58 144
52 10
65 129
42 37
7 125
47 115
5 182
71 190
55 121
80 141
57 50
38 188
40 28
12 94
79 149
14 179
78 25
51 116
10 115
27 46
85 171
16 89
20 183
14 83
87 129
20 166
10 186
25 122
71 149
74 128
71 183
99 109
18 78
33 131
74 97
81 116
10 71
4 197
56 62
90 87
77 69
13 67
76 164
50 96
73 196
30 176
14 25
23 183
65 131
94 131
46 95
84 18
31 92
79 135
53 112
71 156
79 133
44 62
10 108
31 152
45 49
6 101
57 82
46 31
38 104
60 161
75 93
17 79
59 82
44 156
92 168
96 188
43 140
2 175
63 155
65 68
21 87
63 73
19 53
26 182
64 149
8 159
59 185
66 122
32 23
98 26
86 139
20 122
12 146
19 38
33 180
13 200
6 169
59 129
78 64
29 20
56 115
85 118
30 192
57 55
81 22
58 71
34 155
59 68
61 37
41 116
58 196
50 14
24 194
95 138
56 124
71 27
83 165
82 23
5 198
77 79
19 44
98 188
93 16
83 11
43 134
64 78
78 191
12 106
22 76
7 89
43 88
26 199
53 141
10 18
33 195
22 66
28 45
48 181
24 169
3 115
81 18
10 128
37 76
17 189
89 158
40 17
15 32
52 78
72 80
27 158
1 63
36 88
70 38
16 165
46 84
2 26
59 82
67 54
53 17
82 194
36 84
71 54
99 192
92 113
32 48
62 15
47 190
79 110
98 168
62 194
62 53
66 118
60 165
69 88
31 112
100 192
85 22
10 128
21 165
93 47
65 178
4 154
22 133
79 76
91 157
98 149
5 24
55 14
7 143
44 55
48 78
29 195
27 149
52 163
6 158
100 170
27 26
79 26
66 19
14 105
84 87
49 180
48 128
75 196
49 86
90 147
69 189
40 111
76 10
7 121
68 158
62 170
51 27
85 24
28 186
85 139
27 177
22 81
35 148
94 132
46 79
30 177
46 120
66 141
4 147
79 162
35 196
20 75
29 187
33 152
4 118
13 70
39 180
49 167
72 118
51 55
4 187
97 72
45 193
15 197
69 162
32 70
81 67
5 145
64 99
30 174
15 16
28 85
90 54
39 131
48 48
17 31
11 78
87 182
53 146
92 143
17 10
91 139
