1000
35722
65 33
86 195
3 99
2 153
65 140
81 113
37 186
85 122
7 141
99 37
64 36
80 186
53 31
97 179
3 123
88 151
29 154
7 193
96 41
45 118
31 150
79 17
68 94
41 174
86 29
96 71
47 144
73 64
28 13
18 138
47 94
78 147
92 72
82 86
73 100
14 122
17 98
98 87
79 171
40 129
43 68
66 31
6 69
57 167
81 46
26 155
19 153
70 128
91 25
95 33
98 112
72 177
2 171
51 109
52 11
58 51
99 171
23 110
7 12
12 137
64 25
25 60
46 197
64 87
24 165
89 103
7 27
57 114
2 19
73 25
98 196
89 122
37 12
34 120
42 154
24 22
29 136
75 141
58 72
60 114
56 92
31 112
64 145
76 149
23 96
93 90
20 86
33 161
57 11
6 141
19 46
14 158
66 91
65 180
24 21
62 151
96 79
70 71
63 158
23 12
46 45
77 49
96 75
67 125
36 65
86 125
37 99
12 56
93 38
74 31
35 88
94 15
94 92
47 12
27 152
73 188
86 157
67 90
17 192
68 152
22 123
35 57
80 108
34 12
56 195
60 119
67 136
74 167
2 136
92 35
63 18
3 200
88 62
86 51
40 104
12 68
24 32
18 13
85 66
9 187
77 64
40 41
84 154
14 66
54 104
76 117
9 71
94 139
99 112
47 25
2 59
23 158
43 87
75 24
37 121
15 131
10 181
95 152
23 29
73 144
10 186
53 142
34 80
55 194
70 186
23 170
44 166
7 56
2 85
97 21
32 140
59 158
59 14
60 101
19 188
35 25
26 24
48 77
30 63
28 191
42 40
24 200
94 40
23 53
4 30
91 158
68 139
62 112
89 118
55 154
16 164
42 165
82 144
41 178
64 83
14 177
57 140
31 179
69 38
48 133
3 123
48 73
14 133
98 182
100 48
86 60
13 148
47 134
34 32
100 192
20 86
82 59
52 24
39 46
29 187
80 94
96 100
96 55
88 79
32 51
5 153
92 110
95 74
31 121
32 14
7 119
92 69
5 105
83 16
63 56
49 121
31 78
25 141
64 191
28 13
9 106
63 80
65 132
8 158
32 28
51 162
26 165
79 104
66 112
26 84
41 150
52 153
54 73
12 190
22 86
74 80
52 19
13 18
11 108
5 131
40 81
2 144
74 148
20 125
2 198
17 139
7 38
47 116
69 22
91 66
40 192
25 189
2 152
68 173
89 52
49 102
10 169
41 104
35 198
43 137
10 75
57 156
67 134
35 90
22 52
75 89
20 74
26 140
67 154
15 119
86 187
82 120
30 126
67 196
66 150
46 186
98 135
62 13
31 143
26 49
33 156
32 26
40 11
23 126
20 175
64 22
72 183
44 35
16 86
23 199
53 33
88 182
96 63
85 112
55 19
12 65
88 193
80 61
82 108
45 189
1 43
8 188
95 38
73 149
57 50
67 70
60 21
26 61
5 23
69 184
47 124
58 186
15 101
99 98
73 63
56 56
70 113
33 23
50 200
43 71
91 104
65 198
30 141
50 172
22 142
84 27
71 106
47 106
6 52
68 134
93 77
37 13
59 58
39 83
89 96
85 80
30 49
52 117
69 20
66 94
83 76
86 143
14 48
44 48
20 49
100 98
12 131
36 75
81 111
11 91
9 102
49 119
7 52
100 161
90 99
78 174
93 126
67 108
67 144
18 91
36 37
24 13
96 15
46 184
38 62
97 62
77 192
50 152
93 137
69 55
41 28
25 142
82 145
23 91
53 154
72 145
82 40
53 185
27 22
52 43
81 114
43 51
34 133
50 58
13 133
64 67
91 60
4 71
28 181
16 98
69 71
41 80
20 36
100 187
100 103
7 172
74 83
27 155
39 166
28 128
41 173
63 43
96 188
57 138
23 65
49 81
91 183
92 131
3 52
79 173
42 69
79 107
7 76
56 87
87 179
81 143
3 120
64 55
24 185
44 46
99 150
41 62
78 46
99 114
86 196
60 21
94 159
25 130
12 72
63 151
69 139
22 12
46 127
2 77
71 65
72 122
96 51
11 164
38 104
15 62
17 136
5 44
25 171
30 125
33 37
59 78
9 156
2 132
19 118
72 126
23 105
22 160
94 61
61 83
6 130
14 62
74 40
54 107
3 119
83 63
96 91
96 16
37 80
27 59
22 17
35 198
9 146
21 132
83 181
77 195
74 109
44 169
84 27
3 119
99 199
17 97
28 49
73 146
44 79
9 164
67 51
34 94
11 167
18 175
3 115
12 185
33 39
35 94
91 103
17 74
55 190
73 179
88 173
60 169
73 174
99 55
5 79
72 182
57 144
6 145
12 120
5 77
72 94
27 115
4 144
48 134
75 77
46 62
36 149
73 87
90 173
67 176
66 141
19 151
67 39
43 181
32 150
74 125
88 68
50 48
89 181
87 71
84 97
45 149
15 34
46 88
89 99
53 185
65 33
80 30
97 20
21 60
25 44
40 47
46 139
27 200
54 146
6 83
12 106
36 55
80 196
72 10
81 67
69 114
21 104
80 150
17 50
37 133
38 107
34 177
58 164
27 191
64 118
55 17
47 89
96 129
32 168
37 14
13 66
80 33
40 117
20 133
100 96
9 112
84 71
30 53
15 81
34 140
58 28
38 155
7 179
58 100
98 128
17 63
78 155
19 13
16 108
47 71
47 83
93 189
92 157
64 63
23 195
80 108
89 58
39 30
81 94
67 118
21 133
75 38
51 186
97 115
92 63
95 147
9 79
50 197
93 137
73 143
5 86
84 178
74 112
40 138
100 198
9 65
95 85
16 11
7 124
39 117
38 66
42 166
54 50
7 153
69 119
28 22
6 68
56 131
64 176
79 153
68 57
77 117
5 119
46 181
80 85
16 19
93 34
33 10
37 28
73 183
47 95
84 126
62 130
14 144
13 132
2 33
16 153
97 141
23 191
86 21
100 22
4 100
23 113
23 186
4 34
51 101
54 65
17 31
65 91
53 130
92 76
59 120
36 140
81 156
94 94
94 147
61 81
38 34
37 82
87 60
2 46
94 94
8 67
90 54
3 97
39 95
76 92
90 120
20 60
63 22
91 197
34 143
78 31
98 42
28 187
45 189
28 94
71 107
84 24
99 14
93 44
54 89
87 147
55 126
84 17
44 172
53 135
60 73
74 130
78 148
69 32
63 50
78 15
71 140
6 70
49 174
82 111
56 41
18 16
58 142
4 134
24 57
93 125
50 39
49 103
1 129
27 34
57 56
39 114
13 12
12 113
8 110
53 17
99 134
97 94
10 121
28 119
50 122
94 45
43 188
87 145
8 57
46 182
79 119
77 135
99 36
59 76
95 162
88 162
67 106
43 132
85 40
2 60
40 143
65 192
38 95
37 19
94 199
33 21
13 13
73 92
71 11
88 139
46 27
39 150
67 56
60 12
26 99
74 73
32 153
96 167
91 130
40 183
25 168
23 136
38 102
51 185
15 86
28 120
8 135
61 153
33 163
18 155
31 186
18 28
5 13
66 27
67 95
29 71
93 107
44 94
16 54
56 84
61 132
74 18
17 167
51 39
96 15
79 162
92 59
19 42
25 47
50 137
8 35
64 99
54 171
59 172
35 18
23 165
37 23
89 70
5 164
42 191
54 86
10 134
22 116
93 93
67 138
83 29
42 46
55 77
9 131
15 118
84 169
96 13
18 154
85 52
84 118
10 97
20 151
29 34
27 15
69 18
52 60
22 178
2 143
14 11
63 141
56 173
83 45
40 26
26 188
33 21
63 44
39 156
65 52
54 17
65 187
89 164
70 10
63 101
6 95
89 160
29 97
55 74
40 61
100 92
24 142
46 99
47 71
88 104
34 53
79 130
55 44
92 122
19 77
54 141
36 72
37 58
11 161
9 133
68 157
54 28
70 86
91 167
61 56
24 90
67 130
46 30
75 35
99 35
20 96
68 149
69 116
73 39
26 72
47 107
29 41
14 154
54 75
81 139
56 170
61 89
84 178
51 169
1 14
89 174
55 165
75 127
25 46
59 192
17 184
2 139
30 191
24 186
98 39
84 139
49 58
54 53
81 105
51 140
42 129
80 35
81 19
58 62
55 97
70 102
92 155
98 62
58 71
96 174
49 91
24 114
36 110
1 120
83 83
93 200
15 110
92 92
64 19
49 199
47 77
99 34
59 127
6 18
61 151
51 146
16 30
96 116
43 161
11 32
18 112
50 148
12 133
20 16
90 41
95 114
78 20
40 33
94 121
6 198
64 189
99 72
18 26
61 14
49 117
72 138
44 129
83 48
15 80
89 131
1 178
43 142
78 137
8 96
93 24
21 178
39 177
23 66
67 118
76 74
46 104
79 84
90 179
3 16
97 180
18 94
100 101
72 79
42 149
41 160
62 72
60 52
4 25
96 142
61 133
87 199
74 64
73 32
55 190
61 142
68 53
68 40
83 42
21 38
56 14
33 15
97 27
30 14
79 189
4 17
18 134
62 36
89 20
35 150
29 189
39 48
