1000
35326
41 155
55 137
24 21
57 148
22 103
93 36
88 40
6 38
41 27
94 11
70 90
18 148
82 58
70 90
57 159
48 93
31 54
81 25
67 130
58 28
75 57
28 176
35 41
92 124
67 104
96 66
100 133
87 192
49 137
50 157
45 94
86 118
75 95
53 56
74 16
88 56
61 115
25 97
34 112
57 174
15 194
19 130
38 176
39 145
94 63
43 189
34 101
17 116
13 107
54 72
15 78
48 87
32 82
18 163
95 43
73 185
56 140
5 40
63 110
5 30
63 98
18 122
81 140
10 122
41 104
22 57
7 139
2 86
75 40
59 37
25 67
65 148
30 156
74 28
94 91
88 65
24 62
75 152
64 181
5 134
57 141
79 141
76 121
40 108
28 137
68 177
16 74
81 147
76 90
94 68
21 30
87 20
91 108
21 10
70 200
25 121
47 57
4 172
9 194
12 87
71 186
97 152
89 124
1 13
14 151
23 168
53 131
11 137
48 32
83 63
63 196
44 11
15 164
100 81
63 106
94 107
47 134
46 172
49 87
32 150
11 148
69 173
41 98
52 108
33 71
96 147
89 137
78 138
51 100
14 11
67 94
28 111
69 162
93 199
2 10
47 190
94 187
20 137
26 141
61 198
22 36
30 27
70 110
29 134
54 160
41 96
75 14
94 76
46 126
81 168
87 178
12 160
53 66
96 19
60 79
70 33
73 131
100 78
31 26
55 198
78 24
85 188
20 60
49 21
4 145
8 90
67 192
49 55
91 143
75 132
51 64
21 119
71 110
6 155
17 102
99 49
41 155
9 195
10 83
4 93
21 165
87 110
28 26
94 198
60 129
32 149
81 149
46 62
31 110
61 15
41 128
29 50
59 24
33 172
32 108
73 100
58 87
97 66
40 105
92 199
46 114
57 18
48 153
47 94
2 20
46 36
25 92
50 27
40 143
26 70
97 34
43 91
5 17
9 156
41 109
79 45
42 97
87 194
84 83
29 64
34 143
54 42
71 155
26 72
99 170
49 191
90 150
34 177
19 128
10 145
61 52
7 157
66 32
14 145
95 87
36 18
40 200
67 154
25 81
66 177
44 53
84 162
61 60
78 67
85 69
89 61
77 89
58 150
70 89
9 197
75 17
36 151
22 18
7 124
68 113
28 138
69 112
18 132
26 152
69 142
60 91
31 199
21 101
96 188
94 103
23 116
42 43
16 57
94 75
33 117
5 156
81 198
28 151
19 111
7 140
55 135
47 186
66 132
93 123
7 85
11 186
99 76
51 115
14 31
69 105
17 174
78 37
90 50
18 178
57 12
72 141
95 121
48 180
32 77
52 166
86 51
11 148
63 85
31 96
71 128
43 51
44 170
78 156
59 115
29 156
21 112
33 171
48 62
47 138
91 134
1 111
100 125
88 81
38 79
92 82
18 135
38 22
12 163
81 168
90 21
18 28
84 123
29 71
33 134
75 188
57 153
43 149
6 124
54 132
14 190
59 49
79 176
49 121
48 94
80 156
7 127
45 111
61 23
68 146
30 187
1 83
76 150
48 144
47 182
64 110
56 154
80 76
17 108
50 39
21 80
48 22
97 60
29 37
12 66
66 124
37 174
12 99
27 17
77 119
91 82
66 175
75 40
55 80
84 134
97 47
80 48
91 39
8 102
71 170
46 63
30 183
76 95
9 136
63 156
21 41
63 139
56 44
15 121
41 131
26 25
92 39
78 148
29 187
71 167
91 45
63 141
47 94
59 148
96 159
77 78
98 162
9 108
68 29
20 154
82 90
86 111
54 159
28 137
79 77
79 92
44 39
98 11
14 42
89 13
94 177
16 22
66 82
57 30
62 24
17 89
12 10
62 133
37 55
46 112
55 152
83 199
37 71
8 93
76 160
36 57
34 38
8 158
96 87
13 51
53 137
66 200
76 61
63 54
61 100
20 16
72 25
55 116
29 192
58 190
3 198
43 153
78 93
45 135
49 68
48 85
29 24
41 150
37 64
24 58
96 91
70 119
74 199
61 156
38 116
42 24
75 188
3 29
32 151
75 40
27 133
22 161
16 67
72 154
92 79
12 37
45 109
37 75
54 172
1 195
19 71
16 191
7 118
67 102
70 67
51 162
26 148
3 52
34 112
9 128
79 35
99 167
94 187
54 108
10 94
62 146
65 13
65 192
80 18
28 21
57 150
90 72
51 198
20 150
94 42
62 164
89 22
20 22
55 51
54 191
85 159
41 43
64 162
67 138
19 199
36 173
87 146
92 145
49 170
6 99
91 13
60 138
69 13
95 112
72 141
59 20
46 114
70 192
86 94
8 103
65 194
79 141
15 142
58 92
94 69
85 19
39 45
76 77
34 57
52 48
27 31
2 47
48 122
21 152
26 105
87 89
6 134
2 124
2 50
82 130
91 25
43 45
94 39
74 39
68 92
94 91
8 48
33 46
33 28
15 98
75 180
70 132
94 66
3 63
59 49
32 123
40 82
43 177
22 107
37 170
32 41
78 87
72 91
58 84
18 174
94 47
53 91
40 54
21 183
42 28
7 182
8 19
2 51
25 162
67 171
98 93
63 90
35 66
72 123
60 167
19 33
21 125
59 149
87 131
90 135
47 16
23 154
96 163
44 113
47 66
48 78
57 196
83 118
7 141
86 156
56 196
60 122
25 42
91 30
5 63
35 18
30 52
13 188
80 53
80 139
19 119
58 131
10 137
86 66
19 162
100 189
36 119
15 12
79 180
81 170
21 195
39 62
89 102
71 174
73 18
76 143
74 96
5 19
54 21
57 24
64 191
95 20
32 13
46 187
28 166
3 86
33 93
3 89
38 79
64 64
94 195
76 33
23 76
41 88
6 137
52 128
39 168
93 164
74 173
69 190
42 14
92 28
82 127
10 154
5 48
91 94
60 139
77 103
61 174
40 57
1 105
7 159
77 199
8 150
79 176
8 51
24 97
32 131
27 37
46 183
66 152
85 151
33 127
23 66
49 103
58 64
6 32
29 102
39 39
45 32
23 50
84 103
45 42
67 31
64 109
6 40
52 147
88 101
80 28
57 158
51 15
52 116
4 124
93 32
100 153
13 47
44 37
99 59
26 101
71 189
41 111
66 119
83 200
52 41
83 70
85 28
42 27
73 156
98 197
33 189
93 59
90 41
29 176
43 115
54 103
45 44
17 72
37 64
80 146
28 170
68 125
5 74
73 63
17 57
92 131
39 193
52 163
89 101
37 183
98 168
46 107
72 169
17 154
82 123
6 192
82 200
81 117
37 185
17 101
59 43
88 39
42 161
10 104
83 193
1 122
73 102
38 183
99 108
35 79
20 55
76 94
87 100
80 114
29 166
49 171
35 77
49 33
14 14
91 30
38 50
69 33
26 98
33 161
75 27
32 128
89 95
3 148
55 11
83 185
62 52
29 179
10 66
95 87
42 116
67 93
95 163
21 147
24 103
64 39
21 148
76 174
2 50
17 91
36 151
22 145
23 194
14 51
100 180
56 79
35 94
3 12
57 164
22 78
91 94
27 174
56 170
84 90
49 70
10 197
58 71
60 18
85 84
61 94
73 66
56 110
92 144
64 107
40 25
64 113
82 63
18 18
44 111
2 98
8 117
63 85
44 22
10 191
53 19
75 147
2 98
64 57
1 133
20 103
18 182
30 151
61 32
47 91
12 179
90 21
96 160
89 113
55 131
18 194
19 157
39 84
8 179
64 157
16 39
4 174
29 77
52 167
97 189
54 197
80 152
45 187
19 27
68 97
17 163
50 27
75 124
87 79
45 199
98 67
45 102
68 132
86 20
97 38
61 82
100 113
62 77
22 86
77 158
96 42
79 153
41 121
45 22
70 112
75 147
28 106
25 14
100 101
40 135
33 136
46 33
64 156
86 103
2 32
64 125
17 113
47 86
48 20
70 79
54 189
95 159
72 194
13 120
33 93
53 138
36 136
90 96
11 12
75 102
56 177
14 142
84 131
53 72
66 93
13 174
14 197
43 24
58 34
55 123
9 118
22 24
75 115
14 84
73 126
56 139
50 55
52 148
88 25
99 148
44 57
15 103
61 77
56 163
46 39
74 188
51 148
7 52
31 60
69 186
88 15
24 159
54 73
88 175
28 12
35 178
71 145
72 103
67 24
21 153
77 60
38 118
80 43
20 117
100 144
1 181
64 89
37 148
88 71
14 185
40 191
14 152
62 47
67 11
22 48
63 53
90 16
47 166
33 98
13 137
28 162
14 197
100 24
65 73
68 39
49 54
72 60
83 16
3 105
17 29
82 132
26 52
57 37
94 115
43 19
24 12
30 130
59 62
24 66
70 112
1 189
81 167
22 131
44 82
4 95
79 111
61 133
5 47
90 25
54 175
4 53
30 37
45 39
25 197
93 29
41 88
69 125
58 60
9 16
55 16
15 73
69 11
5 93
60 23
76 68
45 161
10 159
48 116
66 196
48 157
12 81
57 148
60 49
81 160
17 144
7 130
46 142
42 51
14 101
