1000
35955
89 135
38 31
45 28
96 60
94 72
74 69
18 150
91 64
34 33
46 76
14 110
71 154
50 101
92 48
27 178
88 182
64 53
51 167
19 130
17 47
16 110
58 168
66 63
80 33
8 194
100 93
67 142
44 39
98 142
17 160
97 142
47 80
78 42
13 65
27 59
96 134
64 70
15 178
75 167
80 178
55 23
81 49
16 128
72 106
41 144
16 13
49 16
99 91
92 183
87 176
47 178
81 187
41 73
78 52
86 146
1 106
30 20
42 175
89 107
82 64
100 135
27 83
88 159
95 132
18 119
50 151
25 98
12 29
60 185
14 188
11 24
50 114
99 59
23 187
44 76
12 179
40 150
44 91
94 145
62 50
75 98
34 66
78 65
3 73
61 76
5 157
86 119
29 54
95 78
59 82
73 54
68 175
24 166
47 140
98 127
67 177
6 88
62 162
64 23
45 150
65 117
83 78
35 113
29 154
67 40
10 75
83 154
39 12
23 193
10 151
89 24
95 35
22 131
31 137
33 50
95 57
7 10
77 139
86 196
53 34
72 18
56 141
92 172
14 134
36 41
45 173
17 70
89 88
4 96
89 15
39 171
81 11
99 194
14 92
10 181
42 49
55 132
21 34
11 129
48 148
56 191
24 129
18 137
14 122
30 94
59 188
43 29
92 152
70 10
32 149
14 117
27 88
84 29
58 47
39 142
32 39
51 55
45 68
42 42
70 96
66 115
56 165
73 32
90 152
43 182
50 118
49 21
78 106
61 130
63 158
38 103
14 191
94 13
68 37
3 156
35 108
77 127
54 130
72 62
6 155
82 141
41 146
74 149
95 23
88 129
56 109
33 21
24 130
97 72
96 74
24 129
62 151
100 156
46 53
7 48
52 104
81 47
77 75
42 200
77 35
21 15
82 153
77 175
48 77
6 16
29 24
16 21
93 138
42 75
49 84
67 197
21 23
22 139
65 21
33 18
46 88
66 76
83 69
52 22
4 77
98 184
59 34
40 119
44 95
39 137
8 32
12 29
6 18
69 197
51 151
12 167
46 144
69 173
96 179
35 155
74 42
29 107
44 112
12 109
91 45
38 59
41 129
28 142
100 93
46 152
35 144
38 198
93 189
48 95
10 60
88 157
36 26
95 76
18 182
87 175
33 71
45 198
87 103
20 89
24 59
31 47
35 143
89 34
3 81
20 141
58 24
29 82
42 81
40 180
80 151
85 119
66 66
87 131
87 118
12 139
25 25
48 190
66 57
51 183
72 88
65 115
69 95
22 113
9 167
77 167
22 88
2 27
16 32
44 89
77 26
92 109
12 33
75 78
75 168
12 117
36 123
86 66
43 44
35 35
53 11
57 37
33 36
53 101
94 87
2 175
14 96
55 158
58 74
39 199
83 75
21 51
74 50
14 20
1 165
36 134
27 168
48 112
47 126
9 124
9 51
71 150
2 60
100 197
36 21
41 114
90 99
58 135
100 23
2 118
53 50
48 179
15 169
67 118
58 140
65 196
3 78
13 50
66 16
20 100
28 126
55 182
81 69
65 172
95 184
60 129
33 15
40 39
25 168
14 39
87 128
93 152
41 114
55 41
17 28
42 61
67 102
68 140
97 184
91 187
27 194
91 136
60 150
80 91
30 47
72 173
15 97
37 47
26 194
100 152
69 63
70 44
45 111
87 176
10 20
90 197
14 36
58 14
70 102
25 12
19 115
95 100
64 186
89 95
66 150
20 190
42 147
73 133
60 130
88 10
54 190
42 49
71 82
51 91
62 113
73 50
93 34
69 90
50 98
6 156
69 157
62 121
23 86
71 164
33 92
38 82
76 45
27 196
99 133
97 29
22 125
48 93
68 95
63 88
72 167
8 187
92 109
15 46
12 190
72 78
53 121
48 170
28 124
12 47
68 21
58 22
67 121
48 79
27 154
48 193
92 147
17 60
10 30
9 80
20 17
11 116
100 200
8 124
81 86
100 124
30 136
76 33
52 84
33 109
73 145
8 39
35 33
81 153
45 82
65 10
59 33
27 22
91 126
50 127
92 40
92 73
31 79
8 14
10 32
67 184
37 179
18 60
84 118
31 164
18 74
77 198
83 156
53 194
15 49
95 14
76 36
10 100
55 102
2 62
49 52
3 27
89 104
21 128
99 28
31 26
51 98
52 162
16 55
44 109
75 144
23 29
45 93
26 174
63 102
72 43
82 37
28 59
93 184
58 68
30 59
56 198
1 91
71 114
37 166
8 50
28 110
33 72
45 99
58 163
67 69
8 100
22 178
37 167
74 95
11 39
47 141
66 52
43 147
19 185
47 63
86 100
38 88
19 186
58 63
77 41
98 182
83 55
96 20
83 192
33 182
92 112
74 158
7 10
79 138
28 122
97 26
30 141
7 74
43 109
11 48
74 67
8 75
3 82
32 176
46 128
57 89
42 97
35 189
4 78
100 72
95 103
99 166
32 179
43 177
26 69
41 71
37 76
66 33
46 85
69 122
79 133
97 11
88 96
100 186
89 18
76 157
9 119
89 68
46 155
93 129
20 67
71 67
91 88
93 31
47 144
32 187
80 49
28 101
95 160
55 149
15 123
100 70
53 102
85 184
67 72
10 39
18 28
41 13
51 23
84 126
72 57
33 191
29 78
80 17
87 93
59 128
6 192
49 27
18 126
87 124
1 176
96 185
36 146
52 110
30 159
70 26
42 148
42 173
60 12
58 44
58 86
29 140
93 55
11 106
88 32
83 39
90 135
66 158
25 199
61 179
67 130
71 16
38 196
73 64
100 190
18 83
51 161
19 105
91 32
27 42
39 85
84 39
32 162
1 96
72 11
92 66
13 191
89 104
59 28
51 112
31 60
45 15
35 57
18 84
53 65
93 129
15 88
72 26
52 192
16 116
20 23
3 18
20 67
87 146
71 144
86 65
34 174
86 30
38 29
43 149
70 125
85 112
6 103
82 55
70 51
10 129
77 157
53 171
6 70
11 93
87 174
35 54
44 81
79 53
88 183
60 175
50 56
38 151
7 19
83 153
18 146
45 134
46 114
41 190
24 184
100 77
61 50
66 45
91 33
37 71
5 151
89 28
40 119
45 144
89 151
8 87
60 109
99 138
47 72
45 125
84 75
35 48
100 154
9 38
58 112
36 143
100 160
40 55
27 24
24 179
40 105
76 124
52 56
45 174
57 152
17 85
7 138
77 199
92 168
15 171
14 118
53 165
31 153
37 67
81 183
92 100
17 19
59 12
12 174
10 127
36 75
92 169
17 13
48 178
57 150
98 47
73 124
1 71
60 117
72 142
82 114
5 11
76 71
49 115
28 74
60 48
85 85
55 171
61 60
97 51
5 121
81 55
25 73
27 185
69 176
40 118
86 31
21 95
12 68
66 184
75 92
61 88
81 147
10 112
85 115
7 46
26 156
35 20
86 43
3 89
77 174
15 141
70 145
14 22
68 164
65 86
70 57
65 145
39 29
13 174
18 44
93 135
81 131
16 27
38 125
70 130
19 173
99 95
23 99
13 163
62 133
88 96
36 19
81 93
65 147
14 115
22 77
37 120
29 172
87 100
68 14
90 106
20 52
13 85
17 136
100 99
83 160
8 79
8 164
62 106
22 35
49 185
52 66
16 134
50 184
60 161
7 124
42 10
34 22
67 182
15 90
26 76
5 180
26 145
42 191
78 34
96 75
52 197
75 52
64 113
14 74
100 162
70 128
23 67
80 61
60 85
69 125
88 147
62 158
57 199
70 180
9 26
74 83
16 87
6 144
28 61
30 18
58 123
90 161
6 149
39 61
73 131
50 53
23 154
51 70
68 195
53 164
21 191
14 195
64 165
98 167
63 58
56 90
72 157
57 23
90 194
55 44
84 133
65 23
62 71
93 63
100 55
88 27
65 183
41 140
84 177
47 162
14 102
82 107
89 10
44 94
11 19
86 144
75 135
14 170
10 37
20 119
54 96
10 27
54 114
23 53
62 163
62 81
39 78
74 193
54 121
55 49
50 124
67 76
65 137
29 101
74 187
20 89
54 169
40 126
67 45
74 56
84 121
39 128
23 134
97 21
29 96
41 63
96 174
26 88
33 29
50 24
17 165
9 191
69 67
40 118
33 50
46 34
38 129
100 126
29 32
85 107
71 38
42 188
6 197
100 74
71 200
91 180
76 153
66 154
25 179
7 102
32 191
42 97
78 49
47 89
38 57
6 77
39 55
10 115
24 25
14 160
16 72
38 200
87 64
84 169
60 164
76 34
89 113
11 93
97 57
67 11
30 141
68 121
70 138
44 176
94 120
60 25
24 178
36 15
84 48
92 93
84 153
62 196
78 77
79 180
55 184
63 104
57 160
16 183
73 136
9 51
34 64
31 87
21 53
9 115
3 123
94 92
75 181
7 170
15 85
53 71
15 120
31 53
51 157
71 51
95 91
70 48
4 159
64 72
88 56
73 114
58 165
72 103
76 30
78 63
73 57
56 109
46 121
61 65
20 28
