1000
35134
23 200
48 58
46 139
57 58
11 133
79 82
49 34
81 15
76 20
86 65
24 115
6 26
22 182
35 52
82 135
42 98
75 40
81 192
79 47
43 56
31 52
87 27
56 13
38 44
44 167
35 35
42 101
98 51
28 43
33 44
72 111
73 44
22 72
55 131
40 130
67 62
26 100
96 131
48 192
79 162
82 168
33 75
88 103
70 112
96 131
26 71
19 82
12 187
83 48
61 118
54 47
51 16
70 12
86 100
40 176
35 142
18 142
16 72
42 163
44 14
74 189
28 104
72 178
71 130
87 154
75 67
14 69
34 80
39 175
68 82
52 142
26 146
15 128
52 128
15 41
1 171
15 166
35 108
81 97
17 152
74 89
60 188
1 54
19 111
83 107
34 163
66 106
51 182
3 198
40 43
80 154
38 163
20 177
55 87
15 24
49 106
14 136
17 33
94 175
98 100
97 10
23 116
60 124
4 71
47 126
70 137
31 120
22 30
83 129
64 43
65 40
25 188
93 120
28 62
31 82
6 135
7 132
39 71
43 175
88 198
12 40
18 53
15 174
1 170
91 84
55 137
81 32
17 73
15 163
49 96
74 197
49 180
48 132
80 108
57 27
61 99
71 66
94 39
81 182
19 154
31 97
6 20
94 191
24 132
78 89
94 104
15 105
62 138
59 94
27 191
85 112
83 134
99 190
25 20
14 195
75 168
53 22
48 75
81 112
97 44
56 62
70 169
89 43
41 113
74 197
34 178
29 101
87 31
20 61
5 195
82 126
92 18
34 134
52 103
7 195
35 68
63 50
99 109
28 41
4 197
26 118
85 164
87 17
53 133
40 163
60 187
65 12
32 12
97 193
8 129
14 113
92 94
23 152
98 197
17 76
29 71
46 162
56 143
4 184
15 95
19 61
89 103
5 167
18 162
44 85
34 166
84 168
45 17
12 131
43 186
3 165
15 43
84 13
33 195
25 96
58 93
46 117
27 146
24 195
4 114
31 49
66 190
50 86
86 178
18 187
88 14
96 126
28 174
10 167
37 168
15 124
54 51
49 92
76 33
79 190
48 85
59 192
88 33
88 128
65 70
67 177
71 154
23 50
67 81
47 40
16 100
87 51
92 47
99 71
54 23
77 33
40 31
12 163
36 60
41 28
63 179
69 70
75 197
80 64
7 85
86 83
34 118
91 55
39 72
54 176
20 33
22 107
25 17
7 25
43 39
40 47
14 169
29 193
74 141
32 28
75 154
29 197
27 124
21 53
98 12
7 131
20 171
36 112
86 161
93 141
65 138
51 52
55 13
75 33
39 104
10 59
94 200
8 59
61 114
71 153
5 136
57 93
95 124
96 68
24 55
59 150
35 112
12 138
29 145
60 79
20 73
66 34
66 83
44 126
52 80
16 42
9 77
94 184
22 153
57 166
91 51
98 21
10 46
13 34
12 159
71 113
98 165
12 106
18 198
75 169
92 174
43 55
98 47
10 153
17 172
87 150
25 117
70 200
43 51
48 53
98 169
15 172
7 175
22 18
85 59
23 15
36 68
100 29
11 159
9 22
59 64
83 23
39 179
27 192
40 175
19 68
1 133
18 48
25 11
22 181
68 129
35 100
95 101
7 42
95 73
63 105
92 176
9 92
6 129
39 66
56 42
11 27
21 119
92 122
43 179
38 30
14 129
59 33
84 98
71 65
38 187
56 95
39 182
9 42
4 172
76 16
63 28
21 20
26 73
21 178
90 101
35 57
82 16
93 35
88 171
69 175
61 100
68 198
92 42
38 32
57 78
97 164
62 75
53 170
93 133
13 103
50 110
10 158
26 113
74 185
75 139
44 63
81 143
60 199
20 92
76 53
31 111
91 140
73 44
69 77
73 74
69 108
26 137
80 131
61 88
39 62
25 164
53 46
27 181
94 179
50 165
61 150
29 100
23 49
58 176
11 182
12 62
25 162
96 160
23 128
56 141
18 23
13 23
35 54
35 152
49 130
67 150
92 74
42 178
41 70
31 44
67 13
87 148
2 83
21 19
15 187
1 90
9 193
1 148
39 108
92 164
79 68
86 144
63 160
99 55
78 111
94 104
26 73
14 126
33 191
45 42
17 106
4 88
82 134
91 168
57 111
60 43
64 192
40 132
68 119
67 149
21 189
65 194
58 29
62 35
1 126
37 78
57 124
61 188
64 58
82 174
29 185
49 146
2 19
51 34
27 195
63 98
71 97
32 67
93 169
33 76
49 140
40 106
70 16
59 20
48 34
91 52
50 120
71 111
95 35
3 31
91 50
1 91
75 195
95 117
29 111
65 22
4 175
49 21
25 158
47 182
96 171
70 16
39 135
40 199
78 43
5 119
67 15
58 152
46 139
38 130
29 17
85 140
72 77
4 28
11 45
45 105
54 130
1 168
30 181
56 197
39 21
60 133
16 57
82 142
51 70
85 143
50 12
87 89
48 77
13 32
17 114
23 123
64 187
77 103
9 174
34 150
83 159
13 149
81 176
3 195
95 129
93 72
67 11
73 88
94 117
75 17
59 65
3 200
91 96
62 27
72 100
16 168
86 159
16 196
80 30
1 154
69 138
20 136
25 40
7 57
36 16
57 185
9 107
52 199
46 74
39 18
45 105
29 172
97 13
66 168
33 188
68 19
94 88
35 37
81 11
29 79
26 200
54 171
77 41
84 48
21 164
36 22
7 71
28 42
28 36
62 192
51 131
30 149
28 30
5 78
82 183
94 168
26 27
2 118
79 118
55 106
23 184
43 103
84 124
80 85
84 85
33 40
59 164
65 189
71 12
20 96
29 115
64 21
52 110
88 69
67 117
75 103
21 167
2 89
49 71
37 184
96 141
87 153
89 80
78 49
31 176
94 131
78 37
26 180
47 137
98 70
53 198
100 179
86 39
91 46
82 138
51 41
83 70
31 175
95 25
72 174
90 146
12 53
26 132
60 122
8 115
73 121
76 170
51 113
53 168
78 143
49 68
73 194
17 177
12 57
44 199
75 42
30 98
42 174
33 128
38 45
43 166
96 71
82 144
13 90
67 22
77 12
31 95
96 113
30 173
26 200
31 98
71 165
62 165
97 48
34 66
74 160
87 124
86 119
36 181
51 31
57 165
62 175
74 85
86 142
3 90
51 150
68 26
75 24
7 191
75 155
86 26
94 53
37 156
34 128
43 175
17 78
95 72
96 95
96 168
55 120
11 164
52 162
95 39
19 72
89 113
23 73
93 75
74 130
63 45
35 108
19 72
72 32
73 51
5 16
4 119
18 137
54 200
99 164
66 32
85 60
74 111
99 98
82 139
82 78
22 74
61 80
55 131
91 127
79 131
77 197
79 29
92 74
29 193
65 58
57 98
41 94
24 61
58 108
56 86
97 178
51 180
42 169
33 178
97 190
83 186
5 103
63 110
88 124
100 37
39 111
55 141
28 114
96 80
22 172
80 120
34 11
76 145
75 67
38 57
62 139
16 81
44 154
13 80
37 103
4 129
11 180
57 134
50 193
57 192
86 110
67 46
35 13
82 151
46 63
25 29
47 198
78 108
27 190
68 148
10 119
57 89
79 180
61 11
17 27
42 131
6 36
84 185
78 51
8 83
88 105
78 69
12 164
19 96
89 97
71 65
73 38
95 97
26 163
62 21
87 193
30 167
19 49
55 15
44 76
6 156
34 55
22 66
52 103
58 156
48 25
9 153
34 108
13 162
15 92
37 133
64 117
62 170
45 138
100 181
6 90
18 87
22 72
32 76
18 103
77 97
91 93
10 15
32 194
45 95
59 193
46 102
93 109
76 70
30 188
53 125
75 94
22 177
91 81
91 137
52 120
47 91
28 62
51 180
9 178
37 82
12 45
6 109
11 98
88 87
62 14
25 46
68 104
92 168
24 144
49 127
14 24
34 17
41 28
32 95
27 100
59 56
22 153
95 156
99 149
81 64
25 69
46 199
35 159
30 194
85 101
25 157
23 122
38 47
4 129
57 194
73 137
16 56
19 169
24 32
85 158
55 99
40 71
50 125
100 200
15 96
7 116
19 37
80 155
1 109
1 117
77 122
3 136
94 137
60 157
37 138
48 187
71 90
28 32
41 192
73 134
14 55
68 116
56 46
23 124
62 10
9 53
46 86
73 121
10 131
3 38
79 12
80 168
58 192
70 162
96 195
66 149
18 161
19 120
49 17
49 151
79 162
87 109
35 78
16 169
89 105
50 176
97 12
38 51
24 194
91 109
61 89
86 68
41 165
5 50
90 96
71 64
86 103
21 138
64 120
100 114
45 86
8 133
5 122
62 91
21 183
30 135
71 61
30 106
37 66
33 44
60 16
49 134
26 97
79 86
86 106
34 144
4 112
26 97
79 199
85 45
13 133
42 107
69 61
55 80
89 122
32 55
69 47
46 188
24 158
27 165
91 88
56 83
13 123
45 103
25 15
100 47
4 17
84 30
54 19
54 39
8 167
64 152
11 68
65 62
29 40
48 149
66 164
67 143
