1000
34376
85 156
1 155
83 20
93 182
87 95
60 195
39 126
48 120
33 110
48 64
64 81
79 171
48 71
77 140
18 18
81 101
45 124
70 197
55 128
24 33
54 129
71 148
7 59
86 111
38 156
10 129
50 130
44 187
28 193
80 121
57 151
61 199
34 52
92 173
62 177
27 69
14 30
79 114
87 32
19 62
100 30
91 199
19 143
56 74
93 197
21 188
60 178
60 107
47 122
51 151
91 173
100 178
18 186
95 198
17 15
60 105
6 198
23 156
6 75
23 180
75 132
53 57
26 27
36 134
52 165
47 122
46 127
27 92
80 40
76 85
61 70
16 136
40 176
5 84
44 107
31 163
72 114
85 145
17 31
14 17
92 121
12 122
13 139
37 101
60 79
6 160
46 173
3 147
31 72
32 66
75 61
42 168
24 13
61 30
56 157
18 73
53 100
22 17
80 33
1 136
93 108
32 110
3 109
50 10
98 54
52 71
31 156
45 48
43 62
20 181
77 115
7 119
43 148
54 190
49 195
6 200
87 13
10 73
69 108
41 151
36 143
90 30
49 130
13 167
50 178
90 165
49 57
86 104
47 186
44 159
6 59
52 136
56 58
10 41
9 18
47 150
95 38
91 177
47 78
6 55
65 15
63 124
45 68
25 42
92 31
80 14
78 87
26 157
34 50
27 83
87 169
96 133
100 26
39 60
37 60
81 174
2 31
6 61
91 47
43 128
89 168
1 162
50 63
7 142
12 126
51 158
60 21
35 99
65 14
91 113
2 70
48 197
22 27
56 104
56 93
5 150
78 114
36 72
75 107
45 78
68 38
49 184
23 30
33 126
49 29
83 165
100 110
36 20
87 40
44 115
24 156
91 39
60 30
39 112
33 114
66 37
11 54
97 70
72 140
65 39
9 177
62 136
44 70
7 147
74 53
4 80
6 170
71 110
26 101
75 78
90 191
58 143
20 162
26 198
30 169
44 150
84 157
81 161
2 78
65 38
88 141
20 35
37 34
48 130
70 113
94 65
6 92
77 79
5 140
29 152
73 65
43 120
87 151
21 23
74 89
32 28
34 200
47 197
10 83
14 190
11 54
56 126
43 29
40 117
45 12
68 182
35 138
45 43
25 118
76 118
90 139
12 62
96 115
74 69
91 52
76 24
86 132
48 165
16 105
35 148
67 47
44 161
5 30
1 26
24 76
72 15
88 20
13 101
66 76
64 32
84 73
86 119
57 107
52 161
52 169
12 56
97 185
78 120
1 131
7 94
85 141
40 73
4 199
75 191
80 196
29 189
64 160
45 139
89 145
4 40
87 191
6 184
39 143
45 195
49 20
88 109
44 12
24 81
48 61
38 119
12 85
94 183
59 195
19 92
44 24
100 73
76 119
25 97
43 111
16 46
18 117
8 14
66 125
48 188
100 59
26 66
68 200
83 74
18 129
15 140
45 52
96 161
34 59
79 104
95 15
65 170
81 164
81 98
33 163
17 195
74 49
73 71
42 108
97 91
8 105
76 108
54 154
61 25
94 124
73 119
91 135
74 20
18 163
10 49
82 172
74 184
13 198
53 120
66 42
21 110
2 34
41 113
18 88
14 191
99 38
38 149
39 101
8 109
48 40
28 139
22 193
91 78
57 171
67 198
29 136
19 104
7 48
18 123
36 133
17 67
3 126
30 13
46 11
87 158
11 52
65 43
8 17
20 159
30 129
27 186
91 101
54 134
67 20
16 72
92 32
60 56
14 149
64 131
25 111
23 93
68 118
15 172
96 116
70 136
8 200
89 114
52 187
1 158
18 162
5 47
99 126
87 185
41 103
15 195
94 120
65 130
55 76
38 75
50 41
56 121
1 41
97 71
37 117
85 147
13 110
23 78
26 179
27 107
84 191
58 63
97 173
97 81
58 13
52 110
31 86
67 160
22 114
74 72
19 77
5 26
97 36
14 187
25 194
65 195
34 88
75 65
7 64
51 47
41 179
65 191
42 36
1 140
65 199
11 177
63 38
94 105
61 71
19 39
36 70
5 189
3 58
93 80
63 121
73 140
88 27
93 79
51 46
27 166
72 186
14 171
16 10
59 193
30 23
88 198
10 104
91 80
74 25
100 144
77 173
2 58
9 83
25 186
71 119
15 163
8 15
52 69
4 149
54 155
48 84
50 112
94 138
9 85
84 110
85 13
86 163
1 171
54 68
71 115
17 192
84 142
26 176
56 191
87 66
40 106
86 120
6 187
35 132
44 173
15 76
58 58
70 186
100 183
89 51
50 186
23 164
26 71
40 23
16 143
12 109
71 145
47 128
79 20
58 144
31 22
28 58
96 171
8 69
100 48
85 142
69 120
33 140
47 32
89 86
39 46
31 114
72 97
4 50
82 145
52 10
52 58
100 192
62 193
10 96
80 199
64 159
45 149
54 49
77 168
5 89
98 99
15 134
45 141
17 175
48 132
28 158
25 62
6 193
58 61
85 129
61 198
65 130
7 39
83 56
9 154
73 20
45 95
29 163
55 107
1 141
81 195
100 17
43 189
5 128
50 156
83 71
89 142
59 194
48 161
91 143
98 182
5 148
13 135
9 124
60 35
67 49
62 109
22 47
7 130
69 179
22 22
67 54
61 118
89 188
58 94
90 116
87 128
89 85
83 157
94 182
11 177
6 168
74 113
51 21
5 119
17 74
4 150
71 58
71 98
58 169
3 32
49 115
5 40
62 38
41 84
67 180
98 155
57 99
96 74
79 166
86 75
90 183
32 42
84 28
10 197
39 43
88 113
100 11
79 153
61 151
96 117
46 162
66 39
15 139
2 58
73 92
81 24
32 183
81 96
11 181
73 30
41 127
64 69
84 88
25 115
91 135
94 133
82 18
78 17
18 11
33 122
91 183
17 175
18 147
26 154
70 88
23 140
85 63
21 42
94 25
51 37
74 35
87 178
14 31
48 75
77 181
76 186
18 23
83 179
77 157
81 153
69 55
74 53
49 181
24 191
61 123
40 183
13 141
7 58
26 153
19 174
93 148
18 60
55 49
83 147
71 58
63 112
6 127
13 118
13 76
33 134
23 67
47 184
39 128
81 32
60 195
14 53
3 94
99 139
44 39
40 86
64 17
32 126
56 53
49 167
75 22
68 41
54 127
66 148
77 11
62 31
37 73
29 109
18 73
47 151
48 69
96 131
45 80
66 70
87 129
10 51
75 154
61 36
65 82
24 144
85 144
1 168
30 20
2 182
97 88
11 95
54 27
58 153
55 159
100 79
53 132
48 48
78 20
47 103
67 197
43 52
21 163
28 149
38 90
19 180
6 176
73 192
38 59
31 175
50 154
3 164
20 80
8 92
71 99
47 20
12 128
17 80
79 30
78 179
28 190
5 132
15 53
61 156
59 154
15 151
72 127
28 31
71 52
1 27
21 59
87 186
83 52
67 127
51 23
27 188
68 182
42 181
77 103
41 160
5 83
76 169
70 38
85 141
41 108
34 198
45 129
6 169
79 124
16 180
66 153
77 169
21 132
76 189
49 14
6 160
73 194
79 30
12 103
100 95
32 24
55 19
39 158
12 68
34 45
32 141
45 51
35 180
49 35
56 47
97 98
47 151
1 86
12 195
54 147
90 185
59 103
46 130
17 83
11 174
40 21
88 113
39 198
58 110
60 91
51 173
36 64
27 118
29 44
49 10
100 147
25 73
75 62
32 29
22 172
97 180
100 116
5 116
84 185
91 75
74 73
12 35
56 97
22 163
22 157
20 165
21 155
11 63
27 149
46 80
32 200
11 145
86 26
2 68
31 30
56 194
32 185
3 119
88 152
81 124
16 105
19 143
62 70
51 74
89 151
5 127
39 120
51 46
31 134
25 151
6 58
49 31
18 72
72 192
56 22
43 134
20 66
9 83
3 130
35 52
33 47
34 194
37 39
70 125
13 105
96 114
31 21
84 99
34 81
13 58
56 111
73 118
51 179
75 124
23 109
3 15
69 86
13 93
69 175
12 22
93 99
26 94
87 20
41 168
77 97
43 54
37 114
62 13
23 190
69 156
3 184
40 178
24 30
69 146
87 113
36 34
28 110
60 188
29 98
66 11
77 62
79 23
6 116
45 87
65 127
7 96
36 127
43 143
97 111
88 66
71 135
82 21
44 191
83 24
47 109
72 195
32 163
41 123
23 179
72 76
95 200
53 199
81 170
18 88
45 194
73 93
65 144
27 47
87 146
50 125
83 166
93 170
9 35
37 120
34 46
7 118
22 15
56 171
21 193
57 59
51 90
18 92
68 79
75 10
27 112
88 29
81 27
39 20
36 120
84 133
88 17
84 147
9 75
80 35
65 199
30 113
14 164
42 154
41 29
47 58
51 28
18 120
10 14
3 83
65 118
12 57
94 30
78 113
59 103
76 186
50 72
71 97
34 52
23 102
70 120
97 171
96 190
46 16
9 114
74 43
26 176
100 47
58 97
42 197
59 34
62 136
92 48
75 84
10 143
99 125
46 98
30 157
