1000
35322
49 39
33 146
26 136
86 127
7 85
75 135
36 66
99 67
100 89
80 181
56 83
58 109
7 185
86 195
18 72
72 179
87 194
17 75
17 137
25 149
22 56
67 62
70 144
59 171
78 71
30 84
54 14
81 78
96 120
79 155
29 163
98 161
12 102
16 153
7 70
62 198
50 37
74 74
60 147
35 38
14 80
55 190
71 15
32 103
9 35
29 15
12 37
95 100
29 171
97 154
16 191
10 129
80 175
51 52
77 174
33 48
42 100
11 108
13 104
39 179
45 189
55 180
6 181
40 147
5 65
50 186
82 99
52 42
35 63
41 72
6 120
5 41
3 46
22 125
38 25
92 72
68 75
16 34
36 14
70 100
9 157
82 158
21 77
87 133
96 173
29 82
49 173
27 98
20 148
70 111
29 80
92 161
86 183
35 73
71 31
44 198
78 14
67 152
82 191
45 165
8 50
91 15
99 141
14 114
9 134
53 130
99 143
1 40
46 182
49 127
69 152
72 159
42 108
75 66
57 106
36 183
16 45
12 73
21 190
22 158
88 159
66 195
65 195
47 126
79 130
50 93
60 96
60 26
80 176
66 155
81 80
73 87
80 14
8 110
97 17
98 192
28 146
52 194
41 197
30 82
45 14
50 200
13 156
16 30
25 42
63 92
88 20
22 67
23 17
6 134
80 13
5 15
96 115
75 99
16 143
77 49
44 20
39 140
39 189
70 150
4 148
81 60
66 87
26 92
55 82
33 105
11 103
4 80
37 68
59 167
46 20
4 32
22 97
70 41
86 146
65 32
37 152
47 180
54 124
65 63
32 70
61 87
44 182
9 67
56 102
53 83
25 152
27 186
35 53
28 103
62 154
55 135
51 92
69 61
42 79
85 169
90 128
67 77
40 149
94 40
37 75
67 192
75 96
72 13
24 94
34 170
48 43
69 173
72 13
98 118
27 176
50 188
12 88
39 187
62 193
79 122
52 66
21 151
21 34
46 189
35 175
30 67
52 135
93 126
21 54
33 155
51 199
88 138
74 42
5 125
39 106
68 91
26 18
75 49
71 147
98 49
53 178
99 61
39 147
15 80
90 133
33 88
5 37
42 63
26 45
8 168
42 185
62 155
73 169
72 88
92 180
43 182
86 46
68 183
11 122
82 140
28 107
59 43
20 107
16 23
39 39
95 106
10 17
22 128
98 94
58 69
90 62
79 116
55 166
45 46
58 40
22 134
97 101
23 108
17 184
39 173
4 57
64 56
4 189
20 163
73 61
13 105
77 128
65 160
40 194
34 15
57 125
85 160
46 155
83 32
42 189
5 89
87 65
19 195
9 158
23 78
66 44
65 187
56 112
92 45
31 28
90 10
52 24
42 154
48 49
21 104
64 170
49 103
35 95
77 81
55 198
74 53
58 102
18 18
81 38
9 15
32 172
56 33
74 11
2 102
67 164
86 76
65 129
84 155
49 200
98 138
95 74
11 106
6 116
47 190
42 62
57 47
75 67
28 56
41 121
96 52
75 40
15 24
78 185
86 83
89 129
57 51
95 80
69 172
94 151
21 186
20 122
45 181
83 188
8 102
3 151
67 193
1 63
10 15
26 19
35 111
66 161
32 94
87 141
31 115
31 161
97 13
72 56
36 137
40 198
90 65
63 78
34 149
40 94
8 193
9 179
98 92
57 130
52 126
37 125
62 148
42 127
24 12
86 113
79 30
21 118
29 113
46 14
67 75
85 74
97 45
92 180
82 97
99 185
49 187
60 135
82 41
92 120
31 79
58 14
49 184
21 24
38 63
44 183
22 198
18 60
25 188
36 187
15 151
22 118
69 100
66 102
36 76
18 31
28 129
45 124
31 142
39 93
79 97
2 62
95 51
29 132
59 94
37 71
4 154
53 50
93 96
53 121
95 20
93 174
80 162
45 37
16 198
72 123
75 75
93 26
43 179
94 113
38 50
4 124
22 103
56 67
14 70
14 87
48 40
81 33
2 40
47 25
39 37
61 176
14 190
22 54
13 87
79 120
69 11
43 115
69 118
45 59
28 42
12 72
37 21
44 177
20 18
3 96
28 85
42 118
83 18
25 176
40 189
98 155
25 20
85 194
63 191
36 51
70 16
59 196
83 54
35 20
61 19
77 11
94 154
52 88
86 72
96 79
57 199
8 152
79 185
19 132
2 129
73 153
74 95
57 94
41 100
33 93
10 60
21 149
38 36
41 58
91 22
6 80
70 177
54 18
45 130
66 26
62 165
88 51
83 178
56 166
56 56
73 154
84 180
16 82
94 63
37 130
70 180
58 105
50 124
37 133
57 104
57 113
64 50
35 31
64 105
67 133
53 136
20 99
78 174
46 113
84 186
22 117
60 44
23 31
88 124
59 112
46 30
58 133
74 153
60 198
90 153
88 139
17 141
31 139
41 180
37 128
24 155
53 48
18 96
22 150
58 187
69 142
62 27
97 89
72 75
50 87
22 64
96 112
15 178
63 161
7 108
31 79
27 138
100 153
99 93
81 116
58 66
91 195
93 13
33 183
60 50
10 102
58 143
42 149
100 78
74 63
61 113
22 75
63 141
27 50
28 40
38 121
53 110
60 90
28 22
33 41
32 44
23 93
77 131
14 111
66 80
63 43
66 103
22 190
21 63
87 83
100 128
22 174
87 177
31 113
20 173
87 176
86 105
33 145
57 140
10 46
82 17
8 142
15 106
4 74
16 77
72 148
56 123
77 78
14 165
7 192
87 14
34 57
1 149
22 37
90 133
70 26
71 146
38 122
55 40
59 186
8 122
57 103
7 190
72 183
84 125
25 200
16 192
26 146
49 23
99 144
57 124
21 35
77 104
11 129
26 165
36 162
67 100
16 128
31 27
40 167
50 81
69 152
7 65
95 149
78 160
86 55
16 70
83 40
72 86
20 157
79 166
4 139
38 137
30 17
4 10
13 119
41 11
51 195
20 119
75 97
26 27
24 164
42 109
86 118
50 137
99 113
5 63
83 167
64 24
53 130
16 68
88 29
42 99
2 109
60 133
8 121
11 29
59 21
82 93
53 183
65 143
74 12
45 144
4 98
6 60
89 128
22 195
77 56
47 15
36 125
60 58
17 184
47 59
65 39
61 53
82 160
55 39
2 19
12 40
40 40
20 122
15 139
76 20
3 160
18 168
30 112
14 69
61 53
37 166
41 149
100 147
6 134
7 144
53 41
88 72
62 153
28 125
17 82
88 21
67 122
18 92
73 83
99 93
54 167
97 170
39 93
95 195
49 190
7 184
83 121
42 25
72 43
50 59
75 93
85 79
70 81
49 138
32 18
50 40
67 77
46 44
76 108
95 47
55 26
39 150
61 192
16 196
50 175
30 76
58 53
81 50
4 122
59 98
82 56
22 71
93 73
40 13
68 184
51 100
20 177
64 55
67 65
35 49
87 28
21 149
72 39
51 167
88 181
68 197
61 198
6 52
4 192
65 91
55 99
62 172
90 147
43 176
57 108
84 112
33 168
66 171
10 60
24 19
95 162
48 150
86 181
34 191
58 128
69 88
46 133
86 48
70 50
50 195
2 53
10 134
23 112
36 190
62 146
66 37
100 165
23 18
87 11
38 89
100 135
70 11
50 69
54 105
93 126
18 168
78 39
93 109
28 106
65 135
30 102
96 24
32 173
40 85
13 99
93 124
24 174
81 181
35 17
48 175
98 137
88 195
46 149
31 39
71 43
41 58
92 190
83 198
51 37
40 51
56 137
18 107
21 52
26 13
68 112
84 192
76 67
81 16
79 89
12 80
83 184
97 60
79 143
75 36
12 63
9 109
30 69
63 75
83 84
73 143
84 114
50 49
22 137
73 167
74 31
87 199
13 162
54 159
2 51
16 17
74 181
27 194
88 181
48 79
3 85
48 173
36 168
60 82
49 18
98 196
14 75
28 11
82 180
66 29
84 157
94 28
83 99
100 159
89 34
94 191
26 32
74 133
73 147
59 197
14 38
55 163
15 113
3 42
93 107
20 24
50 51
70 77
99 141
91 36
91 151
3 90
97 190
88 45
4 138
42 190
7 57
35 158
27 18
17 125
77 190
31 158
21 11
40 165
11 197
20 75
12 65
28 195
57 54
87 156
82 93
23 55
46 138
59 31
11 55
81 163
7 53
95 188
61 20
87 179
82 132
85 103
2 71
96 90
43 192
47 30
80 51
25 145
43 45
37 22
78 93
44 133
39 76
45 122
33 178
58 72
83 19
39 199
91 102
23 26
29 30
70 28
87 90
12 170
70 147
26 70
1 172
55 166
23 93
51 120
6 117
28 79
66 113
84 99
50 24
73 86
71 80
11 124
87 94
45 156
93 193
28 17
88 70
84 53
42 108
29 58
69 195
96 69
21 78
32 121
19 106
15 149
3 99
30 148
74 199
87 49
19 69
73 25
33 37
78 173
22 38
4 197
100 173
68 74
65 53
76 54
54 48
26 182
23 166
17 46
40 106
15 129
95 144
44 165
