1000
35180
65 13
59 103
64 20
92 108
15 62
77 31
6 161
67 87
41 180
94 191
87 95
12 145
7 158
34 138
82 149
13 88
89 170
46 135
17 155
53 185
17 175
51 114
23 103
96 193
42 167
48 12
67 192
92 99
39 71
85 154
6 166
3 182
6 176
90 35
50 51
40 170
2 67
99 133
4 169
40 134
80 137
46 142
28 195
66 59
41 61
8 108
4 112
45 129
5 116
44 99
57 39
84 170
90 54
29 169
68 12
30 200
91 114
42 136
28 114
48 26
79 86
93 162
83 196
65 67
68 12
32 96
65 84
69 10
61 158
75 51
44 68
67 125
48 81
10 59
12 135
48 43
15 94
62 191
57 142
79 101
15 179
62 148
44 128
95 123
95 71
68 84
43 126
27 171
55 69
70 84
63 121
70 15
21 177
45 152
1 32
11 97
13 33
30 118
71 10
68 54
33 188
75 23
46 73
57 135
31 100
34 177
35 63
51 70
54 117
29 77
34 111
33 122
100 41
71 93
85 194
64 21
28 164
29 19
50 37
17 15
41 57
27 154
4 53
18 198
38 127
48 182
95 51
61 110
84 23
9 139
2 147
21 98
15 58
34 196
31 22
98 117
23 169
20 21
95 62
79 46
94 34
52 36
48 41
70 163
55 21
47 194
15 19
8 163
73 151
67 107
65 104
93 154
44 93
48 112
30 199
28 97
86 45
15 129
83 190
73 81
60 10
58 185
53 170
24 133
5 104
44 55
56 104
49 84
68 132
33 164
57 196
1 126
9 135
16 25
40 38
15 103
7 67
16 103
38 165
68 17
8 40
92 200
34 15
61 112
47 97
87 112
91 134
26 12
95 73
63 58
34 194
28 105
27 146
30 99
84 14
41 67
69 192
78 194
58 110
57 157
19 116
36 200
45 28
36 111
61 160
94 180
8 80
4 19
57 131
17 156
6 123
24 164
38 197
49 34
84 66
19 197
41 40
8 130
67 68
73 160
78 133
18 71
70 91
33 41
91 53
75 179
64 43
77 74
39 194
29 117
40 74
97 74
19 34
52 22
64 101
55 47
76 117
28 18
73 45
54 148
46 21
98 27
18 136
29 85
52 36
24 19
65 199
59 185
76 145
16 19
45 158
35 54
71 110
60 10
78 151
65 167
1 130
91 156
26 130
76 29
30 131
86 110
64 193
35 96
15 98
52 186
37 24
16 107
41 11
27 170
55 169
62 121
45 68
29 112
42 17
74 17
100 189
81 172
12 43
96 149
28 177
97 188
28 51
73 29
99 76
86 165
65 130
22 155
3 51
8 113
60 126
46 143
84 179
25 92
85 24
23 40
90 33
61 35
78 49
15 132
36 195
94 151
86 23
24 171
70 114
48 92
64 112
74 172
9 146
16 41
36 144
19 190
2 116
98 32
61 193
64 143
57 186
93 117
20 78
10 199
21 159
88 126
18 172
12 112
40 139
33 48
98 39
8 91
24 67
94 70
79 11
71 183
78 40
78 191
40 20
83 81
29 79
25 29
63 23
81 200
4 142
40 25
38 193
71 23
51 120
22 42
91 137
45 83
29 46
100 114
19 62
52 91
59 60
54 144
55 119
87 40
28 112
48 130
21 151
77 121
81 49
22 167
33 53
29 181
3 100
51 54
96 107
1 99
79 10
52 167
9 49
19 37
74 32
87 63
48 163
49 141
25 148
52 147
42 131
79 71
24 39
82 12
36 119
21 59
30 120
51 103
88 131
72 63
89 63
32 34
90 20
21 18
14 155
53 138
74 39
95 172
58 117
6 197
15 33
54 181
25 166
66 29
89 191
49 36
47 134
46 88
93 160
35 163
41 14
96 190
25 102
52 99
38 23
33 171
98 73
3 133
8 143
16 87
83 195
84 30
16 21
68 152
91 170
26 67
3 104
41 141
45 184
87 57
36 136
87 117
54 42
55 40
32 11
85 31
52 167
54 190
1 198
21 152
81 125
47 90
83 64
67 91
63 191
86 168
45 182
59 109
50 155
74 120
9 16
90 160
69 57
2 181
28 121
75 93
11 89
87 26
18 141
28 189
90 184
20 149
18 131
38 174
94 89
100 17
69 121
80 92
87 37
52 165
95 149
11 17
21 161
18 84
22 177
74 36
50 19
88 188
5 12
86 69
51 149
18 22
94 11
44 54
69 168
43 157
63 133
55 116
13 17
49 180
95 165
99 85
75 126
9 45
55 70
81 37
4 65
39 78
70 124
60 22
20 123
36 152
22 113
15 144
58 146
97 108
68 159
50 161
33 91
16 128
8 26
6 147
98 113
51 106
98 186
35 44
66 184
61 157
93 173
68 136
41 98
72 134
55 43
69 176
25 101
2 33
64 19
14 28
21 54
74 14
32 127
97 126
37 10
30 39
97 104
71 42
41 149
78 173
35 176
96 73
10 192
71 199
32 76
33 50
70 194
89 80
80 17
81 159
88 197
76 40
73 137
18 99
45 161
23 147
34 170
96 42
97 62
36 71
57 114
42 44
57 83
78 64
25 93
61 163
35 89
81 161
58 149
10 110
9 143
53 79
45 91
59 156
68 129
21 144
33 198
97 35
97 100
28 25
8 189
73 13
20 99
17 200
10 128
81 40
36 114
88 27
43 158
15 105
69 103
16 138
88 182
24 45
36 96
47 64
37 23
92 48
94 84
72 195
2 70
36 90
11 133
89 141
46 193
26 47
32 132
36 90
58 174
57 187
60 162
53 46
56 33
98 16
37 141
1 188
54 172
44 177
57 11
17 172
56 62
95 41
61 36
23 69
31 194
52 22
48 176
65 167
38 195
89 47
79 115
54 193
38 84
39 45
39 152
32 63
62 51
49 29
50 162
63 125
84 90
39 121
7 139
71 156
39 171
95 156
72 13
31 64
20 170
81 105
92 162
84 181
16 128
34 101
73 142
43 10
81 173
51 13
39 47
3 86
73 102
27 53
60 82
13 141
73 111
23 54
98 111
35 150
65 102
93 182
95 25
18 98
78 188
98 72
3 179
76 17
60 55
36 159
96 70
23 73
31 91
41 130
88 145
81 187
71 197
58 184
59 80
25 151
77 167
6 162
10 151
44 98
77 123
1 61
62 63
57 138
14 85
65 140
92 71
7 85
71 31
10 152
97 113
4 56
89 181
9 121
99 106
24 72
94 130
29 85
33 125
52 177
88 19
75 178
10 160
33 129
36 122
66 113
14 122
62 130
52 65
11 66
58 101
25 197
15 179
89 118
42 176
23 51
3 124
99 61
40 197
98 38
64 70
34 112
97 88
52 144
56 149
83 43
26 94
50 44
90 43
48 13
95 199
30 22
63 62
77 82
17 138
37 34
75 37
87 141
95 149
93 15
14 44
50 80
31 47
9 44
49 160
48 125
84 114
22 168
74 168
22 96
16 166
95 119
41 47
9 59
26 97
96 176
52 153
1 155
19 49
97 156
97 138
86 159
45 172
5 94
22 110
53 111
64 44
29 156
13 99
64 175
60 30
40 177
40 101
93 184
13 176
85 124
30 10
30 77
24 61
95 182
33 57
24 169
13 172
53 56
88 15
32 104
16 126
58 15
42 72
79 115
62 183
79 115
21 140
38 79
81 57
85 58
62 29
20 14
29 33
70 11
70 93
67 189
42 51
60 79
5 20
25 45
28 73
87 77
16 64
21 152
1 128
3 137
64 31
53 155
33 51
47 72
74 164
29 53
20 163
74 195
72 75
59 58
56 117
61 46
4 178
1 34
50 128
86 10
88 93
24 31
64 85
70 142
20 30
30 109
36 54
26 154
32 149
99 84
81 37
41 137
6 80
12 86
29 33
38 81
63 134
89 59
98 184
51 92
74 16
55 181
79 34
32 103
86 177
22 59
20 120
72 138
23 132
5 96
82 141
10 63
2 122
83 29
76 73
18 99
77 42
7 139
18 149
34 119
66 122
8 100
7 156
35 135
13 53
87 128
96 156
62 146
95 48
56 33
97 150
41 143
19 150
13 136
92 39
44 36
57 41
24 30
5 116
37 153
24 178
68 78
54 137
45 164
26 11
61 36
24 59
56 114
5 118
61 167
89 142
35 181
76 114
88 58
62 189
20 77
54 109
43 124
87 165
68 106
73 118
55 74
44 106
20 35
64 154
3 198
29 120
38 52
56 157
65 48
48 65
35 116
72 45
77 76
73 134
85 152
41 111
59 47
49 74
62 129
52 95
76 183
42 150
88 19
82 45
48 140
29 71
26 198
63 73
30 187
36 176
66 134
67 143
20 143
69 105
72 47
91 71
99 85
54 20
76 15
38 17
72 145
34 18
85 112
32 35
87 109
92 70
85 61
63 136
39 80
25 134
73 37
10 64
88 163
54 125
45 93
2 160
14 99
49 88
13 105
35 35
20 70
97 42
98 66
34 106
100 143
34 47
44 134
24 160
42 113
86 77
98 78
53 159
18 167
100 22
55 123
69 181
58 189
42 171
33 77
32 15
65 76
37 113
19 146
