1000
35385
33 39
1 175
91 114
67 160
69 96
89 188
67 82
36 130
3 180
57 63
14 151
27 166
5 31
70 27
19 115
67 80
69 168
50 19
68 107
24 47
25 33
17 23
37 74
49 111
12 138
22 43
9 37
86 139
19 42
23 159
19 80
88 74
23 45
56 187
11 106
94 37
82 97
84 54
91 160
53 38
18 193
82 53
16 12
77 70
86 36
25 191
44 17
13 178
2 78
29 67
32 140
93 152
26 11
52 151
76 111
49 118
95 129
39 47
2 135
82 68
61 38
46 46
42 53
3 68
98 124
16 22
78 188
65 19
53 119
20 58
97 88
81 140
60 108
1 59
70 18
32 52
65 187
80 147
69 37
24 92
81 163
69 142
49 200
19 134
70 178
73 123
7 54
28 190
47 185
98 10
38 149
1 193
91 149
18 109
84 126
65 168
5 113
67 91
7 165
29 61
66 74
38 175
59 118
31 149
8 151
65 95
52 59
90 60
11 107
53 24
22 48
38 196
84 191
28 138
44 122
75 180
20 68
98 87
72 186
12 179
23 160
45 94
62 114
75 20
40 194
68 44
12 21
79 156
82 28
72 31
43 35
53 189
86 97
16 29
55 153
30 176
41 158
74 26
30 159
45 18
7 163
54 79
75 155
19 191
74 55
74 198
87 187
9 181
8 136
18 107
47 171
26 26
15 110
70 116
9 62
1 25
80 177
18 76
62 168
74 195
23 109
65 38
67 90
61 18
15 188
77 69
11 120
14 169
87 153
6 191
42 165
51 163
91 119
18 31
72 80
89 136
25 126
35 60
46 20
38 127
51 187
68 123
46 112
53 88
57 37
98 106
44 17
62 15
28 14
85 18
18 63
5 80
70 146
68 151
11 116
99 23
75 98
19 105
58 198
64 174
97 18
63 175
98 55
14 92
15 127
74 139
67 125
89 192
74 123
85 177
82 192
80 166
2 135
26 137
42 146
33 175
62 66
100 148
32 45
95 197
68 67
5 100
24 106
73 49
27 188
30 146
14 167
17 195
13 16
75 13
28 149
56 64
37 171
43 103
14 100
15 138
34 48
31 56
99 71
64 31
4 140
46 21
54 63
98 136
10 58
25 82
29 73
72 166
82 88
27 77
28 155
61 198
4 14
88 121
14 59
67 120
4 160
1 64
91 49
85 71
33 169
93 90
66 18
37 78
16 189
39 78
66 126
52 136
19 156
90 195
89 47
69 200
44 180
13 58
59 55
76 108
23 99
6 101
89 183
86 95
94 34
71 182
99 55
59 47
35 55
91 178
74 25
41 53
81 92
14 14
36 190
28 157
55 79
49 128
70 130
33 82
29 149
62 45
70 156
7 134
95 174
90 105
58 101
6 100
96 134
15 146
92 161
21 196
3 38
84 128
100 32
65 101
6 190
49 41
61 108
52 52
54 65
19 113
22 141
11 114
99 23
12 28
42 73
90 148
93 167
71 57
55 172
71 199
34 114
92 85
86 143
40 15
7 73
61 126
73 13
81 18
96 175
91 82
34 27
86 54
70 59
44 76
63 131
62 37
98 36
19 85
52 42
27 155
77 133
53 143
17 131
71 178
80 137
81 148
52 157
19 61
65 153
4 71
43 49
34 165
46 38
45 186
51 135
6 110
2 157
23 46
19 114
91 156
85 65
94 192
59 33
20 121
72 33
61 81
50 49
11 84
75 185
7 150
21 187
73 102
87 191
4 17
96 47
45 16
61 183
23 191
36 26
84 80
23 178
90 34
79 13
40 56
57 113
76 61
32 109
4 155
47 51
93 92
96 43
29 85
15 31
22 65
78 136
41 59
79 187
44 24
86 195
64 76
56 169
78 172
48 86
86 34
18 75
82 128
24 110
55 22
67 95
46 120
83 18
4 68
12 67
73 74
66 85
43 119
90 10
2 156
7 38
39 190
65 21
28 63
37 46
22 162
79 165
72 195
92 93
39 105
5 102
6 62
46 22
60 22
85 98
13 179
84 28
4 179
48 20
3 193
88 17
20 68
98 79
79 93
29 45
18 74
47 161
36 89
35 97
65 72
68 79
47 39
69 200
19 184
97 66
84 35
54 20
86 123
64 59
17 46
86 117
97 169
45 55
63 56
89 94
14 92
60 62
23 128
22 132
59 17
30 43
15 72
97 22
78 133
46 181
19 174
8 175
69 135
25 108
54 60
33 157
41 171
7 114
20 77
57 197
71 76
92 183
12 164
12 139
15 22
29 18
15 171
33 50
46 136
54 106
49 194
1 195
29 94
1 170
85 177
89 60
61 163
37 156
46 79
17 151
29 19
38 87
90 85
22 117
17 118
54 169
82 24
33 24
6 34
48 78
6 108
14 124
88 65
21 125
63 144
21 194
85 69
9 30
34 179
39 113
33 19
33 200
62 135
80 152
43 130
28 50
4 50
59 117
2 100
44 40
83 176
33 39
10 76
99 127
43 163
40 89
72 185
10 103
56 108
80 52
88 186
95 107
98 69
60 62
94 177
9 148
34 66
59 113
93 134
43 118
10 189
96 177
26 161
53 117
37 106
35 140
88 162
74 123
94 163
4 97
87 158
23 108
72 182
28 152
91 60
46 20
68 65
26 16
65 161
18 190
31 23
54 87
47 25
93 188
37 104
6 200
40 74
7 97
28 164
17 166
11 63
29 165
23 39
74 35
35 152
97 47
36 145
10 77
84 197
18 58
93 135
53 98
92 109
70 136
45 26
95 191
95 140
2 167
37 195
85 115
25 93
62 17
35 145
55 122
18 32
23 63
91 136
76 42
20 60
72 63
44 40
71 54
75 39
1 176
3 70
30 103
66 76
30 67
75 151
43 22
53 134
50 142
97 10
91 39
42 93
58 35
72 49
65 26
45 45
39 110
71 131
34 187
1 94
12 174
54 157
23 59
95 26
25 150
49 74
69 148
18 22
84 131
90 47
75 158
91 43
33 11
61 45
45 70
91 96
92 44
62 169
36 48
60 48
49 16
20 192
74 186
18 70
9 110
35 11
72 109
39 169
41 110
33 140
8 104
91 46
85 176
37 27
76 74
28 133
45 17
47 52
34 106
73 154
83 180
23 29
86 157
69 118
69 112
40 35
85 79
52 83
22 163
71 155
62 160
77 134
95 144
83 98
73 189
91 83
96 14
31 66
30 17
40 44
99 86
42 85
78 157
8 111
23 65
31 83
72 89
60 89
10 159
16 160
78 171
72 187
31 109
12 33
5 179
83 113
76 196
98 194
90 42
82 59
95 162
36 175
89 74
75 127
8 75
18 94
38 93
72 185
70 57
97 58
47 106
5 119
24 137
19 86
2 104
69 146
5 149
38 184
3 49
69 117
20 187
52 14
97 99
73 12
5 116
26 109
53 88
58 48
21 77
8 19
81 154
56 106
95 148
70 63
33 189
38 108
2 190
11 53
97 40
99 32
8 70
64 11
53 155
25 135
92 157
50 86
100 188
3 122
70 21
95 73
4 57
55 131
76 129
19 106
28 121
44 155
1 60
50 152
61 157
72 141
75 167
93 140
100 112
67 149
13 116
14 100
37 119
4 20
74 66
59 51
67 31
39 54
88 36
30 98
63 156
2 42
3 65
80 40
51 95
91 10
85 116
85 176
99 174
37 135
22 50
68 142
30 58
33 11
81 31
22 186
96 68
96 123
46 107
75 135
69 106
25 150
58 97
100 13
70 146
32 185
12 129
54 164
3 117
20 188
93 14
63 81
57 197
42 194
81 90
30 150
19 63
27 113
17 62
67 139
61 82
83 100
22 109
86 98
93 10
64 137
30 189
95 110
4 61
52 124
25 125
58 39
79 135
82 169
7 157
53 119
55 37
87 154
29 107
98 115
59 62
87 185
35 98
27 138
89 16
76 65
83 141
39 192
97 124
7 87
45 136
36 104
100 117
63 74
57 89
71 180
61 142
50 192
46 87
32 74
81 34
95 85
70 147
31 169
99 139
78 93
74 65
9 41
22 19
63 83
26 16
34 121
87 199
85 167
2 49
32 18
21 126
12 69
44 189
27 40
90 168
37 131
90 99
2 108
86 77
26 155
42 118
30 75
96 132
40 186
55 141
11 133
69 24
24 168
11 104
98 50
14 173
23 166
2 152
55 144
85 78
16 62
75 51
12 64
50 43
61 65
39 123
13 152
82 123
99 182
43 116
93 40
4 41
78 113
71 172
1 115
78 162
4 121
81 104
100 143
51 193
89 44
45 91
72 143
80 158
16 67
71 88
30 51
86 58
89 52
83 119
8 150
43 67
34 53
26 136
68 50
67 10
98 84
45 30
28 141
49 96
30 136
89 186
29 105
77 88
98 77
91 156
26 84
95 64
38 72
34 175
96 194
77 47
46 181
31 182
76 86
34 91
85 92
28 190
49 31
40 42
41 35
3 182
1 98
8 61
26 84
48 97
41 55
82 125
69 51
100 46
89 155
58 183
60 48
47 40
62 185
25 11
68 49
37 125
84 98
5 196
33 162
