1000
35794
100 192
2 42
19 84
7 76
49 66
28 28
100 175
95 31
86 156
56 92
77 178
87 115
84 76
1 144
88 161
43 70
38 70
3 136
55 134
76 73
33 163
41 103
81 92
66 116
10 181
9 196
34 180
29 24
6 114
71 72
53 46
91 154
69 126
69 27
16 16
96 113
36 53
63 139
75 80
85 98
85 58
96 71
4 158
34 28
95 123
90 69
32 185
2 194
23 28
62 91
58 48
4 170
34 38
44 63
30 59
48 125
49 45
58 79
28 141
29 97
24 56
71 172
5 136
77 162
20 178
1 93
13 179
92 34
38 38
5 89
3 183
80 126
34 169
13 58
95 28
17 156
1 151
89 122
91 64
55 177
57 142
45 121
62 150
47 79
97 170
12 10
17 51
48 57
50 20
12 19
2 148
7 78
10 68
11 109
30 199
3 130
61 128
79 26
48 199
35 31
36 98
8 178
28 83
80 177
66 110
9 167
91 103
98 23
3 94
92 198
99 47
10 156
61 56
42 136
98 71
48 32
70 108
51 70
57 196
7 112
40 120
6 150
8 188
64 53
3 110
21 58
17 93
51 126
28 143
44 117
84 97
92 85
48 191
16 58
31 77
8 44
31 34
18 115
40 133
93 97
51 53
39 37
91 189
65 174
33 44
39 49
89 15
39 73
81 88
100 197
85 197
83 116
60 72
9 32
66 41
28 148
73 49
91 64
37 63
97 52
69 76
92 33
20 39
13 73
95 14
86 119
80 26
24 55
61 85
47 67
94 170
55 42
90 125
69 94
47 137
53 96
96 46
83 110
21 58
53 96
69 57
17 146
73 42
23 62
79 30
28 179
14 61
2 48
39 175
79 81
38 75
24 59
47 157
15 35
30 128
99 117
99 58
28 63
9 183
68 17
53 97
29 187
25 127
80 78
44 75
95 174
41 118
17 137
58 95
69 139
42 53
61 115
43 80
85 77
67 182
75 132
49 16
22 20
91 103
33 98
100 44
51 55
69 154
58 46
63 196
47 132
17 59
8 16
100 26
82 193
19 159
22 118
81 103
15 54
65 163
36 102
6 19
6 18
31 52
5 102
7 23
65 141
86 176
37 20
62 27
46 54
55 47
6 184
74 162
58 103
42 22
100 154
4 39
50 60
24 199
24 168
20 177
45 63
8 151
73 77
3 177
4 77
9 36
4 155
26 121
80 27
80 154
22 181
74 11
92 126
64 65
88 17
24 174
46 18
24 161
39 130
41 80
54 168
56 42
61 57
5 49
81 142
49 26
40 15
33 122
78 95
9 30
29 57
91 134
97 72
62 145
57 71
42 35
95 130
19 193
80 146
42 191
61 183
55 170
44 153
92 51
96 150
9 82
14 32
28 61
69 92
36 131
27 87
86 132
66 130
32 153
40 116
68 195
11 177
83 128
84 87
15 157
12 125
47 67
77 183
28 73
48 28
3 140
28 151
80 16
41 180
18 33
8 42
38 70
20 59
19 41
29 27
34 147
90 198
18 49
73 194
38 129
55 140
9 125
100 83
45 10
39 66
30 135
97 122
6 150
68 52
89 24
32 191
66 86
45 168
89 133
94 26
93 136
55 111
89 58
53 102
26 40
83 192
98 193
99 51
85 119
23 168
81 122
46 56
96 43
79 85
5 197
97 66
68 125
17 20
64 60
53 36
97 111
72 15
44 116
73 60
54 83
21 96
85 164
42 137
49 162
48 40
66 38
97 107
4 44
67 19
90 103
29 165
78 109
14 71
4 31
10 59
56 145
58 118
5 189
72 95
30 137
21 156
59 19
80 120
40 192
91 138
1 128
69 152
53 195
58 52
9 119
46 62
37 114
58 124
99 200
49 148
63 73
58 119
58 199
71 61
22 122
29 137
5 129
29 184
94 161
97 103
86 126
59 55
83 193
64 32
94 108
64 142
87 160
85 62
74 163
25 118
26 99
13 63
76 82
31 193
90 119
67 76
10 196
10 186
91 87
88 25
19 152
13 199
58 33
93 37
88 19
80 195
48 72
11 78
98 10
78 147
84 169
13 93
76 47
67 26
43 49
97 101
15 166
72 179
99 186
23 63
11 167
18 24
14 50
3 50
1 111
56 137
8 57
56 25
26 35
76 50
10 148
59 193
74 96
79 150
70 198
89 110
46 143
3 36
56 96
64 131
56 51
53 196
33 96
27 84
90 184
18 96
65 138
13 185
40 116
64 45
74 173
74 86
74 59
20 199
2 199
86 133
62 38
61 113
11 187
100 143
92 146
2 43
20 37
12 108
44 92
80 137
87 129
68 132
33 159
89 176
43 144
98 93
81 117
5 114
41 82
87 170
57 188
55 138
70 161
80 42
9 174
88 133
25 118
87 169
27 103
90 124
9 25
33 19
75 90
47 13
15 50
47 149
90 44
44 104
74 143
50 13
81 156
46 39
34 20
22 128
32 188
48 150
13 178
86 50
94 145
15 192
96 112
41 164
65 136
93 195
27 87
11 164
30 161
47 25
18 66
76 193
23 12
37 18
19 47
26 188
56 196
14 93
76 55
6 163
64 95
36 70
78 130
38 159
75 91
58 149
88 72
29 14
4 22
51 187
73 91
95 63
79 128
61 54
64 117
83 75
44 17
61 188
38 39
29 194
90 24
11 44
51 175
93 33
60 124
83 43
49 146
55 171
19 89
96 106
52 165
51 170
55 177
91 75
33 84
26 99
24 132
4 171
16 93
92 60
8 36
71 140
69 61
38 96
40 152
23 189
14 113
24 67
69 37
62 53
49 35
47 49
3 26
42 180
50 60
32 150
71 138
64 109
35 39
29 118
4 35
24 195
81 163
53 83
73 101
28 46
15 193
95 125
47 104
86 173
37 113
100 74
49 49
41 184
34 190
57 176
88 92
5 104
56 11
86 76
79 13
70 118
85 168
84 149
73 29
54 19
98 92
52 126
24 193
54 125
53 179
21 128
21 75
14 118
91 152
39 65
81 76
29 195
62 78
35 87
9 165
26 62
10 85
23 152
46 135
34 33
71 185
23 33
53 124
87 148
14 53
21 55
38 154
42 184
10 59
98 157
92 155
93 53
84 75
34 105
62 88
6 94
59 36
34 200
30 89
77 45
25 152
74 120
10 87
11 33
9 96
38 162
81 59
18 61
47 17
19 148
29 155
77 114
54 49
69 122
20 140
98 142
22 139
60 67
7 168
60 193
9 83
46 61
52 170
41 177
79 76
49 194
59 67
29 78
51 42
95 35
33 84
60 67
8 121
69 121
2 72
34 109
22 195
23 148
13 145
93 89
54 152
75 136
60 89
84 121
56 48
43 23
91 162
17 149
36 163
77 51
49 140
92 171
4 158
73 164
91 53
51 139
36 141
67 88
3 134
79 195
66 160
67 36
2 165
4 142
20 34
14 75
70 157
27 163
82 165
85 139
48 174
12 138
87 48
74 167
81 45
11 88
6 163
88 128
73 42
94 158
87 16
90 17
51 114
88 30
80 112
17 154
62 38
100 46
17 78
79 95
3 180
87 105
94 20
97 66
29 155
33 74
5 189
32 55
93 168
37 194
75 116
67 108
44 29
88 134
49 196
78 65
78 118
47 186
64 148
44 136
83 164
5 183
43 16
76 95
83 113
93 182
55 94
51 143
20 138
68 145
39 41
49 92
26 147
99 66
17 59
79 157
97 40
68 129
7 39
68 175
23 149
16 48
17 62
61 101
37 128
23 31
95 43
47 42
85 105
17 174
26 36
81 76
95 93
25 43
9 48
21 59
69 10
85 103
57 76
39 30
47 95
50 82
56 13
91 71
51 59
53 123
76 37
45 123
79 72
62 157
20 129
88 48
32 163
13 200
2 114
26 104
14 156
84 142
74 89
76 16
100 40
19 51
54 101
51 42
89 138
24 132
43 93
85 45
93 20
46 186
36 180
24 60
89 142
81 123
55 111
71 150
55 99
73 118
66 82
87 185
65 158
61 109
75 66
21 194
73 140
10 100
71 157
39 150
21 140
91 187
94 12
55 128
31 189
82 183
26 120
68 161
50 96
99 143
98 34
99 174
24 98
44 14
2 77
37 89
26 90
95 121
82 168
30 61
22 159
90 123
47 63
93 100
7 64
95 21
45 166
9 61
71 157
71 193
15 136
71 84
96 36
37 100
3 88
66 161
70 157
53 136
19 199
11 46
69 142
14 132
99 90
89 30
70 141
59 125
80 171
34 49
66 192
7 69
94 123
38 29
73 198
90 160
87 163
18 66
96 40
86 53
75 97
92 106
33 190
21 174
91 25
79 146
19 140
33 129
8 176
88 150
83 126
100 41
9 126
58 197
84 56
85 96
29 148
13 88
52 59
11 187
98 147
57 75
57 133
16 122
34 89
71 159
28 84
86 156
27 149
73 151
61 166
90 186
43 47
18 100
94 107
48 149
76 17
34 75
97 195
74 20
14 94
41 84
37 49
52 102
3 103
35 17
44 18
72 177
51 95
39 151
7 70
38 90
