1000
36122
23 64
51 127
87 174
45 109
34 41
34 154
21 127
71 17
19 108
69 148
59 117
82 133
14 159
79 20
42 13
61 75
100 17
81 112
40 66
81 180
13 142
20 118
15 195
72 106
99 105
37 126
57 162
74 42
4 113
52 19
47 54
65 116
42 27
54 153
26 144
75 89
69 77
58 115
21 162
59 102
31 114
1 143
75 185
27 128
11 58
49 14
70 91
64 196
40 149
35 50
98 188
55 86
33 107
98 22
10 61
87 48
6 11
18 50
48 78
47 120
19 106
88 178
88 151
53 169
33 134
82 156
21 75
9 93
12 151
68 28
60 158
75 112
30 183
34 28
84 178
51 113
58 187
96 18
21 28
87 90
46 107
94 186
42 192
6 81
54 148
22 119
36 47
4 90
90 168
25 162
57 28
96 31
39 163
23 128
56 22
77 95
37 166
1 61
60 181
88 72
96 42
100 199
19 199
64 166
56 110
4 200
20 87
8 93
74 196
4 38
56 170
38 73
20 169
61 38
51 115
99 42
32 66
44 183
60 144
82 185
78 137
57 162
94 196
59 86
65 108
95 88
2 173
64 173
99 171
90 11
81 189
76 24
76 82
18 145
79 67
90 180
24 66
42 181
79 45
52 32
92 156
44 171
32 103
59 151
74 82
97 192
76 177
85 115
43 171
95 65
91 176
91 178
13 91
15 46
41 24
54 43
54 29
46 20
4 87
89 122
60 172
60 24
90 71
18 114
14 85
43 196
82 49
56 118
90 78
23 70
23 60
31 39
22 21
34 169
52 192
90 150
81 36
99 173
21 103
28 200
33 144
78 79
4 148
10 183
91 32
16 143
24 175
37 184
41 53
45 79
79 65
99 106
72 116
97 91
19 48
31 98
81 40
15 90
25 62
64 109
54 130
38 111
10 182
3 37
37 95
31 186
30 100
45 74
57 162
10 185
58 198
49 57
82 38
87 98
95 68
32 48
20 14
26 46
98 140
81 142
88 166
40 147
13 65
57 74
40 58
30 121
90 80
13 115
90 88
69 96
72 177
88 31
78 128
94 135
52 141
83 43
86 15
43 60
91 35
32 141
63 69
41 30
63 195
7 36
3 184
56 32
57 19
14 21
3 31
23 76
72 96
82 72
67 88
35 179
24 106
19 100
87 14
19 129
23 160
82 11
57 165
52 89
94 36
82 104
36 90
36 187
89 181
7 130
34 84
71 158
89 133
75 88
34 153
31 187
78 51
96 131
58 188
22 166
80 71
35 120
52 142
81 123
48 145
93 149
51 137
90 34
40 156
23 192
48 50
75 90
53 82
38 42
79 72
46 192
34 35
1 192
84 15
95 59
2 35
31 32
24 153
67 175
55 81
83 67
30 91
23 55
96 26
69 44
3 78
29 16
81 63
93 128
20 73
82 61
90 166
74 113
49 56
49 100
13 62
16 161
81 39
100 30
83 32
50 93
38 173
30 137
96 78
59 101
60 176
62 11
35 36
42 156
63 97
28 78
67 123
30 50
19 48
70 82
72 49
89 46
60 164
39 97
56 188
12 13
59 11
49 13
15 99
79 10
48 167
90 75
46 105
1 100
12 41
57 166
56 63
68 101
41 31
65 198
61 94
6 129
6 121
86 17
58 196
11 144
39 128
7 146
45 10
62 50
78 33
67 112
62 88
2 189
6 177
84 114
55 107
92 22
10 110
11 106
13 88
58 21
92 97
1 77
55 74
3 152
2 148
57 139
54 16
62 136
67 154
94 70
23 27
29 124
13 21
94 14
42 75
51 163
54 30
52 100
74 110
36 196
23 56
98 71
81 182
40 115
95 177
31 59
84 10
66 52
8 44
86 64
87 94
92 155
86 31
81 84
55 102
74 131
35 199
80 14
24 55
81 147
58 156
85 92
57 67
81 123
94 148
46 193
65 47
21 141
94 143
72 190
47 67
75 98
60 150
22 135
93 141
43 80
5 175
82 26
34 15
96 22
22 138
89 12
25 134
42 174
15 104
70 189
62 26
5 153
34 104
17 177
24 99
41 146
18 25
77 29
9 166
36 83
85 26
1 10
44 130
35 195
9 114
23 45
37 193
54 163
66 58
78 174
20 59
8 97
2 179
90 65
32 180
83 110
7 58
74 169
87 185
38 146
99 34
95 135
29 133
80 159
6 36
33 143
98 75
40 48
50 100
71 197
7 173
61 42
63 105
19 99
90 197
12 153
30 176
23 42
94 42
8 95
92 103
7 15
79 104
66 97
39 99
5 97
19 189
15 74
98 38
89 24
26 129
79 78
67 136
49 47
7 42
46 66
5 84
61 77
78 22
94 135
9 138
36 152
4 15
26 134
93 52
84 40
84 46
42 81
9 179
90 56
64 79
68 121
93 23
15 124
45 176
82 130
69 84
44 51
49 32
23 156
13 52
65 36
31 140
69 187
56 92
91 65
24 114
7 154
22 160
23 75
2 54
95 46
86 154
37 105
39 121
26 86
7 142
50 178
89 92
77 89
78 12
8 172
36 162
18 158
78 128
46 59
33 174
76 40
99 140
88 62
22 169
80 119
92 177
24 143
94 148
66 58
41 65
76 23
98 49
48 166
5 133
64 65
68 177
4 97
16 158
98 81
32 170
36 90
92 24
18 62
74 190
55 186
40 67
13 96
11 162
79 180
92 34
90 10
16 131
76 145
48 179
99 142
28 12
10 52
54 51
17 28
2 133
71 151
81 137
2 130
64 11
79 169
97 15
25 138
3 157
62 172
7 131
82 98
91 186
91 10
20 15
30 164
74 45
40 188
78 36
9 152
2 67
20 51
18 113
12 112
54 195
94 59
50 115
67 78
31 95
32 77
83 99
85 14
56 67
29 101
95 180
85 177
39 85
10 132
3 196
33 163
70 198
25 187
95 52
98 184
60 142
85 165
91 154
94 32
65 43
90 48
99 44
3 29
49 124
91 182
7 128
4 169
63 90
20 35
69 200
80 160
69 81
23 104
40 130
40 94
11 108
60 133
65 152
68 122
100 158
47 123
82 197
16 20
82 141
25 32
33 159
35 77
76 195
1 56
8 63
32 111
74 29
52 50
91 116
75 64
69 84
83 119
28 13
68 18
95 157
54 72
44 69
16 33
77 69
10 16
92 86
82 151
47 71
16 27
61 69
38 149
96 46
11 170
61 146
50 77
59 46
64 128
90 116
19 106
64 198
65 196
72 199
54 173
8 49
80 88
16 66
61 82
25 13
9 63
52 135
17 114
53 143
49 20
60 127
68 84
47 36
86 92
80 68
30 41
62 95
63 53
87 200
84 21
79 45
86 172
80 198
18 182
97 57
17 129
88 138
95 24
48 28
19 173
5 94
54 94
8 179
76 146
19 16
69 10
23 13
17 127
53 67
7 78
27 140
90 120
37 114
86 13
97 89
46 140
96 40
86 101
83 18
85 41
64 179
69 187
64 195
91 46
51 197
12 39
68 131
79 147
54 55
35 183
93 149
31 192
100 76
36 97
27 21
66 58
68 190
21 153
33 177
22 32
34 90
90 142
55 50
92 57
57 18
48 124
79 10
59 16
99 138
16 180
19 142
18 20
23 68
34 77
10 164
76 116
59 149
39 23
48 182
17 124
7 153
69 76
69 127
15 190
89 183
60 93
42 157
82 78
16 189
8 184
31 19
65 192
84 65
93 174
8 48
26 166
2 73
53 181
1 172
52 190
47 87
68 52
20 132
1 149
37 126
25 79
31 138
46 19
69 168
72 119
59 102
66 195
61 150
48 181
38 51
92 133
44 71
16 26
78 26
91 169
92 30
89 85
75 55
97 162
58 72
24 73
5 133
68 12
26 45
43 35
86 32
29 72
54 183
98 70
74 63
61 119
67 65
39 116
27 31
1 143
73 90
12 64
46 190
37 156
57 122
17 30
72 96
60 182
98 122
21 70
64 41
33 92
8 89
98 189
100 181
91 198
76 143
100 36
44 122
71 72
48 91
48 98
39 102
11 198
83 34
40 148
24 179
18 133
39 61
7 189
45 95
17 59
51 89
80 109
81 120
53 117
23 151
31 142
92 135
3 135
90 112
45 110
16 135
90 125
3 129
86 121
33 16
72 189
53 42
1 94
71 59
70 26
72 138
56 154
61 149
1 73
46 27
85 124
9 131
15 17
45 98
89 197
59 31
35 50
70 192
37 109
77 41
14 61
52 14
86 190
29 160
14 66
43 29
54 45
40 67
81 104
4 108
82 71
46 47
77 159
57 47
53 87
59 110
3 156
32 81
7 129
65 123
72 80
48 160
96 179
34 162
76 110
66 127
8 194
80 75
84 23
90 38
22 182
44 23
84 21
9 66
72 74
20 175
52 55
56 178
89 120
62 161
78 49
12 70
85 30
25 155
41 63
81 63
28 68
23 115
61 112
60 16
13 136
36 168
87 181
39 79
41 153
62 61
84 87
28 78
92 114
89 17
32 179
15 17
22 92
63 107
1 117
66 73
59 99
15 146
18 159
