1000
35401
91 55
89 175
90 145
29 52
39 26
1 75
46 34
98 33
57 193
88 126
76 54
10 185
73 168
97 52
56 57
99 173
50 179
21 177
29 10
64 38
52 94
58 35
94 102
4 130
84 185
98 136
12 62
30 175
95 106
13 68
89 96
20 159
69 126
46 136
83 132
46 26
18 54
68 136
12 48
60 182
70 33
94 152
93 16
69 10
85 22
90 10
82 29
68 192
9 131
8 87
43 82
23 89
72 106
19 199
99 26
27 92
38 146
75 62
74 193
34 67
38 101
75 167
91 132
3 40
48 111
38 36
83 117
63 154
40 139
7 93
71 89
71 105
89 191
23 193
74 156
47 155
13 110
9 128
46 91
96 21
15 184
15 176
84 30
82 78
13 161
12 84
100 29
94 32
86 121
79 49
50 191
27 61
92 16
100 103
68 155
77 92
85 39
23 183
8 49
16 19
49 65
33 186
62 51
60 31
31 93
50 200
34 72
1 54
90 170
74 158
16 116
98 148
99 92
57 179
73 55
59 44
62 169
28 166
55 85
57 167
81 131
69 145
7 200
38 100
78 33
69 133
25 21
60 115
44 154
16 12
76 102
34 31
31 143
9 71
17 117
48 11
65 14
92 86
34 77
15 180
54 97
7 153
80 59
52 119
60 86
55 14
12 14
36 140
100 52
57 70
13 123
64 72
32 55
57 15
29 112
6 93
24 59
94 98
73 77
56 60
2 62
18 68
47 86
11 57
4 156
83 63
35 58
84 200
100 200
65 42
95 185
3 156
33 192
14 53
3 173
70 24
33 148
27 162
83 108
98 142
66 158
100 124
53 23
58 34
49 13
34 133
87 19
53 62
4 101
48 89
52 164
86 108
74 51
67 16
80 56
12 198
42 78
61 141
90 109
13 35
94 40
71 137
44 119
41 163
35 123
82 81
11 128
95 120
80 107
6 183
70 72
94 154
31 185
95 99
47 33
6 168
18 43
15 173
52 140
75 140
95 104
40 192
76 197
45 31
73 145
23 142
23 197
93 82
20 78
6 135
52 174
64 139
85 148
4 165
78 112
24 107
81 44
10 44
98 94
22 118
5 155
77 142
11 147
23 23
11 66
80 90
54 98
55 138
99 200
11 115
24 33
59 47
73 44
95 101
4 21
90 129
81 177
68 41
20 195
50 116
76 179
51 164
45 30
67 75
58 108
95 101
62 50
44 163
53 23
55 10
63 143
47 54
98 80
51 180
67 178
50 137
94 134
72 117
30 181
5 91
46 135
33 59
85 140
30 134
20 56
72 109
36 87
46 111
58 92
37 16
52 177
100 115
15 173
48 154
18 160
94 145
23 70
64 43
39 186
99 40
69 113
11 88
62 90
33 46
95 72
51 126
27 102
40 170
3 196
76 150
69 67
14 95
54 58
9 94
78 140
17 197
65 39
1 50
32 69
43 128
69 109
73 55
96 169
71 78
19 140
39 184
53 139
23 200
30 124
9 194
82 183
24 190
83 73
11 62
97 139
15 120
77 50
34 115
28 102
20 171
71 178
18 181
71 166
27 17
35 24
35 20
16 24
47 44
45 81
49 196
62 15
72 137
37 168
5 175
10 179
37 51
100 70
49 95
87 134
29 199
1 81
18 128
51 110
44 27
14 98
52 19
22 52
12 61
80 182
28 105
4 45
68 166
50 50
1 156
24 72
28 15
11 43
49 67
12 63
65 115
95 154
5 98
73 18
69 67
22 185
52 73
49 137
59 49
60 101
4 125
67 156
98 62
90 87
2 20
97 163
57 184
90 68
45 85
75 84
82 94
40 115
1 21
64 110
26 195
45 192
89 148
28 35
15 127
39 32
25 146
29 72
75 52
59 61
98 159
85 120
30 47
26 170
55 139
98 68
65 16
95 46
82 44
26 122
68 140
68 121
56 200
71 31
40 62
32 184
95 194
39 56
88 78
55 164
55 129
83 131
32 14
69 74
13 186
25 193
10 98
59 16
2 95
68 50
8 178
31 188
33 185
14 82
37 93
19 196
29 48
32 131
50 30
5 106
77 64
84 157
97 18
36 124
48 180
69 51
80 189
46 117
100 108
25 194
97 79
81 68
39 127
35 132
91 179
23 55
7 144
71 31
77 16
64 182
28 161
65 105
21 156
14 199
55 97
16 149
20 49
95 33
44 70
7 123
95 166
46 108
99 82
80 181
49 30
54 173
24 27
3 96
29 46
54 121
75 48
78 107
1 46
45 80
94 193
35 146
52 124
8 161
59 48
22 195
83 46
98 28
33 200
27 47
7 187
10 83
41 111
59 149
46 138
49 176
28 134
68 183
24 36
93 128
89 109
16 118
12 162
5 131
50 57
89 63
85 146
44 93
8 41
11 104
64 99
85 198
17 168
16 81
30 106
49 64
100 60
49 139
74 14
79 39
31 67
86 177
46 147
35 89
7 200
17 162
20 34
81 45
97 87
87 14
73 87
38 15
69 177
41 146
38 134
81 105
67 11
68 194
1 146
41 14
32 78
65 75
95 111
21 21
56 125
29 18
34 143
59 63
10 120
78 30
74 191
47 167
38 53
76 12
69 112
54 146
54 185
94 98
24 92
25 58
10 195
22 64
94 84
9 105
6 103
50 48
7 115
88 191
80 183
47 127
10 64
15 54
29 129
91 139
38 86
40 169
26 35
64 170
37 143
17 199
46 18
55 24
16 19
35 77
25 34
45 131
53 167
43 89
28 58
66 79
76 128
2 121
46 155
8 78
76 124
14 78
16 65
11 135
19 140
84 78
66 119
67 82
87 16
100 163
57 13
60 198
4 31
17 139
49 46
99 130
58 86
76 186
6 94
33 159
97 138
68 12
87 198
76 40
40 72
81 124
9 160
53 112
12 170
1 78
13 73
62 180
97 172
7 155
73 78
18 112
9 151
40 29
15 28
96 194
26 192
46 76
98 80
92 104
9 50
53 199
22 50
79 76
79 55
92 152
7 64
92 111
49 56
83 179
44 96
49 109
79 119
62 199
25 79
18 189
97 102
79 17
72 154
27 100
99 20
87 42
64 94
68 102
87 92
22 198
83 153
47 82
48 116
98 141
34 35
20 68
49 113
44 103
12 64
8 110
76 129
85 89
96 197
71 143
50 86
77 188
64 34
21 108
94 129
29 184
91 69
83 47
58 125
91 46
95 47
28 161
86 68
15 37
52 145
62 180
2 37
3 185
84 177
18 179
32 50
91 91
55 93
67 169
97 63
70 131
66 80
77 29
86 135
19 120
77 51
39 183
46 64
82 52
8 35
26 97
82 27
42 97
74 38
77 132
43 117
44 127
44 158
58 20
50 42
59 70
75 157
33 153
35 188
97 161
97 20
65 63
68 164
80 155
76 94
63 88
22 47
9 83
59 161
12 102
93 13
7 44
76 123
81 111
5 45
59 108
7 179
11 200
24 77
63 188
79 114
10 122
6 189
77 137
74 145
94 139
18 60
61 136
64 188
97 148
13 155
19 138
4 114
89 78
43 126
88 113
96 177
67 46
39 50
85 39
60 194
49 168
40 45
45 77
16 106
14 77
98 72
23 17
58 37
89 58
37 24
70 118
65 109
60 168
16 137
62 177
63 124
31 50
33 17
35 199
91 148
32 100
49 185
68 46
49 189
58 137
43 79
83 125
68 179
36 69
80 36
26 18
20 81
30 127
65 176
68 111
32 66
28 118
97 11
88 104
49 66
16 47
34 190
96 93
82 175
4 92
88 99
34 159
67 32
40 107
46 174
82 150
32 132
78 60
7 155
41 52
24 23
45 102
83 142
77 73
7 30
2 63
86 152
61 68
94 163
30 93
66 137
31 176
97 130
45 193
6 180
39 85
5 188
2 53
24 138
89 140
37 178
58 153
49 98
43 15
99 162
61 41
48 68
37 183
73 43
67 157
95 141
65 158
80 49
3 22
68 146
53 97
9 199
82 126
36 12
34 24
80 169
4 20
86 15
17 167
82 36
16 81
13 135
35 116
60 124
37 22
26 56
3 185
82 69
47 141
14 33
35 151
33 45
9 44
11 151
40 84
18 23
69 45
76 76
57 44
62 96
48 33
71 181
13 40
8 81
10 147
87 137
43 77
86 115
63 141
26 91
68 23
41 66
30 91
68 160
24 182
62 177
47 175
16 86
10 190
27 113
7 54
100 82
57 26
34 41
13 180
73 30
25 91
43 167
76 112
12 26
9 99
71 91
87 119
37 48
58 76
50 67
99 29
49 193
12 47
21 115
71 122
81 162
42 126
13 120
55 95
87 139
95 105
86 134
76 117
94 87
38 142
77 20
96 49
60 21
78 39
12 120
79 39
30 200
42 81
62 101
1 59
28 141
99 21
49 43
51 112
17 95
84 61
92 30
20 140
81 142
75 55
16 37
69 168
4 50
94 41
60 170
5 145
75 198
46 172
91 137
88 105
77 17
31 86
100 33
51 68
40 109
53 16
2 28
71 157
62 193
4 148
24 125
4 23
1 74
