1000
35279
66 53
34 28
56 72
93 84
28 102
76 145
49 186
52 175
37 126
87 142
36 156
84 144
80 100
94 110
87 84
23 116
41 110
33 59
29 20
84 157
9 188
77 111
37 182
57 137
17 131
29 125
17 115
6 100
34 96
59 90
100 156
83 148
43 178
59 30
9 20
28 48
95 98
37 70
54 98
42 153
74 96
18 198
28 104
8 93
80 26
64 11
68 138
59 125
39 179
72 49
94 61
57 62
19 68
96 171
89 153
58 69
96 102
2 99
28 123
68 80
96 35
10 124
77 131
1 110
39 50
25 63
26 106
63 183
36 147
12 153
100 91
53 59
96 170
48 36
46 97
8 122
81 140
76 181
96 61
3 129
78 20
91 50
18 131
4 149
58 16
5 79
77 45
94 53
62 130
3 35
81 74
59 12
97 94
93 39
34 192
55 77
8 17
30 157
84 35
93 92
68 163
23 166
54 57
16 51
60 14
33 27
25 138
32 102
20 71
52 184
78 132
64 172
66 13
54 102
13 60
3 138
67 103
50 22
39 34
70 82
24 95
79 34
58 133
27 172
41 169
93 176
75 64
87 161
49 66
45 67
49 120
61 198
97 43
37 40
4 66
6 99
90 100
90 150
64 43
62 75
73 161
24 60
94 78
23 18
69 167
54 81
12 26
58 52
95 173
81 89
84 54
45 85
19 179
64 38
26 190
42 142
18 165
31 82
25 13
35 159
18 151
62 129
25 147
44 10
29 160
18 179
43 67
94 101
73 90
75 140
44 179
32 114
36 26
16 128
67 77
14 94
97 186
22 101
83 106
47 138
60 77
73 134
45 10
47 160
68 137
9 104
24 139
84 127
63 12
16 140
54 62
82 35
74 185
59 65
28 196
66 72
94 12
13 101
88 27
28 42
84 135
78 73
94 147
67 33
47 21
63 66
59 100
37 180
98 159
57 13
65 73
97 64
48 158
70 62
55 24
18 88
60 135
50 149
88 24
43 16
24 106
19 15
45 19
28 73
41 88
94 121
83 171
31 133
12 153
57 183
16 111
33 12
32 116
49 38
65 191
55 105
15 85
48 146
91 51
88 57
96 146
77 90
26 195
83 74
29 52
56 167
52 171
75 44
66 115
85 126
87 32
53 34
65 82
74 189
69 127
82 111
3 66
16 158
52 150
92 44
66 163
6 15
31 153
39 80
32 80
42 53
36 170
39 103
92 159
65 29
91 158
22 18
37 198
100 44
56 168
55 99
4 31
50 178
2 63
99 19
71 160
93 57
94 161
47 90
93 113
8 119
2 39
90 173
16 175
14 129
79 197
33 124
17 109
96 53
50 119
37 23
4 152
90 18
48 100
37 116
52 81
9 92
60 67
35 83
73 41
52 196
73 12
86 46
74 94
26 76
56 11
58 47
33 142
65 111
76 120
37 140
6 164
87 62
48 135
76 186
52 127
80 23
64 44
83 53
28 138
24 64
24 57
53 62
91 114
7 116
51 182
85 67
12 99
88 130
74 90
73 27
63 147
90 14
61 54
45 151
31 63
55 190
21 131
39 111
71 182
62 159
17 45
24 15
71 47
97 90
8 25
16 129
64 95
2 57
66 146
54 100
27 118
56 115
71 89
51 115
13 173
3 97
95 103
3 48
63 94
65 17
2 12
68 34
2 174
60 139
33 10
1 32
81 112
82 195
67 79
16 80
72 15
10 143
56 112
24 68
23 105
42 101
53 149
36 38
77 41
79 142
24 119
1 107
84 97
61 67
43 62
65 52
35 61
40 148
25 113
92 129
38 195
19 25
48 52
94 53
74 137
77 63
15 18
43 85
87 191
12 74
53 159
43 92
28 114
100 106
54 14
25 145
89 33
72 73
43 183
31 59
6 45
66 172
3 85
11 48
21 37
65 81
18 25
48 191
65 96
1 91
19 37
51 23
99 95
32 58
30 149
54 166
34 83
27 66
58 198
35 65
39 78
39 164
78 197
67 16
93 198
30 81
92 197
72 136
41 33
35 177
49 166
13 168
95 108
39 157
75 157
16 68
43 176
37 27
11 171
49 120
75 182
90 156
37 70
19 134
48 139
9 66
69 65
86 41
6 25
99 131
77 62
85 193
44 47
85 109
57 177
67 119
71 72
65 28
82 91
67 185
73 113
49 165
22 141
81 127
81 193
87 36
12 161
28 182
94 96
94 78
13 62
19 53
53 198
53 80
7 73
45 175
66 169
12 135
11 101
1 157
16 94
36 64
8 76
49 22
53 57
71 154
27 158
22 53
25 135
21 13
15 21
5 194
96 197
9 155
67 47
21 64
92 132
30 95
13 175
1 22
37 134
37 23
62 11
39 131
71 56
28 164
24 80
83 121
79 131
22 45
77 147
38 17
45 184
18 36
98 27
52 27
96 137
13 189
69 56
2 189
10 27
74 41
27 103
26 126
67 84
9 113
59 28
23 143
56 135
58 111
50 153
21 166
66 164
3 154
23 16
69 152
83 184
17 95
86 76
7 64
39 161
36 26
26 118
51 42
5 14
66 37
15 99
43 179
60 47
43 184
64 39
77 127
36 188
3 147
90 152
100 178
41 42
97 161
72 32
33 93
46 30
3 62
45 176
16 68
33 147
54 93
10 96
28 113
48 144
85 93
45 23
56 118
44 146
70 32
60 50
19 70
46 200
67 127
85 103
65 103
78 148
53 92
70 18
67 122
49 25
41 131
32 197
29 35
44 97
47 154
37 29
18 120
46 67
24 121
68 173
94 51
6 158
77 164
24 83
99 39
80 176
83 14
90 117
4 180
74 92
6 18
38 59
75 198
83 121
35 175
53 79
56 44
49 198
62 190
19 141
99 79
46 140
68 123
77 104
80 92
72 148
62 84
27 90
68 147
39 51
32 133
61 77
5 105
51 74
26 122
15 50
54 44
15 95
96 31
50 143
51 120
50 160
52 74
24 152
69 142
48 44
86 21
68 189
73 163
82 127
18 127
51 187
2 115
3 23
18 39
18 193
42 40
21 118
3 137
66 125
16 62
27 57
24 81
85 24
27 62
39 78
70 41
73 12
6 66
11 168
17 14
24 22
43 18
29 182
34 32
58 91
53 177
72 41
41 70
98 79
46 66
68 79
11 114
63 154
20 27
43 180
15 44
1 182
3 183
35 160
37 40
59 55
84 196
72 41
55 43
98 28
82 13
77 61
82 107
43 64
91 27
74 113
42 120
41 23
15 71
10 172
3 80
53 58
88 13
87 104
61 22
64 16
45 112
71 129
21 73
82 137
55 149
13 114
35 107
52 96
61 120
80 146
13 175
55 31
54 140
56 72
28 183
47 90
67 12
67 30
43 62
65 181
67 36
98 59
97 79
32 70
58 160
77 124
81 80
12 47
76 27
54 119
97 134
100 154
88 81
48 45
89 163
76 51
28 148
99 167
90 176
14 75
52 156
46 154
66 64
26 127
66 82
81 45
13 34
2 156
24 11
85 184
77 50
38 68
43 81
44 33
85 64
43 49
17 41
59 48
23 88
78 54
26 44
16 71
70 47
43 41
59 192
96 52
12 15
72 174
74 166
59 171
41 17
16 31
6 84
75 55
40 149
76 83
41 101
80 197
85 114
95 127
19 44
86 71
7 161
9 199
32 134
33 59
57 77
59 166
3 158
20 60
3 152
2 130
30 84
79 113
78 146
42 92
63 63
15 120
59 126
15 18
54 95
85 45
32 64
65 133
28 114
7 94
44 187
79 46
21 72
57 149
94 162
100 113
61 67
43 103
36 30
86 47
29 124
70 118
12 153
64 10
42 15
71 124
29 156
41 95
78 13
16 108
22 93
95 41
96 200
10 53
21 40
39 111
99 50
82 70
48 12
65 175
6 133
57 193
21 168
29 27
51 10
57 94
56 85
31 150
36 43
96 45
61 200
82 174
14 146
93 153
23 29
19 155
40 43
9 46
83 102
77 75
88 188
90 173
60 96
11 120
47 103
5 26
79 27
75 199
68 121
87 59
7 144
59 153
39 157
18 53
58 137
32 168
64 75
54 124
69 192
61 164
68 73
38 45
95 93
76 168
78 144
41 127
79 13
66 174
80 65
77 85
86 51
64 116
69 57
15 124
92 115
95 192
25 41
88 194
99 126
74 168
49 179
94 102
66 22
99 117
95 71
83 79
5 71
7 100
13 48
70 178
58 144
81 174
10 190
20 184
35 45
4 74
81 20
57 124
61 185
61 140
34 114
55 78
82 112
96 47
1 48
29 114
58 72
60 65
3 13
81 172
50 199
59 61
65 107
22 27
55 98
32 75
90 172
98 51
30 175
25 68
10 10
11 34
37 47
62 158
53 17
85 67
38 137
72 139
20 182
6 115
43 16
26 79
16 141
74 147
56 98
8 157
47 73
3 179
71 112
66 54
99 95
35 89
55 26
5 138
18 76
95 48
45 121
25 134
99 54
34 147
95 84
64 199
3 105
41 118
5 67
65 155
63 182
21 188
31 28
99 47
44 31
