1000
35823
79 21
74 179
13 35
79 31
58 87
95 160
94 58
88 61
3 123
71 11
26 119
31 76
75 111
9 25
16 155
56 193
63 105
36 59
55 88
100 148
41 139
10 30
95 20
82 82
31 97
42 194
17 137
78 39
43 152
90 71
48 113
61 121
35 194
6 149
92 64
25 191
63 176
52 37
54 183
43 76
68 49
99 136
10 154
21 44
38 20
54 172
40 11
49 116
79 171
13 160
83 62
96 138
28 22
61 188
99 54
74 123
3 78
97 125
53 65
81 126
3 172
30 155
80 16
98 39
57 136
50 63
28 128
2 180
67 190
27 99
86 53
80 102
24 50
26 23
41 108
12 130
53 112
60 69
71 54
92 177
87 160
6 155
54 71
10 115
83 48
56 15
26 78
17 182
97 139
15 70
86 124
20 40
56 92
26 173
86 168
31 164
84 12
6 26
44 185
15 169
24 110
7 69
16 44
25 192
36 67
52 39
72 138
13 79
63 95
56 170
41 33
53 71
22 127
83 145
68 107
71 103
39 132
38 189
34 27
4 75
17 183
87 118
23 92
69 96
48 26
60 86
73 23
28 144
64 67
56 44
67 102
49 145
60 176
99 153
44 80
81 169
82 105
42 151
57 138
51 51
3 54
58 15
38 100
58 40
4 120
52 71
23 109
70 200
69 158
44 100
65 35
19 94
92 157
1 17
53 76
19 176
31 60
35 166
5 66
49 148
85 26
16 142
94 67
69 117
91 75
99 44
46 129
1 143
62 167
19 102
98 122
5 126
6 185
76 161
87 120
92 115
26 72
79 134
36 106
29 147
68 46
32 28
11 86
75 120
49 115
93 38
57 55
76 107
25 104
44 169
50 100
9 32
26 68
14 148
77 101
48 171
66 86
90 62
3 169
71 125
29 47
71 15
11 77
62 36
25 176
34 138
66 179
17 164
73 134
34 126
92 47
82 71
58 68
39 113
2 109
65 114
12 123
13 176
33 46
77 94
4 159
58 96
50 56
55 86
37 124
98 92
29 185
13 199
39 180
62 69
47 14
32 67
56 123
87 93
18 54
96 95
86 185
24 89
31 176
23 189
62 97
51 141
22 38
94 141
22 57
68 149
22 105
36 87
21 33
29 155
55 125
33 45
11 73
36 34
16 99
85 109
43 189
65 86
69 56
23 49
61 110
55 130
48 140
14 143
15 100
21 171
63 122
72 83
60 130
84 164
80 50
93 92
7 198
25 194
96 74
92 79
59 200
88 176
46 146
94 123
83 56
48 62
53 113
98 100
98 101
67 54
52 196
70 56
72 97
12 54
77 194
65 112
99 130
28 92
5 79
7 120
89 93
71 84
61 173
82 71
66 182
95 151
33 40
7 58
12 65
27 66
51 188
31 54
65 152
74 182
9 28
34 55
41 61
66 64
15 80
65 57
83 179
32 156
98 126
25 168
7 116
18 92
84 188
82 46
82 44
59 157
82 107
47 116
7 34
95 82
59 160
98 167
97 158
12 112
41 47
57 41
87 192
46 168
38 82
78 97
45 114
60 23
90 127
89 154
75 51
37 177
19 122
81 183
45 197
96 62
100 99
86 184
67 57
50 100
80 10
22 23
70 13
60 167
55 110
37 72
5 84
46 145
30 186
54 104
68 104
10 112
21 188
100 52
85 23
56 149
97 136
29 135
36 44
24 173
31 192
12 144
22 129
76 90
91 197
92 162
31 135
16 26
9 97
18 138
12 153
86 46
54 188
10 128
46 86
25 88
91 33
78 24
6 144
30 111
95 80
49 31
95 167
66 183
13 58
22 120
77 98
7 38
57 178
41 73
73 65
91 29
74 104
74 173
22 117
78 168
81 193
10 193
98 49
88 150
99 14
56 52
66 78
79 79
55 126
52 170
38 144
98 150
48 182
43 58
37 165
95 41
60 152
83 197
90 129
57 148
61 141
42 101
32 38
46 98
56 19
98 121
64 155
74 86
27 109
96 115
93 189
70 36
68 43
9 34
74 106
1 138
15 51
57 64
75 109
27 123
75 95
57 132
62 99
69 93
7 46
65 103
59 138
39 65
88 96
9 121
94 139
85 68
28 29
28 120
42 26
51 155
94 37
97 11
99 77
22 148
54 134
100 65
30 16
81 59
96 83
43 198
46 103
34 50
41 186
88 22
87 44
84 84
63 21
86 80
91 133
94 163
17 29
50 172
26 119
47 74
88 38
15 90
21 147
32 158
20 115
48 92
59 35
6 118
4 88
59 184
82 118
8 71
86 124
86 117
22 60
43 21
21 121
86 135
75 162
65 152
99 89
35 91
50 88
85 111
63 48
29 131
49 27
42 71
77 180
18 63
76 121
50 43
36 102
31 41
36 163
34 179
54 95
39 69
63 60
89 167
55 183
66 147
89 164
37 172
65 22
39 190
3 58
9 131
98 75
5 93
31 157
12 43
68 27
33 63
46 53
4 140
72 189
5 79
33 71
60 91
39 114
71 73
34 45
16 13
16 31
58 11
56 167
81 31
33 191
2 47
49 23
88 34
71 69
29 141
46 146
75 159
7 10
49 96
23 26
7 176
82 94
51 165
59 121
97 126
30 111
32 60
42 142
31 57
29 25
83 31
52 110
72 107
28 121
82 31
49 50
51 125
88 183
26 65
75 81
47 192
58 127
28 25
51 93
47 49
82 196
64 164
40 169
9 10
90 17
72 28
49 174
13 51
61 148
78 146
65 151
31 75
40 150
76 125
68 66
77 97
24 170
35 128
2 167
1 48
5 43
7 109
57 197
44 126
80 97
75 82
13 158
37 110
65 63
41 102
72 120
26 134
98 53
18 15
48 101
30 151
70 49
4 157
79 102
42 151
8 50
86 196
28 149
34 13
24 138
11 69
23 105
4 155
38 160
11 129
55 155
6 173
32 96
31 143
61 149
24 71
6 166
57 160
95 91
67 82
75 51
71 56
63 47
2 183
10 182
92 132
94 176
37 140
20 179
83 69
100 140
80 90
65 102
90 33
41 199
68 30
97 14
26 114
2 132
78 86
1 10
36 187
83 22
61 73
84 27
30 154
46 59
43 115
11 100
73 114
47 77
63 119
83 113
51 109
3 12
76 101
9 43
16 13
31 106
76 77
97 13
19 169
52 69
27 142
44 59
14 75
72 27
4 123
13 53
2 68
49 199
50 62
79 106
36 140
99 136
44 200
70 40
59 149
9 171
91 163
35 127
24 165
26 16
89 12
67 166
37 30
21 96
25 95
40 125
28 106
50 160
89 160
26 117
45 77
30 176
70 57
61 66
7 152
54 44
10 188
29 148
7 67
39 32
60 22
88 192
89 196
27 183
61 200
88 47
74 165
21 91
29 145
6 123
96 156
68 95
94 200
17 11
57 189
35 129
58 42
73 90
88 129
9 184
4 82
22 49
98 122
3 69
85 20
89 101
92 174
93 137
65 56
9 107
97 35
77 105
65 118
28 114
99 131
97 34
88 157
100 110
67 161
13 196
51 137
62 138
61 147
61 91
96 24
97 118
79 175
22 120
19 64
3 24
16 108
88 10
39 16
21 72
16 27
64 22
55 141
38 50
25 79
13 45
96 156
38 176
52 137
29 76
96 68
44 48
93 62
64 72
41 162
37 175
32 161
84 45
70 160
88 15
12 103
53 47
75 30
27 178
12 143
1 147
96 188
72 23
56 124
76 101
34 119
52 45
72 115
3 70
24 169
63 200
100 31
13 153
45 117
71 92
37 148
76 146
34 88
14 11
51 126
50 56
76 131
23 38
58 55
36 83
26 20
89 195
20 11
68 47
4 121
89 178
23 101
57 121
65 54
23 198
60 112
74 141
11 74
24 86
23 89
1 116
64 33
89 71
57 78
58 57
55 96
4 89
86 189
92 172
17 139
60 174
51 14
17 118
1 39
28 126
40 18
36 138
24 150
77 95
9 52
65 39
1 50
66 191
87 199
80 160
59 13
66 160
100 83
27 161
54 31
39 133
91 146
55 80
78 35
72 158
34 58
93 26
85 53
69 39
9 194
46 162
70 195
85 92
45 83
60 97
27 21
46 28
25 32
98 79
94 23
94 157
67 45
8 87
1 151
95 24
58 121
29 58
56 168
86 82
10 22
84 180
19 55
32 129
61 36
24 94
19 149
75 87
27 126
77 40
49 29
54 178
26 167
36 54
56 165
33 69
61 23
23 67
37 140
96 144
71 20
94 126
77 40
51 129
78 98
68 95
62 13
52 54
65 36
23 142
100 34
58 87
41 12
73 88
63 10
38 56
13 90
2 180
44 118
74 71
93 178
50 16
78 88
50 150
29 124
34 120
59 54
75 98
25 71
49 145
79 189
50 113
43 27
91 78
36 41
97 63
72 147
50 158
87 75
60 17
32 88
61 71
41 161
3 68
56 38
16 145
6 65
78 31
75 178
17 157
79 182
89 122
59 90
18 83
13 115
23 15
64 72
73 73
86 176
24 177
11 157
45 158
89 132
84 177
24 79
