300
11314
47 143
47 190
75 122
35 19
29 194
32 91
47 132
55 76
76 32
48 95
94 180
46 190
74 41
59 199
43 169
38 181
48 137
26 59
6 102
25 130
75 174
53 83
33 165
100 48
99 40
96 132
60 66
93 174
86 87
58 106
84 155
78 102
94 123
82 14
27 29
28 150
63 117
94 39
41 194
95 197
86 143
24 105
41 82
33 20
8 180
24 195
11 198
60 157
65 177
16 112
21 147
49 58
99 88
32 200
3 200
14 113
87 48
92 51
97 139
47 191
68 184
33 187
98 159
92 12
91 96
18 93
69 92
24 95
88 109
9 11
48 89
23 182
31 85
2 175
77 152
79 139
67 65
50 194
26 138
83 120
87 144
99 117
53 194
66 100
72 188
50 145
94 134
74 180
37 76
76 125
91 34
33 31
24 21
68 96
53 42
84 170
97 70
80 31
59 89
91 115
44 90
83 119
81 181
58 191
61 172
6 97
14 98
86 163
28 23
74 98
89 68
96 129
8 160
72 137
35 75
63 68
96 101
21 200
36 184
35 161
41 117
30 43
51 41
40 73
37 196
6 101
98 79
96 133
88 185
99 110
41 140
28 147
42 12
51 56
80 74
5 63
80 109
69 138
37 58
83 106
97 49
37 44
92 78
15 101
80 179
23 180
51 29
61 54
80 37
79 172
63 194
75 25
27 87
92 120
6 157
3 199
97 69
49 22
50 159
48 110
24 77
8 78
52 33
2 109
21 155
86 197
49 113
57 126
92 32
51 71
83 73
97 171
46 62
29 44
41 17
13 111
43 34
85 61
95 144
13 82
61 48
43 53
17 110
59 149
67 38
35 74
52 63
40 85
99 50
61 131
66 39
32 32
41 183
58 80
41 123
12 62
26 127
30 82
23 74
21 146
74 64
94 171
47 190
46 19
79 17
45 57
1 50
79 162
79 108
12 72
59 35
34 14
48 112
17 139
73 124
28 10
17 22
86 139
16 112
98 109
73 110
95 195
62 17
34 23
61 53
59 112
21 175
72 35
20 21
51 191
57 180
75 45
73 118
91 154
10 34
57 179
16 68
81 99
69 122
8 197
90 138
86 169
44 108
44 62
87 66
4 67
93 94
13 164
72 200
53 121
48 63
43 26
35 67
43 92
38 132
80 149
41 141
47 95
39 173
30 88
10 84
26 137
38 80
42 87
29 120
85 76
99 151
8 70
6 18
45 28
66 37
100 161
3 175
47 173
95 184
49 21
63 165
57 181
2 169
81 72
54 48
95 34
45 162
61 162
55 103
12 95
42 177
7 21
36 12
77 189
78 21
99 48
10 58
49 154
29 156
95 166
21 96
92 131
62 148
100 92
