300
10852
70 195
67 78
80 51
50 44
27 175
98 62
44 162
34 117
75 113
40 73
53 57
89 190
38 198
8 98
83 50
90 193
94 38
26 67
66 22
82 188
17 174
97 81
28 120
20 197
44 43
76 126
6 147
42 75
56 114
56 44
63 139
57 142
80 175
36 104
33 20
72 116
41 153
82 88
56 38
56 176
52 95
50 100
4 109
8 178
1 46
66 176
67 51
92 64
60 90
85 125
43 134
3 100
48 179
79 154
56 133
78 84
89 94
79 130
52 20
48 33
38 116
44 124
38 56
73 166
84 99
56 48
58 173
51 32
100 73
83 187
71 121
39 76
94 56
63 146
57 188
12 69
92 99
69 147
62 172
74 60
100 44
25 102
2 85
61 26
1 165
27 10
41 190
38 72
3 51
12 54
37 38
58 184
79 49
66 67
30 52
23 154
33 63
77 32
85 103
68 133
89 15
27 140
10 111
65 171
16 77
11 174
31 24
51 157
12 117
89 117
62 102
87 55
99 75
96 126
63 151
36 48
23 193
63 136
28 198
5 199
27 42
94 122
62 180
84 92
43 193
64 139
39 122
62 162
19 179
71 162
60 133
32 23
35 114
48 121
82 33
58 40
80 131
52 38
91 161
85 26
82 72
42 125
9 139
92 70
69 162
73 185
20 54
13 58
83 66
23 68
23 190
30 50
81 140
43 74
23 130
41 142
44 33
4 77
84 88
81 172
30 110
62 152
36 59
62 104
56 78
41 166
16 190
27 150
39 151
45 128
18 82
4 145
81 13
78 47
16 164
45 75
72 123
49 72
91 122
24 73
90 103
78 83
91 27
23 158
66 170
4 121
40 197
23 198
38 157
17 79
77 24
50 17
39 184
93 159
91 34
95 99
36 93
35 79
18 31
38 124
100 154
34 153
14 20
56 69
96 163
79 135
100 185
96 46
69 82
60 141
1 185
17 26
31 64
68 69
77 98
82 197
93 144
2 42
24 190
1 25
41 179
72 119
33 166
82 120
13 67
8 121
73 165
15 111
28 49
99 141
58 120
11 109
17 26
71 82
21 137
16 129
10 119
100 70
51 170
18 51
91 27
38 197
85 63
50 179
30 31
68 173
52 163
52 95
38 163
25 46
63 48
50 140
77 157
73 74
87 88
22 184
45 162
66 112
63 164
9 195
77 159
62 151
75 135
40 101
6 121
54 163
73 132
70 109
6 196
23 160
17 116
58 17
34 182
74 153
20 93
10 49
40 180
78 145
82 148
16 43
18 182
24 153
29 147
97 43
46 149
75 92
56 45
65 25
18 189
71 160
73 181
50 178
71 96
71 44
12 176
45 72
89 185
97 45
68 47
31 80
