300
11011
7 196
40 56
39 137
59 29
45 52
24 68
9 94
89 122
17 77
70 14
42 180
75 41
30 154
14 160
87 101
97 176
60 66
35 39
44 59
99 86
5 139
75 55
18 12
59 67
1 98
17 51
20 50
99 172
14 19
30 130
62 93
49 122
68 75
58 115
87 137
89 65
75 68
93 58
18 178
84 98
100 58
79 67
18 75
47 36
22 94
39 52
35 88
31 163
63 159
51 41
68 198
38 158
6 46
76 182
60 83
97 64
76 160
74 127
58 10
23 161
31 54
100 138
57 64
21 147
94 94
4 115
13 56
30 18
60 63
71 113
42 58
37 112
41 25
48 137
70 10
20 104
25 128
37 125
24 28
71 26
98 143
85 190
91 100
77 44
25 95
15 68
34 118
98 137
78 94
19 31
48 45
4 171
92 18
79 15
89 40
66 94
43 92
55 192
76 46
99 17
61 146
35 106
27 141
66 151
58 138
42 160
87 13
53 151
77 188
78 188
1 92
4 74
76 17
47 119
17 141
83 158
22 44
53 12
29 134
1 136
99 103
42 75
36 58
98 134
44 86
69 21
29 128
36 38
59 198
21 19
45 146
66 105
18 26
50 25
85 127
100 30
22 170
72 190
35 54
14 68
87 77
3 85
31 104
26 166
2 89
81 22
89 13
99 124
43 123
43 36
47 147
12 157
39 94
40 116
62 66
13 59
53 109
19 178
99 11
66 48
77 70
78 152
36 55
31 43
47 144
11 13
67 200
24 84
46 44
53 73
72 161
91 170
13 185
100 165
50 118
18 80
44 145
60 15
90 143
81 40
77 179
39 40
39 148
8 199
51 154
41 115
42 56
74 16
45 57
60 99
95 35
6 101
47 91
22 166
77 105
23 114
56 173
13 60
66 163
39 193
95 41
90 136
99 21
19 148
64 143
12 86
50 99
39 126
24 184
98 111
60 113
62 65
38 18
29 185
73 124
65 74
17 101
56 181
72 90
15 169
67 140
74 11
33 48
82 46
90 125
48 89
89 177
25 70
94 55
50 133
46 157
58 184
15 90
90 196
16 154
36 175
23 13
56 150
90 24
53 78
32 68
96 58
54 181
37 53
75 178
89 190
22 128
10 120
43 54
45 82
59 69
99 79
76 10
78 111
21 197
78 187
78 46
55 170
98 196
21 28
14 122
29 158
93 82
16 94
2 75
94 147
25 79
68 146
98 188
77 199
25 41
67 69
72 162
7 174
9 171
75 192
97 68
70 10
77 16
98 55
80 79
24 140
78 114
64 178
50 118
40 148
52 57
46 198
35 122
74 114
77 98
76 84
73 131
20 59
90 28
15 98
77 174
45 21
43 155
30 111
