300
10768
97 77
42 20
43 64
100 61
58 129
68 144
66 188
81 15
88 94
86 129
91 162
84 27
44 100
37 26
23 199
6 69
30 165
9 190
44 145
93 102
49 25
42 119
15 161
81 36
22 173
6 158
87 175
48 14
57 172
49 192
13 155
95 120
6 84
9 99
78 78
95 144
99 59
51 80
50 57
27 63
59 104
35 197
24 40
39 87
86 115
4 36
40 183
16 110
22 21
25 151
60 74
36 179
42 123
25 112
32 171
51 143
73 178
20 168
84 43
71 110
97 116
62 120
8 113
72 43
80 136
83 57
93 131
13 77
65 69
84 53
42 124
12 153
90 57
68 54
33 13
17 59
91 99
83 133
83 157
43 25
36 176
58 174
56 159
2 75
45 113
55 64
31 185
96 162
77 80
67 93
38 162
46 153
11 154
25 10
6 143
76 48
92 106
55 87
18 125
64 111
86 68
21 108
52 66
76 149
100 194
93 160
41 80
68 71
85 46
8 174
8 86
77 127
81 130
8 71
32 127
10 181
23 194
54 131
36 53
88 92
3 35
63 182
28 195
75 190
36 184
75 56
2 87
40 89
98 188
60 185
44 100
64 103
20 121
83 87
44 175
75 161
41 69
89 129
48 44
91 187
40 142
29 132
70 42
62 96
12 195
45 139
80 30
78 122
26 149
40 104
68 183
42 154
50 74
76 75
29 159
17 49
47 180
58 143
27 13
98 65
38 125
61 44
58 185
53 161
42 41
47 119
4 55
74 172
68 18
10 28
45 194
85 160
45 118
33 70
80 22
11 194
84 77
46 26
70 126
4 94
35 12
79 20
78 161
71 157
85 176
100 24
80 85
3 170
94 58
11 144
64 138
54 10
56 197
40 143
94 33
38 200
60 165
63 28
39 42
48 98
51 25
11 181
46 132
21 189
98 192
89 183
79 172
48 48
41 178
55 131
73 47
73 154
39 15
62 65
8 100
49 55
10 196
43 57
90 103
71 189
52 157
75 68
91 42
93 140
48 165
25 19
19 17
64 111
46 92
89 113
95 183
22 87
97 145
6 75
57 121
43 199
24 146
14 108
44 129
73 151
25 80
71 189
98 120
86 133
39 198
7 142
70 124
13 181
52 31
43 149
53 196
27 53
9 53
22 70
39 22
2 184
35 164
38 22
29 183
6 178
7 126
59 71
4 37
25 99
6 30
45 181
53 197
93 118
23 166
76 199
11 107
51 173
11 133
56 186
65 53
19 163
68 76
83 57
58 91
84 174
80 33
14 59
7 192
36 41
68 96
17 128
86 19
26 100
60 118
66 68
89 16
84 193
68 109
65 65
54 39
78 110
53 31
21 185
99 86
61 14
