300
11242
3 111
87 157
67 93
84 75
14 99
95 124
79 71
53 185
27 124
67 16
64 185
34 193
59 41
82 114
93 199
26 128
61 153
70 95
57 48
34 133
80 181
74 112
81 147
79 191
99 46
64 124
27 193
85 138
20 64
67 102
63 18
44 54
78 88
53 197
53 63
65 136
68 88
8 189
70 165
3 136
31 183
86 76
35 102
55 71
44 127
27 52
25 53
68 102
71 33
41 52
66 97
92 196
72 191
71 142
96 104
36 173
84 58
94 189
51 121
64 179
76 126
59 25
77 172
79 12
37 185
60 116
27 113
78 156
58 186
71 198
12 155
90 141
46 183
69 99
48 97
88 184
88 139
25 170
83 98
9 197
45 92
9 140
10 49
58 177
82 198
10 20
10 63
84 15
51 127
57 15
54 179
87 127
57 183
81 36
53 72
44 60
38 42
65 143
60 143
40 110
96 94
38 178
6 96
96 27
34 94
91 195
23 161
40 170
49 160
33 27
10 140
75 46
18 75
78 14
74 174
35 45
73 169
84 70
48 91
95 179
90 160
26 34
83 87
33 94
60 72
90 123
88 48
86 58
29 144
12 134
70 27
66 22
27 51
81 49
77 136
24 173
65 145
47 143
96 118
46 115
61 24
35 175
24 48
84 79
25 198
83 59
15 127
97 155
45 124
56 191
3 88
62 79
45 21
100 48
9 128
93 51
99 127
91 130
81 29
60 38
43 80
44 122
46 129
42 120
17 23
27 11
41 154
29 82
91 186
92 195
16 97
67 197
98 191
11 125
59 123
5 147
51 100
64 151
44 163
7 186
80 27
57 179
60 120
87 10
53 169
11 157
96 31
29 165
28 71
59 125
45 26
47 102
12 96
50 151
2 144
1 94
55 97
16 26
91 22
68 47
45 67
18 11
81 112
8 194
60 195
21 183
41 174
45 106
12 127
72 189
44 100
76 46
7 100
3 96
49 37
1 75
97 42
60 192
91 191
49 45
96 65
96 68
41 99
4 165
11 23
28 160
46 99
44 115
87 151
78 117
14 102
78 11
61 52
52 135
93 66
60 178
87 188
24 82
80 176
53 69
56 195
3 89
99 51
27 54
3 45
43 105
23 88
1 113
100 129
80 166
42 76
19 128
20 77
100 95
33 169
34 135
18 158
80 108
80 57
72 185
73 147
46 133
29 78
81 182
24 139
78 76
34 180
72 118
99 51
12 154
92 15
61 133
92 25
44 32
61 61
4 27
6 28
28 175
61 63
16 57
24 69
20 188
43 115
92 63
87 73
73 80
77 82
85 140
14 99
28 137
26 57
51 102
65 92
88 144
55 119
12 172
39 195
88 59
75 143
38 96
