300
10442
40 181
25 196
19 13
71 190
97 160
90 143
82 177
66 145
92 119
1 19
98 103
71 190
21 159
22 108
100 18
98 57
25 10
4 192
44 101
17 161
49 84
11 96
54 57
25 10
18 54
54 159
94 96
48 53
66 87
80 57
5 75
99 140
5 66
13 14
86 87
48 130
89 103
24 81
59 90
36 157
86 125
96 64
4 86
16 93
74 120
100 33
67 154
20 187
81 69
29 173
28 187
61 165
3 120
22 82
24 102
58 98
82 38
91 26
80 157
4 112
73 97
30 143
27 94
27 71
93 70
63 173
62 98
2 15
38 12
29 106
72 163
15 62
56 112
44 115
56 120
44 180
58 189
32 114
81 83
40 45
11 80
26 77
20 78
77 101
74 17
50 10
98 167
82 122
29 61
40 160
86 109
67 73
7 121
95 164
95 195
97 193
23 42
3 163
77 35
3 97
44 58
14 26
77 36
74 84
22 82
34 169
70 200
85 175
74 46
59 159
75 36
49 119
62 52
18 126
77 175
74 162
64 194
49 182
62 57
13 58
42 138
37 144
39 99
89 110
13 125
2 186
47 93
48 128
26 163
100 14
31 42
66 154
12 198
32 56
13 127
100 64
3 14
37 156
37 141
31 178
85 36
31 168
8 131
69 154
42 47
33 124
43 64
49 155
21 80
88 82
20 88
57 132
94 53
32 192
49 62
34 135
89 49
30 133
76 63
30 184
23 153
22 162
6 162
56 116
19 116
55 147
55 111
76 16
83 179
94 64
28 46
71 16
79 129
21 102
8 155
47 152
65 63
27 24
26 96
46 62
79 93
95 115
15 74
44 158
77 177
39 57
76 114
80 24
5 24
78 56
31 77
73 177
40 41
24 37
14 125
22 168
22 177
78 124
100 129
70 167
3 164
38 105
15 62
50 163
42 64
56 87
30 156
89 84
25 175
31 154
6 152
55 66
23 31
12 145
75 76
88 78
58 33
21 84
15 45
40 90
43 70
67 71
48 135
72 31
37 39
57 126
59 140
50 129
79 130
43 66
73 122
63 82
75 38
33 170
19 176
64 43
73 125
76 83
50 135
11 36
93 138
25 161
63 167
27 58
73 189
94 189
82 53
71 164
56 161
85 16
9 195
16 78
74 32
49 152
97 77
6 39
77 74
7 78
35 17
43 37
1 156
90 157
64 181
89 131
24 48
43 94
86 68
63 194
10 50
12 182
80 163
15 14
39 189
39 95
33 140
22 140
98 46
13 196
71 134
50 119
43 18
21 143
83 83
70 106
44 137
62 164
64 197
78 30
99 139
51 106
42 51
32 198
26 48
38 19
84 174
13 144
54 162
20 158
86 152
96 89
