300
10539
39 110
92 67
79 33
92 157
87 122
7 187
91 174
14 161
19 111
28 187
88 194
71 139
61 185
4 37
71 19
68 53
30 181
65 75
95 92
49 122
55 41
67 139
21 67
71 25
82 141
90 23
91 161
3 23
20 11
57 15
92 35
3 75
88 58
90 115
53 122
3 78
31 42
27 17
19 91
33 117
92 176
44 32
65 71
66 107
31 121
36 104
34 56
35 54
91 83
91 129
28 82
37 149
1 158
82 16
60 154
55 179
67 13
84 122
15 152
83 77
23 58
88 191
4 87
67 51
90 179
16 144
65 47
64 79
71 18
38 65
9 145
58 100
86 170
74 23
39 32
33 93
81 126
37 61
38 70
35 197
63 136
69 112
61 26
75 170
45 171
34 18
95 66
52 122
44 161
41 198
17 164
78 151
63 183
55 49
5 138
89 57
46 12
36 99
10 48
12 145
33 194
17 130
9 156
40 50
11 177
3 100
63 114
42 98
61 55
17 114
48 161
86 92
73 153
65 160
39 30
18 47
35 177
35 181
47 163
64 39
22 149
56 156
11 126
97 195
73 112
81 92
9 192
54 175
89 176
31 174
99 96
15 19
63 141
77 23
84 132
45 196
71 101
86 156
68 126
94 40
32 25
59 92
92 197
61 11
78 65
52 130
44 106
60 14
34 161
30 130
89 149
50 32
42 193
49 23
94 85
5 142
31 180
17 155
14 118
60 44
59 29
3 190
73 15
23 106
1 130
89 118
68 76
67 174
28 145
78 49
54 117
5 137
16 118
61 64
91 164
35 72
3 184
69 50
62 22
51 166
57 52
78 138
59 146
100 112
3 52
53 76
99 24
69 33
71 15
55 136
7 113
26 65
12 150
2 175
41 15
46 128
75 157
27 50
42 31
70 100
80 23
99 46
11 109
11 200
70 144
20 52
23 171
55 31
16 178
17 52
85 148
33 197
23 18
60 130
5 96
41 61
9 63
46 75
82 98
28 191
23 130
70 21
75 71
27 171
44 101
84 29
37 139
47 121
16 168
37 132
34 176
50 161
77 110
19 172
60 83
98 116
88 11
29 166
1 128
39 83
7 193
74 163
37 72
100 125
40 42
9 74
45 161
62 97
41 131
92 60
21 165
80 101
77 128
80 142
60 137
56 169
48 46
86 194
7 132
73 141
9 138
30 146
49 199
28 68
56 173
67 170
18 195
61 186
26 154
2 32
85 44
98 179
14 114
38 135
20 110
87 126
7 119
73 40
58 34
71 63
51 99
19 58
48 125
9 21
67 10
35 144
23 173
100 140
91 134
34 85
27 132
99 20
55 191
10 89
19 63
67 81
94 45
68 97
97 87
81 173
