300
10864
47 149
84 92
87 83
78 104
7 65
45 176
5 108
6 109
60 129
51 110
98 24
95 52
84 137
8 48
54 20
72 19
97 94
52 69
8 182
54 81
58 164
95 133
25 147
59 178
7 86
6 166
21 46
87 20
85 75
93 33
77 23
61 79
59 14
87 148
41 186
58 72
57 158
42 36
9 46
76 109
45 67
67 34
89 137
93 26
8 85
8 11
80 39
4 187
23 34
92 39
13 105
80 27
85 93
5 97
100 39
20 59
26 194
65 171
40 28
100 104
40 69
1 160
2 55
42 97
51 188
1 36
18 123
33 100
64 101
34 178
9 155
9 148
3 171
81 177
51 14
49 139
58 48
37 151
61 190
37 150
64 154
45 23
36 42
2 125
3 108
55 87
69 56
28 147
8 42
61 194
38 78
52 43
99 177
79 71
8 72
34 95
75 189
91 121
75 99
3 27
53 99
56 118
64 176
12 35
95 93
33 158
99 30
42 146
62 36
31 113
99 124
21 165
4 125
97 11
82 175
85 122
14 77
43 189
2 26
40 173
2 192
67 77
58 195
99 178
88 152
81 53
30 80
21 90
48 129
38 93
76 172
36 57
51 17
46 168
72 86
92 53
81 197
34 82
58 75
100 200
66 113
16 162
77 165
81 177
33 104
55 169
68 129
44 116
62 83
88 144
36 116
27 106
44 170
4 163
52 32
49 117
30 58
31 191
6 87
95 144
18 85
77 155
88 165
56 28
52 70
6 163
13 82
17 166
77 133
48 61
48 186
32 182
73 102
8 168
85 116
16 20
85 38
56 41
95 154
95 133
63 78
48 103
88 178
99 46
72 20
81 181
38 39
47 93
50 81
90 38
67 168
12 127
69 87
80 152
15 195
67 59
5 21
94 152
22 40
98 22
28 120
100 175
99 88
69 25
10 90
30 158
74 21
8 76
95 144
3 93
38 45
36 132
51 170
79 99
86 90
50 165
66 187
68 82
67 163
82 71
6 12
31 59
53 13
68 96
36 154
48 88
55 105
90 106
26 164
32 178
86 174
2 166
16 188
100 86
84 119
45 88
31 28
58 164
33 17
65 42
86 121
26 55
61 38
58 60
59 187
8 145
27 146
25 116
16 106
81 160
24 130
32 53
46 115
49 60
52 40
98 153
57 189
34 116
79 86
38 131
36 49
50 110
60 18
83 42
87 34
99 46
82 94
96 58
26 146
90 106
90 50
86 64
81 110
66 179
65 18
69 139
13 50
34 173
64 163
25 30
15 94
2 77
53 150
20 50
93 126
95 158
64 90
12 154
45 109
96 194
33 13
6 132
26 125
47 90
18 127
40 56
7 74
70 41
65 136
82 175
