300
10005
34 53
56 86
2 68
89 74
92 98
24 49
62 138
31 178
2 148
16 198
78 39
7 75
13 157
13 167
72 103
45 65
12 82
29 135
27 72
22 55
11 61
85 189
83 73
11 137
92 82
37 169
4 130
29 44
25 40
60 128
9 159
18 18
57 53
65 187
60 161
100 153
36 54
78 133
32 61
81 71
87 103
66 60
57 117
63 32
5 37
39 66
87 136
56 179
57 70
73 44
9 127
33 145
51 83
54 170
45 80
87 28
72 105
4 120
72 108
96 95
8 87
16 112
60 128
69 73
42 10
68 86
7 163
7 173
49 70
95 56
99 161
41 113
21 33
72 152
99 174
56 120
46 43
24 20
67 13
27 95
57 167
30 136
9 65
2 30
18 156
47 116
89 62
91 166
56 180
14 165
73 150
88 162
82 80
15 109
16 173
75 108
55 174
12 109
98 128
87 91
3 188
70 53
71 183
40 57
38 10
71 186
8 24
32 182
22 135
55 147
44 57
16 39
62 139
44 56
35 12
43 176
95 183
34 131
10 190
50 140
62 193
73 82
69 66
49 64
73 187
1 96
21 32
99 100
58 66
74 79
7 57
60 63
12 167
34 63
99 21
90 26
85 111
3 71
62 27
54 171
95 148
6 120
36 135
82 163
18 149
19 25
25 197
66 31
94 42
58 78
75 125
65 189
53 100
83 100
99 163
3 76
14 21
12 164
22 14
3 73
83 122
48 199
24 171
27 180
90 155
61 80
14 80
95 177
68 122
30 96
92 193
70 134
39 46
76 143
64 159
16 84
90 43
71 131
5 198
78 175
73 189
6 33
21 67
72 32
47 121
31 49
16 82
93 73
37 165
76 77
49 112
47 134
21 145
66 82
82 90
31 53
30 79
100 152
93 151
69 35
25 48
89 200
93 89
6 50
6 41
55 68
96 81
3 184
21 17
7 40
74 155
6 114
86 21
2 33
86 130
31 36
51 45
94 98
60 164
33 62
9 117
42 38
28 101
10 177
34 93
36 107
1 168
45 166
11 29
31 65
46 50
100 160
23 107
59 65
49 131
82 99
12 178
12 76
24 113
2 92
6 190
29 101
21 120
48 134
47 100
30 65
57 149
46 143
22 97
79 189
49 185
88 187
74 94
28 156
14 77
34 10
4 152
11 163
69 191
86 33
30 128
50 11
34 121
19 48
81 189
65 197
90 61
60 21
48 166
10 86
55 44
57 80
1 33
65 10
54 18
46 152
27 37
76 91
51 109
3 179
52 140
85 102
96 55
82 18
31 29
98 161
46 81
2 110
90 91
83 147
35 40
48 32
63 55
76 173
6 62
6 87
16 134
97 13
70 144
11 52
