300
11005
4 75
73 24
68 193
8 142
65 192
97 16
22 191
67 178
21 75
64 145
21 183
6 30
33 40
69 149
90 154
90 16
66 198
53 30
80 21
62 197
98 140
66 150
3 73
12 179
76 67
78 54
44 12
61 32
25 112
83 35
58 45
97 135
77 42
67 134
78 196
66 91
97 74
98 45
93 108
100 128
39 103
3 133
99 116
95 162
36 81
68 105
76 49
6 109
93 171
100 49
47 133
56 17
72 19
11 64
29 78
89 55
51 60
98 158
34 56
93 144
68 171
76 90
58 173
44 61
28 138
24 21
85 45
99 170
62 17
76 37
37 125
76 121
67 25
57 80
7 27
6 189
78 178
22 98
80 70
43 167
90 138
16 53
57 14
42 146
18 196
3 144
4 192
97 20
58 54
51 56
93 124
40 86
49 192
83 160
42 71
62 91
98 142
97 103
21 137
9 141
30 167
15 19
90 74
41 99
18 136
30 167
90 145
27 134
50 110
3 163
81 195
53 192
47 49
40 12
77 115
3 19
74 117
47 188
19 190
28 94
44 73
3 101
77 42
21 199
19 147
59 48
15 122
19 13
72 174
4 22
91 107
62 181
3 76
38 15
16 110
5 164
38 133
76 47
66 154
70 27
35 125
34 11
24 17
2 66
40 81
29 59
44 81
11 121
49 130
48 77
21 76
97 110
66 82
84 29
9 175
20 169
4 142
43 19
66 17
71 138
46 46
62 193
54 40
72 113
76 129
61 91
42 102
87 132
47 149
63 64
99 189
88 159
44 34
76 87
36 195
45 128
52 99
49 46
23 88
73 12
39 164
24 132
2 160
46 152
97 174
22 105
19 67
65 158
89 11
94 69
46 135
3 79
9 176
47 142
53 28
8 39
3 152
65 67
10 28
89 97
2 107
65 38
99 162
4 50
71 86
32 198
65 136
35 69
28 125
7 108
92 138
2 25
60 181
46 183
27 49
85 92
53 46
95 33
5 173
20 88
45 116
65 197
67 111
89 62
48 76
80 146
49 148
23 57
6 172
99 35
66 25
92 82
94 78
81 197
46 82
82 140
75 155
79 89
46 120
45 181
37 85
93 130
38 151
5 155
17 95
98 12
76 155
46 125
50 53
7 193
16 11
17 106
70 86
99 148
34 123
89 188
92 133
41 55
90 106
10 25
92 79
7 167
67 119
76 121
59 115
75 63
39 54
7 81
85 134
29 74
89 30
22 152
78 182
57 24
95 118
6 127
87 127
70 48
15 12
69 16
81 14
99 74
67 184
100 154
60 90
46 164
92 123
60 121
63 187
98 66
9 81
85 144
12 97
78 186
11 184
67 12
20 136
46 47
69 124
3 148
