300
9969
89 163
94 37
19 109
13 95
84 16
23 18
48 43
50 82
27 51
95 103
35 166
56 69
83 11
91 154
26 87
72 69
27 158
28 77
36 93
80 58
31 127
10 60
37 177
23 163
79 81
12 166
72 93
29 82
18 64
20 88
87 180
98 105
21 140
70 73
15 68
39 36
100 20
25 180
44 106
41 110
34 60
8 178
66 168
62 20
33 124
92 44
32 166
6 94
44 44
33 186
28 111
36 78
91 120
56 73
52 50
36 39
44 103
93 133
14 55
89 10
39 29
93 18
28 146
6 22
2 194
48 151
86 121
51 196
94 86
29 126
59 171
69 153
39 168
8 155
28 77
10 173
20 27
72 123
31 121
97 193
79 84
4 132
2 24
37 192
24 107
16 87
3 89
15 167
19 171
75 34
46 62
61 124
51 24
40 13
91 106
64 90
51 135
80 13
6 48
83 80
95 132
93 124
3 104
40 38
50 61
78 116
13 21
38 64
79 60
55 158
95 100
94 124
13 20
26 89
55 12
63 68
66 185
4 151
62 32
9 163
94 150
3 200
88 87
24 140
5 199
32 107
85 11
51 30
84 154
38 17
99 30
3 180
23 138
90 198
79 140
97 10
35 59
13 172
20 179
64 72
20 114
50 132
31 189
70 139
16 136
78 105
37 35
29 188
31 190
25 199
23 74
30 44
49 20
78 176
56 88
48 90
49 194
77 42
68 13
14 72
78 161
93 98
27 140
41 157
33 37
2 60
16 70
14 176
58 35
37 42
16 40
40 46
48 49
85 51
91 138
43 112
61 146
74 128
96 18
66 144
9 86
41 101
85 171
13 171
45 51
28 148
94 154
13 21
10 66
5 147
17 118
52 196
41 116
19 96
97 70
34 126
84 29
40 54
15 191
6 199
37 93
36 25
34 197
36 70
18 173
51 179
1 84
21 50
68 21
32 84
60 81
38 43
2 20
48 157
73 162
91 109
52 78
11 115
27 127
57 116
11 120
88 167
23 74
27 194
19 35
25 147
3 55
8 69
36 184
87 41
33 16
74 178
27 155
16 109
86 183
46 135
4 37
81 177
23 183
78 82
68 114
64 187
29 55
78 43
79 42
85 95
73 118
99 199
93 159
32 76
43 37
35 104
8 15
74 45
15 77
99 160
26 30
8 157
83 126
69 77
64 90
71 50
77 87
67 51
38 161
95 74
13 167
15 50
9 154
54 191
38 92
48 112
96 183
96 154
100 186
51 138
61 61
70 40
99 180
97 126
19 131
95 67
96 197
24 54
52 28
50 181
1 178
81 69
96 34
31 90
6 174
35 47
8 80
61 27
40 15
74 192
60 130
7 41
42 25
1 162
