300
10442
64 21
45 10
11 109
45 192
88 60
94 15
89 114
83 194
22 33
92 38
21 167
4 77
88 188
24 165
6 66
31 40
33 78
8 73
65 181
85 52
62 16
56 12
26 25
6 93
5 131
100 139
99 104
71 86
38 182
46 92
92 154
10 49
44 199
45 153
83 155
82 102
58 89
44 128
92 198
37 106
45 183
63 88
29 60
24 62
44 182
33 154
56 130
10 197
42 102
68 89
23 79
47 57
80 118
17 90
73 135
81 169
18 92
77 91
70 44
37 49
92 177
83 84
8 112
90 127
25 33
33 185
28 133
20 151
15 176
81 163
62 42
16 19
57 43
91 57
10 96
74 64
70 90
3 71
27 169
70 73
63 45
64 177
73 178
55 167
95 149
58 32
99 150
26 115
16 141
29 90
44 164
97 111
3 157
64 176
72 25
66 48
62 100
43 37
24 87
24 179
61 73
4 16
13 170
4 176
7 144
11 189
89 59
11 34
14 189
29 26
2 107
13 139
31 133
22 21
76 200
60 15
88 165
98 119
84 136
58 197
39 163
20 197
6 136
80 68
66 115
79 23
57 10
28 85
71 172
6 68
15 70
8 56
4 78
71 87
6 52
94 51
42 133
63 105
62 147
73 73
33 168
2 164
51 200
66 150
80 41
59 174
53 14
29 183
75 149
18 160
74 148
3 31
96 55
80 35
100 164
83 47
53 60
85 183
29 195
10 136
81 71
75 103
89 192
1 52
89 146
38 156
69 146
21 173
33 154
44 189
50 36
77 89
9 103
74 169
31 168
53 73
54 54
75 75
36 188
79 12
100 200
64 16
68 88
93 143
58 88
17 105
48 171
25 97
93 161
31 25
18 170
22 195
5 175
70 39
84 147
48 96
67 196
21 20
47 162
18 182
30 180
88 161
91 84
46 80
94 165
58 159
12 107
84 110
35 168
54 105
28 107
34 40
65 196
71 168
22 196
87 146
72 168
68 96
4 171
42 199
78 188
23 73
98 200
2 117
38 77
53 129
21 127
19 48
80 85
87 186
69 50
5 173
38 163
72 173
47 113
53 78
80 164
47 90
32 100
68 197
9 200
8 84
3 147
1 101
80 69
16 41
86 59
17 15
4 97
56 103
25 117
93 146
97 132
2 16
13 199
89 188
79 146
24 155
53 59
61 14
73 192
67 121
44 86
96 187
24 27
43 53
44 132
4 142
91 110
58 182
70 75
53 123
50 137
35 89
17 85
81 139
37 139
93 11
62 147
60 72
4 78
92 177
71 178
1 35
91 123
52 189
6 84
35 28
76 83
49 184
52 38
62 136
37 156
95 185
85 40
32 124
43 104
74 118
34 171
32 18
