300
10568
70 24
54 100
82 50
51 115
42 10
85 135
88 160
31 161
20 133
38 62
15 48
86 164
99 26
98 34
59 168
56 113
96 185
21 166
28 112
32 49
50 86
61 67
84 33
41 84
38 47
88 74
95 60
73 159
22 136
19 178
80 141
63 14
97 156
67 87
99 84
97 147
9 110
32 37
7 83
12 69
52 35
26 23
95 193
42 134
55 28
29 59
9 43
70 175
71 95
2 147
9 66
97 180
57 66
90 138
22 190
28 127
57 67
60 95
18 182
35 51
93 192
85 145
88 198
65 137
43 78
95 185
19 176
78 174
96 138
66 51
3 112
38 163
97 113
2 185
94 147
88 190
4 157
90 186
2 198
73 69
71 137
89 31
4 194
54 102
84 199
10 160
65 154
63 31
15 172
6 158
91 15
29 128
99 136
75 122
78 169
83 68
7 12
14 90
66 26
100 174
56 103
25 86
5 106
8 122
1 67
19 125
99 15
33 75
69 73
59 176
32 172
87 49
83 64
43 86
56 152
18 101
24 94
20 69
10 182
97 89
76 59
8 59
40 46
75 100
16 22
38 25
96 134
90 108
59 190
50 61
33 38
44 113
12 111
4 153
71 53
9 16
68 97
3 200
49 116
34 187
47 19
70 21
85 199
28 124
97 85
3 107
33 156
18 181
66 179
9 124
60 72
49 107
35 66
12 38
84 47
2 88
68 147
77 159
47 81
55 39
90 184
62 59
75 51
90 36
100 59
52 108
19 13
7 140
82 10
61 176
1 49
44 199
36 97
44 131
52 174
37 137
23 127
22 20
77 26
95 77
12 184
16 14
11 194
59 122
11 19
98 105
66 180
59 132
14 60
40 189
65 134
23 88
91 197
44 88
15 19
64 199
41 141
89 22
78 119
60 129
77 89
22 194
24 107
95 25
85 167
34 40
58 181
18 93
36 97
41 147
78 178
5 87
100 145
6 103
67 74
68 16
71 30
81 167
9 42
63 124
63 111
32 68
8 57
29 32
57 112
54 196
82 171
16 109
33 70
54 18
61 49
64 30
15 107
93 72
15 66
6 55
69 179
6 27
25 129
18 141
34 197
75 177
71 181
66 39
65 129
84 57
78 90
14 140
77 12
32 27
96 58
68 172
7 181
54 54
80 154
29 69
17 108
70 141
75 72
17 97
68 64
76 165
73 75
12 89
1 100
44 177
42 117
14 120
92 167
38 108
52 185
18 41
38 133
36 106
63 43
11 22
20 189
24 188
8 157
68 69
59 189
25 180
73 51
55 54
90 180
67 16
76 100
59 19
85 189
69 65
46 26
87 65
83 160
65 29
32 57
87 11
13 49
23 55
14 131
25 15
