300
11171
46 87
14 100
57 161
100 177
46 61
30 158
100 134
8 109
91 23
85 113
88 80
39 23
66 184
90 29
74 95
27 95
3 181
61 88
63 74
44 158
65 129
29 69
16 147
98 189
72 59
94 121
4 176
87 60
89 75
82 122
57 183
37 81
77 30
50 47
8 99
37 125
34 47
8 125
8 73
92 21
6 127
53 106
76 87
6 96
69 27
57 122
14 162
82 115
90 73
26 50
78 26
100 156
30 80
95 65
82 55
95 187
59 142
81 35
90 110
12 182
76 200
10 21
77 88
52 200
56 35
47 10
73 105
48 101
77 56
40 76
8 147
75 127
70 68
52 73
89 41
42 196
78 168
8 60
65 124
99 106
55 20
85 131
50 26
15 198
66 193
62 17
75 21
26 65
71 31
7 85
56 19
94 103
25 157
28 108
91 73
5 136
51 150
97 139
87 22
73 142
67 12
48 17
26 150
93 168
71 156
42 49
24 95
99 50
61 32
58 73
92 41
28 143
5 152
11 60
29 178
10 139
7 184
17 60
29 170
12 98
58 35
64 165
8 167
63 15
24 127
3 119
8 53
98 111
31 154
95 142
46 148
12 30
49 175
30 187
44 60
17 186
63 13
19 151
68 167
45 56
68 11
55 10
81 55
97 132
37 105
29 45
78 128
86 19
23 160
79 63
7 29
58 125
54 198
90 150
82 36
2 107
67 52
61 176
14 187
79 42
20 18
65 38
90 140
98 41
66 68
3 119
24 165
85 63
87 145
68 56
60 146
69 186
54 156
60 177
38 110
81 168
45 174
96 119
14 191
54 165
16 39
100 148
81 121
48 159
73 82
88 68
64 177
9 154
33 161
19 38
44 138
72 18
68 45
4 198
5 72
87 19
15 111
62 46
53 99
60 58
28 135
44 52
73 150
99 70
25 67
35 133
21 83
90 178
57 43
19 105
77 44
95 196
53 167
93 115
43 153
72 84
19 136
64 124
46 108
83 104
94 25
39 110
64 95
26 59
47 87
59 91
57 199
79 23
39 71
71 64
12 17
16 50
95 117
73 41
33 58
58 89
2 159
65 198
85 171
84 181
94 32
83 11
20 138
38 167
8 70
79 61
38 127
65 172
29 41
100 10
92 68
36 149
45 139
17 17
90 132
96 117
72 162
21 140
42 195
59 74
41 35
80 101
72 106
47 175
24 20
88 111
47 60
32 31
19 125
5 153
66 172
14 25
56 114
17 99
29 100
67 58
43 124
68 86
20 161
85 116
44 172
41 177
45 148
31 69
64 116
84 95
28 174
47 122
53 153
52 183
71 160
68 133
18 91
57 131
17 140
97 166
5 184
75 16
70 90
77 90
