300
10598
52 179
37 188
73 187
62 87
56 178
12 114
23 104
26 20
4 36
24 115
79 114
3 65
20 98
41 20
22 128
77 69
85 17
28 161
9 187
36 100
64 120
38 70
73 133
65 106
28 120
22 195
17 144
38 60
59 157
14 170
43 139
94 48
3 144
52 135
94 131
79 17
78 47
89 131
30 15
73 127
62 100
81 159
57 71
36 24
32 197
78 176
10 109
43 195
87 41
9 10
2 152
1 141
75 16
97 150
61 157
23 192
23 23
89 115
48 142
62 151
95 119
82 78
56 24
53 28
9 189
6 13
6 71
36 167
97 10
50 193
20 154
48 178
47 59
12 180
34 75
93 131
36 193
52 103
84 42
74 172
43 164
7 154
67 136
82 82
51 126
83 93
78 148
19 21
38 63
34 93
53 99
67 54
31 108
60 146
53 118
37 131
1 164
19 123
5 200
18 43
83 139
80 126
20 170
53 58
51 145
61 91
61 117
29 149
8 114
20 62
44 138
84 171
36 168
79 121
29 119
46 92
91 40
37 70
42 53
14 172
75 56
46 86
27 118
32 18
64 133
78 80
60 115
6 151
59 54
85 23
68 119
9 179
7 147
29 154
25 17
60 148
49 161
92 88
51 50
39 147
82 16
26 122
20 137
46 169
28 20
24 47
42 95
43 32
19 87
40 193
5 101
65 160
86 86
65 85
63 183
78 56
12 64
100 16
84 164
19 70
54 50
43 140
36 20
99 96
70 20
98 47
13 70
95 179
19 87
86 20
32 162
98 49
52 196
18 128
66 166
95 197
68 67
18 103
27 49
90 22
81 172
66 168
27 89
64 86
59 97
42 179
68 89
77 187
86 159
93 38
79 111
97 44
16 94
67 163
3 16
25 140
64 115
47 39
81 146
34 42
86 164
63 147
27 89
32 186
22 104
86 105
78 93
65 67
15 131
61 164
36 156
61 99
58 187
44 138
85 49
5 37
29 89
27 90
8 193
82 158
93 98
36 128
24 131
27 56
24 52
80 174
49 77
35 110
50 166
27 70
13 94
38 74
100 73
30 28
61 51
11 187
58 188
27 133
45 94
48 97
95 173
61 95
36 88
20 117
19 92
60 44
93 194
76 111
9 185
80 96
75 95
83 165
59 176
39 161
31 72
79 191
22 115
1 100
81 30
68 42
68 57
36 34
67 62
99 56
31 72
57 138
90 52
65 193
84 135
30 84
15 108
79 171
79 62
39 91
22 74
66 69
82 41
72 189
58 155
71 105
55 164
3 90
78 59
89 90
82 54
100 141
85 179
51 192
59 115
8 167
14 166
76 81
66 63
4 74
94 36
22 167
90 71
72 89
56 73
31 34
