300
11060
18 112
82 42
55 99
87 73
70 32
52 54
52 107
42 90
86 171
56 194
86 164
5 16
93 112
8 120
87 100
65 97
19 163
49 193
73 78
7 95
5 176
32 70
92 24
7 93
96 77
79 105
1 99
34 105
51 113
75 41
59 168
80 173
50 42
88 147
31 75
53 21
72 121
47 184
75 72
51 118
30 18
13 86
20 129
7 61
23 53
4 82
77 113
72 34
75 20
26 137
69 16
42 146
48 114
44 35
43 51
18 152
71 193
47 122
96 162
87 64
39 49
72 103
68 140
75 68
71 94
75 167
35 11
22 156
15 157
54 142
2 146
59 30
81 68
86 173
12 11
53 93
2 16
66 90
56 87
81 49
53 140
92 119
61 101
93 56
3 58
92 177
95 34
75 124
38 169
80 32
62 185
9 72
77 85
47 57
76 17
57 139
83 36
44 64
23 113
78 14
87 138
29 45
10 143
80 111
84 72
1 10
40 177
78 115
63 195
7 131
43 154
9 41
24 26
53 105
11 120
95 195
98 19
12 48
84 176
25 139
51 119
17 68
71 59
21 58
92 102
95 154
42 37
33 191
92 95
62 51
89 59
83 91
77 165
53 40
33 174
36 85
93 98
6 152
45 154
25 51
13 84
49 35
71 71
1 157
39 163
68 160
64 131
24 124
40 157
65 150
71 188
19 59
91 121
76 114
95 188
29 44
1 160
82 197
99 14
46 31
42 57
78 170
38 177
30 81
100 113
65 110
72 182
77 147
82 176
15 84
80 151
22 150
47 197
84 100
84 44
77 169
24 99
32 162
80 32
13 196
93 176
27 149
8 88
93 65
39 173
55 39
13 69
68 91
82 49
71 100
5 102
92 112
76 146
54 114
74 179
26 25
53 93
8 120
32 89
28 146
90 178
68 12
88 139
6 94
75 24
56 53
48 91
20 46
10 198
67 118
88 144
94 155
1 108
5 182
39 91
82 144
84 194
65 81
54 170
82 102
67 37
63 109
17 77
62 121
19 29
29 59
20 52
98 178
84 28
7 100
75 194
66 138
89 129
33 30
96 135
51 62
82 46
65 156
91 199
68 193
70 198
47 158
66 115
69 73
19 189
70 109
18 162
49 196
49 72
80 136
53 41
17 51
64 136
68 121
100 193
3 105
90 168
2 197
62 37
22 148
97 19
75 192
7 80
7 46
67 186
14 98
44 142
35 134
7 161
6 67
67 160
50 17
100 106
50 193
48 164
3 186
82 20
26 162
53 199
47 184
46 143
22 44
40 88
52 76
98 182
99 192
48 179
10 112
35 162
44 130
13 80
81 199
76 16
29 74
84 60
37 119
54 88
97 69
30 141
23 111
