300
10212
36 144
20 191
6 187
86 136
95 118
94 97
39 91
5 155
27 107
47 173
26 19
76 61
94 25
58 56
83 67
17 17
73 110
69 116
94 82
29 172
95 81
11 36
51 115
50 169
42 196
74 98
90 122
55 45
92 129
71 154
66 73
77 66
63 149
47 39
99 129
36 175
25 193
52 136
98 191
14 146
62 107
64 157
11 111
44 59
1 77
99 41
54 44
49 148
67 183
74 51
41 152
37 29
9 116
62 113
67 197
76 153
98 84
56 154
20 103
17 83
11 159
19 25
16 142
70 190
18 148
64 36
59 186
26 52
34 71
46 112
34 52
46 18
9 120
95 82
95 46
17 161
22 74
29 180
73 145
87 154
3 50
43 155
54 110
22 148
95 109
28 109
38 143
55 142
83 100
23 150
3 198
1 72
32 69
60 25
4 186
98 191
18 125
73 156
79 124
55 131
85 182
68 173
79 18
23 160
23 98
86 67
3 180
28 43
76 57
63 57
88 18
11 33
37 54
8 86
29 38
30 173
52 150
90 146
70 46
69 137
66 155
16 153
82 163
63 99
77 64
33 76
33 128
69 12
47 193
59 13
81 173
22 132
1 15
66 169
1 18
9 193
1 24
29 174
61 61
21 60
44 174
19 126
41 39
90 175
9 137
94 195
30 125
41 148
59 91
9 61
67 129
2 181
23 118
99 10
28 95
20 95
85 91
62 147
55 186
66 71
78 66
42 68
77 85
29 126
88 62
21 117
5 50
70 82
89 120
49 142
40 124
86 11
66 105
19 133
49 25
85 64
41 191
35 165
15 36
33 98
60 80
56 179
91 195
73 75
6 145
10 153
52 155
51 51
82 144
21 143
5 91
7 81
32 112
56 188
58 155
3 49
79 174
35 136
57 121
64 169
19 137
11 112
21 196
17 50
75 54
14 68
15 107
66 74
50 93
19 184
83 53
69 49
68 180
73 27
54 76
86 94
41 92
28 151
32 140
9 95
66 44
28 198
83 79
28 13
57 159
57 181
2 182
45 34
100 71
58 49
42 62
60 90
70 46
60 70
93 139
88 120
38 82
37 17
55 119
64 75
87 149
51 62
50 157
9 93
97 49
51 164
30 137
11 33
55 127
76 185
68 57
65 47
21 29
51 86
40 15
94 160
26 71
49 180
11 16
8 18
68 88
27 184
36 144
79 45
50 184
78 102
65 168
63 198
38 51
81 64
64 183
36 185
7 78
45 121
47 116
48 120
20 183
41 35
99 101
81 11
15 46
41 80
63 179
83 160
52 60
54 191
8 95
31 91
72 177
38 115
75 141
96 168
8 61
39 109
10 23
52 196
6 128
69 118
9 66
24 11
