300
10348
95 178
22 30
93 162
17 69
62 138
7 175
96 22
83 24
79 139
39 65
8 122
97 190
88 44
54 111
94 105
99 171
59 23
20 76
34 73
74 138
11 26
100 88
9 35
4 74
84 151
51 115
12 50
61 161
42 88
4 15
83 77
70 56
94 35
69 137
40 160
9 177
73 130
66 38
91 173
25 174
85 162
40 117
88 36
83 54
7 180
66 111
41 144
40 121
99 168
85 129
23 60
61 29
38 79
56 45
67 77
58 131
51 57
96 115
10 188
17 184
32 63
33 32
43 110
61 195
17 141
49 50
26 129
29 30
18 115
36 20
11 28
11 99
60 140
9 120
4 54
37 76
6 196
47 137
99 88
10 189
47 83
66 10
94 125
35 44
74 88
82 47
99 121
72 108
4 124
78 51
2 39
70 92
2 103
20 125
7 168
10 91
100 85
84 193
63 29
92 183
42 147
90 125
46 159
50 70
59 139
18 20
32 20
60 40
50 198
14 37
36 83
58 103
47 107
48 64
23 18
23 87
22 184
87 62
76 165
32 172
72 27
8 110
17 40
5 186
1 106
30 97
51 110
81 73
10 123
9 171
12 88
82 82
67 24
61 152
81 78
11 35
20 82
35 122
17 113
23 12
6 80
52 72
66 65
86 23
45 44
66 142
74 163
29 129
29 79
83 97
17 69
22 164
80 80
87 143
78 198
98 151
88 54
2 150
48 102
49 164
69 75
72 45
44 48
1 92
9 75
56 52
86 42
41 62
69 133
43 137
14 48
43 141
38 79
53 184
32 184
92 90
76 84
62 37
14 61
42 69
65 161
57 100
52 135
5 166
9 23
98 164
8 180
55 132
89 114
50 79
7 18
2 138
1 170
56 134
12 167
32 147
17 80
97 139
45 31
90 63
45 172
100 190
46 50
82 129
26 46
90 73
2 139
34 19
73 51
74 175
60 180
66 25
21 153
79 101
1 23
11 150
95 140
18 145
54 21
76 126
74 28
4 51
39 33
65 182
8 34
30 100
60 176
38 159
32 143
80 14
92 125
77 140
56 85
17 151
90 152
70 81
12 90
10 96
99 76
21 76
2 37
44 46
44 74
75 104
37 108
22 14
85 187
67 64
39 142
68 36
29 112
36 192
73 69
60 80
43 123
58 88
60 13
20 176
56 187
75 94
79 97
70 13
91 144
70 23
58 93
63 164
94 113
61 71
68 141
56 98
54 17
27 196
22 129
53 136
4 177
95 20
49 118
18 68
56 125
37 150
52 192
71 32
93 100
7 131
98 149
68 137
25 178
72 11
25 68
4 158
41 126
40 101
75 91
8 38
26 124
97 84
58 187
93 78
4 156
99 137
