300
10796
55 40
6 132
47 83
49 133
91 102
34 28
3 189
53 48
34 52
63 144
50 132
86 113
32 85
60 187
57 92
88 148
49 84
52 21
85 113
69 95
21 165
77 170
83 145
50 165
41 96
74 17
23 105
51 159
85 28
30 188
8 184
62 12
67 127
86 48
41 72
18 27
9 194
36 107
48 174
42 56
13 17
16 92
33 124
7 143
53 144
32 148
77 72
99 182
14 190
92 54
88 44
10 85
3 174
28 20
30 29
12 82
80 11
27 98
24 11
1 41
73 171
75 60
95 112
86 138
25 14
8 28
46 76
22 88
43 186
80 17
17 88
80 196
41 200
87 121
72 22
91 17
32 114
100 136
23 69
47 112
68 38
78 196
28 142
29 71
15 196
2 72
32 177
36 19
47 117
4 184
16 68
31 121
37 132
83 195
27 121
28 88
65 82
45 22
3 91
6 192
96 156
72 145
77 195
29 130
23 162
81 135
96 119
69 157
84 22
66 62
52 90
35 48
83 62
43 48
88 37
72 101
18 142
74 15
82 181
29 53
85 150
97 114
82 140
88 192
90 130
67 94
18 66
94 29
34 127
36 164
57 160
99 149
23 54
52 44
26 72
39 119
97 22
59 184
9 52
48 99
24 141
31 23
12 12
75 90
58 144
46 142
86 184
52 139
41 103
12 136
58 52
94 40
26 132
75 169
4 195
88 122
97 57
62 44
14 188
27 91
3 149
33 36
6 175
6 112
46 97
46 13
86 19
96 14
32 65
5 167
19 91
22 91
57 199
83 29
7 187
78 146
96 136
70 176
94 64
93 15
52 97
100 156
77 25
45 68
55 92
18 135
53 188
92 47
33 148
85 15
27 116
54 121
10 45
62 73
75 107
19 64
77 52
57 62
16 27
2 27
47 200
33 152
90 193
21 78
92 160
7 172
95 194
58 188
11 53
59 163
67 66
13 180
50 50
81 27
76 32
48 197
90 36
76 126
11 187
16 46
50 164
2 131
92 25
61 47
23 105
20 165
18 94
54 123
82 109
63 57
52 136
79 199
63 53
4 183
31 52
78 57
80 102
29 75
11 104
68 159
53 124
67 99
8 159
18 29
86 21
29 10
7 179
87 44
96 145
56 122
10 157
59 47
85 146
36 52
54 122
85 109
38 41
88 11
35 196
12 127
59 71
56 114
73 74
93 117
73 46
74 122
89 154
22 116
72 140
75 99
10 92
59 136
62 123
37 62
56 154
26 89
7 85
44 43
71 122
52 155
18 79
36 128
100 185
58 171
81 82
93 110
72 176
35 175
86 156
75 102
28 193
67 39
44 127
99 83
88 93
12 200
37 53
72 117
92 10
96 122
