300
10831
2 145
64 78
40 109
73 183
40 192
82 177
97 20
26 105
39 142
49 163
5 134
77 167
12 102
92 161
82 46
79 110
91 166
6 199
23 164
29 147
35 62
36 35
99 30
100 182
71 110
12 71
62 122
85 175
2 188
83 12
36 106
17 117
25 89
57 58
15 95
16 22
57 52
89 160
72 142
67 180
85 157
22 182
97 172
7 166
65 121
22 100
61 70
97 92
33 88
57 114
54 174
52 37
5 185
93 67
86 200
47 102
73 81
1 187
74 181
29 154
97 131
51 33
41 52
51 184
65 28
48 139
24 144
77 152
31 53
74 89
99 49
50 196
43 38
41 61
42 163
24 194
32 30
38 35
96 120
19 193
52 115
79 59
53 195
14 157
99 86
53 132
30 18
35 184
45 72
35 178
100 88
56 168
99 175
12 94
45 86
41 174
54 177
37 27
97 162
80 32
95 46
60 104
73 124
93 32
5 34
63 143
55 70
66 78
52 79
14 59
27 144
85 149
48 155
42 47
37 70
5 101
41 166
73 179
89 178
89 44
33 175
68 81
29 62
80 175
35 114
95 14
31 177
64 145
19 163
67 179
56 39
96 106
71 91
45 63
46 119
15 21
49 41
79 73
63 85
94 60
23 91
29 70
1 107
98 97
80 37
32 99
41 17
11 182
2 93
66 10
31 121
18 28
73 134
34 143
78 159
95 118
93 173
82 56
31 53
58 92
92 189
9 193
55 10
76 180
71 69
1 65
12 161
31 35
36 153
39 108
24 193
46 190
82 190
90 154
42 10
54 88
32 22
6 96
33 151
11 120
67 65
70 114
77 119
76 29
54 15
33 162
85 147
7 14
64 136
97 99
55 102
13 160
40 141
70 110
53 109
4 147
23 105
1 63
13 104
77 138
26 114
90 191
79 161
31 152
16 38
97 77
36 155
93 42
21 28
59 54
33 61
92 78
18 16
31 61
72 166
43 78
91 166
26 197
12 186
81 92
10 39
35 199
46 41
90 141
29 76
34 49
100 53
84 182
20 88
72 96
72 52
57 146
15 155
42 24
24 155
38 97
89 43
20 145
50 110
79 131
8 49
25 66
78 150
98 19
52 15
24 196
82 55
37 11
30 62
71 196
89 37
16 22
63 157
96 47
51 98
54 168
8 184
16 76
59 130
39 33
96 191
68 198
52 190
9 185
6 158
65 147
10 59
75 177
1 116
12 25
67 26
98 61
57 49
100 104
93 157
91 72
16 145
86 129
15 85
45 157
77 80
77 43
69 31
43 100
38 79
65 193
31 158
46 116
18 45
54 124
50 36
46 75
26 99
74 147
42 68
9 156
95 14
99 193
66 187
30 139
