600
20923
10 50
39 144
9 50
73 128
26 44
28 39
9 142
23 67
33 116
1 110
55 194
5 161
74 76
45 142
27 113
99 32
84 26
37 57
15 143
61 141
30 23
32 77
21 38
88 158
17 42
82 16
73 182
49 49
41 59
79 72
30 113
12 55
70 143
69 156
32 185
86 165
30 121
76 148
62 153
37 133
57 196
89 31
28 19
41 56
24 180
46 150
68 164
32 96
68 184
33 88
45 60
94 73
2 160
86 117
83 181
36 96
72 25
63 122
56 89
34 185
96 128
77 170
13 49
23 71
15 99
59 69
14 40
37 196
27 62
19 109
79 52
63 96
65 199
40 44
64 180
94 89
70 108
13 101
22 106
8 40
46 41
63 130
72 91
77 53
58 170
87 77
55 48
72 101
57 88
40 168
78 54
64 179
86 10
48 58
2 171
63 49
76 191
36 165
9 96
67 48
73 147
89 106
56 35
96 190
80 58
27 109
32 12
26 15
89 60
10 96
63 169
92 35
53 96
38 123
12 116
63 110
54 169
2 13
1 191
41 109
47 67
91 16
21 16
20 181
72 11
26 120
9 151
99 98
20 91
29 33
3 30
9 153
50 131
77 63
90 87
17 190
75 24
98 39
85 159
62 114
19 197
13 189
7 67
45 84
55 128
1 180
20 178
51 160
63 193
96 27
13 40
59 96
96 78
64 175
57 68
15 177
4 163
62 170
8 133
96 104
19 123
58 164
8 38
25 171
23 99
37 121
21 41
91 84
15 178
97 194
45 37
61 67
97 129
47 166
36 169
60 170
77 190
82 199
47 13
81 87
89 31
98 98
17 193
74 92
52 148
63 138
83 143
26 132
22 19
23 110
24 108
15 196
37 96
56 159
89 103
69 146
25 40
25 21
94 73
98 199
36 170
17 135
3 126
7 170
23 175
53 128
39 44
20 72
53 134
74 96
34 158
66 64
18 62
2 157
100 161
60 55
86 71
60 19
91 132
50 180
83 30
19 68
34 115
32 103
49 80
3 35
13 76
71 187
61 38
50 59
49 100
85 59
37 158
66 183
53 105
30 119
47 175
70 178
92 118
85 182
9 126
38 91
17 52
34 161
82 40
80 19
60 172
31 179
57 92
27 126
65 50
85 97
6 97
51 192
6 101
89 92
83 96
100 58
21 193
55 190
40 129
61 185
38 172
42 137
7 79
71 157
44 91
48 132
81 78
59 140
43 121
94 76
65 68
36 83
65 194
12 189
57 22
35 128
85 163
81 95
94 96
100 16
92 57
35 163
57 91
93 122
52 18
62 42
84 35
57 46
27 97
70 187
31 18
53 97
60 158
9 38
67 103
100 82
63 17
35 12
39 196
30 107
42 74
9 193
64 24
82 28
45 148
14 162
78 16
62 47
55 154
51 38
4 190
65 80
9 145
44 159
41 28
87 23
16 164
59 94
4 14
12 56
44 26
56 162
50 176
99 155
31 48
100 165
46 191
7 170
40 11
16 182
99 165
16 67
78 169
65 120
23 122
21 173
4 33
76 49
89 49
50 70
68 96
16 144
14 184
65 119
69 64
48 123
29 109
77 154
81 36
41 10
21 13
71 166
32 126
32 111
58 120
10 41
70 109
57 179
79 76
8 87
75 60
83 76
91 55
55 161
59 132
60 174
14 113
38 194
82 149
2 142
5 99
2 191
91 149
4 186
22 77
39 68
37 63
57 27
13 38
51 85
1 107
68 114
79 129
76 117
71 198
3 153
100 187
12 151
14 143
28 193
28 61
81 181
98 106
43 30
12 192
8 25
1 156
61 166
71 137
81 103
48 82
35 136
13 69
72 85
42 54
36 111
87 15
81 194
1 144
62 52
77 110
24 83
59 12
73 170
55 122
96 140
60 69
3 108
59 97
59 163
57 115
71 91
26 136
84 83
44 183
80 156
58 75
95 96
52 165
38 120
10 186
19 48
64 147
64 169
87 200
46 90
84 81
88 61
39 106
27 12
20 133
67 164
100 58
38 44
54 33
56 36
46 148
47 120
44 197
55 80
37 51
66 137
17 82
79 50
57 111
7 23
64 34
54 36
95 11
59 98
36 83
28 93
90 200
23 168
68 10
43 185
35 182
30 133
61 110
83 58
13 93
64 97
91 183
43 113
79 36
87 11
5 146
7 169
91 11
28 141
57 32
57 138
63 165
59 138
25 154
36 152
47 168
42 106
48 116
18 171
41 123
58 57
26 145
11 30
90 12
66 114
87 38
43 117
65 41
70 44
42 106
10 109
7 33
66 148
41 167
9 50
82 141
68 166
85 76
52 78
10 190
95 123
2 59
96 38
24 133
68 90
36 133
93 41
88 129
87 196
88 158
58 52
82 174
74 33
36 113
26 63
11 106
56 141
72 16
24 110
82 116
1 108
6 57
58 186
69 59
56 130
44 90
38 52
21 153
60 102
82 156
25 75
66 41
46 84
46 62
83 145
23 86
25 72
72 147
70 159
86 107
61 42
51 73
67 92
8 12
54 82
48 72
2 80
3 131
88 153
62 22
41 32
6 129
15 136
35 163
85 42
6 10
90 148
63 154
89 73
57 105
20 56
81 144
63 11
63 57
44 62
46 113
20 103
59 167
2 75
88 189
87 164
35 62
60 33
90 144
36 166
78 53
77 82
50 118
15 119
25 144
26 124
70 191
62 178
18 22
54 112
49 107
10 49
