600
20851
25 110
82 199
54 68
64 187
61 94
42 70
86 140
84 180
86 98
41 182
38 77
18 32
72 119
100 22
40 167
32 74
80 50
37 186
55 129
57 115
53 58
89 181
50 189
13 194
82 172
98 38
79 102
54 58
35 101
59 174
48 119
79 31
14 131
77 164
99 140
86 138
69 160
35 176
20 145
45 154
6 144
2 177
72 120
55 112
18 114
65 170
40 88
45 39
22 33
34 67
18 174
52 99
80 57
61 34
95 67
85 158
90 76
20 82
33 63
15 157
59 103
71 83
28 179
32 129
92 90
52 61
97 185
78 26
99 115
58 94
48 19
79 47
94 113
79 129
4 200
32 162
15 177
100 169
77 41
88 136
35 156
10 169
33 64
37 94
13 161
7 30
51 133
89 23
91 197
17 81
55 110
57 100
73 68
34 195
92 195
93 126
89 93
44 47
33 119
5 24
34 162
35 189
98 78
52 51
44 100
41 63
52 22
16 199
13 187
84 29
48 146
57 37
33 48
17 128
13 165
96 102
38 43
64 21
95 123
81 45
30 68
62 88
47 69
14 183
83 142
90 56
3 36
87 153
75 51
79 35
51 194
16 109
33 100
27 26
58 78
63 184
48 66
48 155
50 200
4 102
19 199
11 174
46 40
67 41
55 168
78 92
32 33
97 61
100 171
89 22
80 16
81 110
77 192
53 43
17 88
57 156
78 13
40 143
34 61
3 40
13 162
61 111
46 198
66 194
77 160
27 167
99 24
41 155
26 90
59 65
15 91
77 189
24 100
10 50
66 24
80 54
80 100
26 115
81 22
74 94
9 92
16 24
32 199
29 113
21 106
93 178
11 108
21 101
15 25
31 17
39 96
84 142
34 84
67 64
69 34
71 116
38 174
79 188
26 64
57 52
91 87
68 49
37 55
79 111
52 76
2 28
44 160
45 138
69 154
67 181
31 78
42 46
71 10
38 44
58 139
60 188
93 137
85 152
70 148
41 28
29 47
73 148
47 177
33 97
43 87
83 90
67 162
80 52
73 118
27 188
60 55
64 126
31 148
67 199
98 138
29 98
37 168
72 97
8 180
77 163
30 136
79 79
45 104
32 19
47 112
14 31
91 172
10 34
15 142
54 126
4 64
24 89
76 101
78 166
83 198
47 120
50 130
55 30
44 177
72 30
42 143
80 52
36 121
61 36
19 164
27 122
19 149
46 146
21 75
72 151
67 14
47 74
10 89
23 94
90 186
55 190
34 148
3 13
51 81
43 198
72 16
97 177
6 121
39 75
93 93
21 20
17 177
76 59
18 153
72 175
45 106
88 59
52 73
9 95
31 127
87 68
49 77
15 184
19 153
7 15
84 140
48 115
17 179
5 14
10 118
88 21
93 105
90 110
69 190
21 98
35 23
100 156
6 57
56 141
76 83
43 110
88 161
30 39
29 186
11 16
47 13
64 23
72 37
71 118
32 96
71 40
18 143
34 95
97 168
23 140
16 65
28 43
88 103
89 130
75 109
32 119
29 76
57 145
13 32
93 146
66 106
23 145
33 161
84 78
44 41
16 74
76 69
15 52
49 108
1 90
11 142
87 69
76 62
39 137
17 176
50 188
17 171
47 141
38 11
88 126
99 62
32 91
39 53
73 90
59 185
6 18
36 163
5 158
27 57
99 161
41 140
37 107
66 47
10 47
67 154
56 148
41 66
27 187
14 124
32 87
87 43
35 116
84 26
21 36
8 37
32 38
24 192
34 148
77 52
16 67
10 96
94 125
72 74
100 164
76 38
78 68
83 122
32 132
57 58
94 191
16 181
84 51
20 59
74 21
26 10
63 76
56 35
66 130
53 105
53 68
46 24
56 42
95 105
2 148
43 149
71 56
70 111
85 166
74 127
38 94
56 122
51 117
49 185
45 85
38 118
66 39
35 188
14 129
32 160
47 151
67 13
88 114
80 38
30 61
99 105
21 194
20 31
1 113
3 176
6 126
38 179
46 54
9 87
59 72
39 44
31 181
33 130
18 66
86 70
55 53
1 31
33 137
42 181
36 200
25 142
1 131
92 187
94 56
41 133
62 138
19 178
32 28
98 43
40 29
11 88
64 147
5 75
72 167
73 47
61 87
12 160
87 43
71 198
44 158
72 118
62 64
69 192
23 86
38 19
76 98
84 76
40 187
25 16
22 56
63 183
12 192
38 47
27 118
81 126
25 80
56 130
25 153
66 20
43 27
43 53
35 75
78 62
17 40
40 184
36 24
20 180
6 70
27 180
43 65
100 39
91 13
21 126
5 40
58 185
90 159
7 138
27 40
22 137
33 101
12 169
37 143
2 71
49 156
18 189
55 20
19 19
70 128
14 177
55 181
12 48
12 44
43 178
91 130
20 76
41 131
7 145
1 15
82 119
60 38
99 199
57 25
13 53
90 189
60 130
41 44
65 24
18 171
98 10
81 26
46 194
5 129
64 138
66 191
48 43
40 33
54 145
82 195
17 51
17 91
97 134
8 184
33 39
78 125
91 26
78 123
56 77
50 103
60 17
17 44
79 72
64 69
69 102
15 162
35 95
73 126
43 14
51 62
21 46
57 10
48 196
56 110
62 73
4 166
29 91
100 51
59 95
19 147
46 20
79 155
46 42
67 77
23 75
30 121
93 32
30 74
66 60
66 14
32 100
87 98
74 139
11 158
58 58
57 11
88 102
83 18
