600
21532
35 47
99 11
27 101
28 29
38 168
93 107
25 33
50 141
1 149
49 29
98 96
57 65
55 10
9 93
69 164
57 104
83 125
21 62
7 141
64 16
31 33
82 169
50 123
29 21
2 181
54 101
35 26
49 63
93 195
53 89
37 167
13 131
32 75
9 193
86 22
69 36
3 18
43 129
62 91
77 77
50 178
45 21
71 133
100 142
36 198
39 93
86 128
57 130
51 10
18 77
28 92
35 26
84 61
70 166
25 138
89 54
25 108
44 33
85 93
42 181
21 60
53 128
93 18
93 96
78 125
96 134
19 174
8 179
99 54
48 168
83 179
35 65
54 33
98 160
61 44
65 120
85 177
63 105
94 148
74 130
14 132
58 167
36 69
57 85
41 90
83 162
74 147
65 156
31 138
48 132
75 128
96 42
5 102
22 179
43 10
96 156
45 198
10 126
2 196
26 73
37 36
31 146
2 164
51 107
85 29
68 161
96 56
78 26
36 174
93 169
60 102
54 100
23 57
61 67
95 174
3 72
31 86
94 172
21 124
19 106
48 79
22 193
62 81
98 48
12 142
66 41
19 145
14 46
64 24
88 134
60 31
75 98
56 71
18 14
88 104
22 121
47 119
94 181
84 74
27 30
50 52
11 30
16 83
47 83
18 174
96 119
63 124
4 176
35 120
54 44
14 170
3 160
11 179
36 181
18 25
98 132
6 37
4 102
81 167
81 139
57 82
19 197
46 48
86 165
56 88
21 177
86 75
92 170
1 114
91 136
66 155
2 42
38 78
93 12
64 181
15 75
25 172
21 78
35 78
29 165
85 146
36 197
1 65
4 69
46 121
32 44
46 178
20 44
24 196
48 42
74 42
46 143
11 188
38 116
37 77
12 63
55 126
45 72
53 43
59 173
12 147
74 20
91 77
69 118
89 37
39 33
89 130
66 181
87 34
26 59
100 167
77 42
82 36
11 122
39 36
9 48
75 185
9 155
21 22
92 66
78 44
2 65
11 106
67 128
64 35
41 141
57 16
85 41
70 96
21 28
23 167
95 39
23 36
6 83
31 99
57 147
43 101
39 187
7 150
14 39
17 124
23 11
31 76
11 176
37 27
36 175
12 24
95 80
59 151
38 72
63 130
1 58
78 155
93 78
80 110
34 80
24 171
27 183
28 102
6 110
26 162
63 122
95 194
10 43
47 26
73 93
100 58
82 160
68 28
66 48
37 113
62 27
77 188
42 191
92 196
98 147
45 82
77 170
90 156
43 28
49 164
92 34
26 50
76 76
83 50
16 64
81 42
15 76
8 154
66 20
43 85
57 140
85 32
52 43
53 47
17 105
98 59
76 187
19 26
86 119
83 133
84 112
98 97
12 20
82 102
67 155
79 159
93 111
74 55
55 120
2 119
79 177
77 126
11 12
15 37
91 87
79 41
14 117
79 30
29 115
10 195
93 133
64 171
35 23
3 190
41 139
98 78
47 67
29 44
64 40
91 77
8 127
91 10
91 47
25 31
98 116
27 116
83 98
78 84
29 126
89 99
14 77
40 104
42 104
65 82
84 145
31 173
98 109
75 82
79 150
93 109
40 13
91 172
18 103
49 99
20 63
14 141
90 38
19 39
67 23
12 174
72 186
6 92
78 118
41 170
79 44
21 155
46 70
44 173
65 124
53 162
52 88
94 166
19 11
86 79
69 84
57 80
65 81
37 99
84 23
34 181
77 28
100 37
82 94
96 33
76 108
96 178
57 80
33 124
21 177
78 190
40 122
30 144
1 143
73 182
35 169
19 95
26 115
22 184
57 104
75 52
73 157
57 89
62 100
1 126
71 124
62 77
14 54
82 90
100 86
52 137
49 190
19 108
2 129
71 104
2 29
93 53
87 184
22 81
73 87
93 17
2 135
29 173
98 33
4 137
14 18
76 26
67 90
60 160
9 11
96 56
18 60
82 122
87 75
71 82
93 129
24 127
58 63
11 128
90 154
38 147
98 94
68 166
15 20
70 96
49 46
26 92
34 12
43 184
54 98
60 163
8 72
97 197
57 67
53 28
47 183
35 138
58 64
49 150
84 25
84 167
41 146
64 149
34 118
70 53
59 90
58 26
9 86
2 48
19 95
96 71
30 177
99 170
9 147
91 71
52 24
5 67
15 14
23 183
95 68
85 28
75 40
80 164
83 189
100 157
93 84
24 114
96 174
81 63
14 90
89 20
11 135
64 25
38 81
45 19
90 40
44 51
95 27
60 11
35 147
36 142
46 36
25 157
78 200
56 19
36 118
13 57
42 93
45 53
30 81
60 198
6 183
60 187
88 20
43 51
85 59
22 32
62 67
2 123
6 111
53 121
68 69
80 187
3 150
6 100
5 115
26 54
29 174
89 37
56 183
1 152
97 170
65 12
97 130
9 191
9 131
70 165
75 49
100 41
53 122
64 86
3 108
11 33
39 93
44 47
35 82
71 147
77 26
69 82
42 97
42 51
71 77
36 83
13 24
50 88
92 104
72 78
50 57
58 111
70 33
68 32
90 126
25 71
5 112
58 115
46 82
36 42
63 54
62 126
70 167
13 66
46 100
66 144
2 181
87 141
89 77
23 175
58 179
49 164
39 157
99 13
44 174
36 68
22 21
38 121
68 155
52 98
55 169
7 174
24 149
80 127
34 156
56 190
85 31
62 150
50 109
32 69
48 31
70 19
16 59
