600
22389
95 82
83 117
85 131
30 29
66 168
62 118
72 170
36 68
98 14
46 29
95 21
32 73
42 56
83 137
27 49
45 131
87 86
29 115
96 32
76 157
46 193
62 194
91 195
4 176
66 181
74 131
77 105
15 65
28 51
25 168
73 181
57 158
66 149
41 110
64 12
50 89
61 95
13 190
95 71
6 53
70 60
97 105
99 66
66 21
82 146
3 83
84 20
31 183
60 65
58 135
88 81
98 47
74 17
16 169
29 196
87 24
17 54
69 48
3 98
33 178
4 119
51 51
32 54
96 59
43 135
36 63
99 143
4 69
21 81
16 49
10 84
86 83
72 135
40 82
87 123
24 163
64 28
72 86
17 19
66 146
99 200
2 146
87 98
80 192
55 20
89 21
92 138
44 105
32 194
79 49
26 40
75 71
69 67
82 153
60 130
4 85
59 96
6 175
77 161
86 71
5 153
95 69
36 159
12 174
83 136
16 158
54 63
81 73
93 108
29 183
18 29
21 49
51 90
10 195
93 192
23 25
25 179
37 37
48 19
89 194
6 20
48 176
89 107
25 166
96 154
47 111
100 164
29 152
17 64
83 25
84 20
62 185
66 73
70 140
20 120
56 171
75 124
74 153
11 22
52 169
16 88
99 28
10 109
9 25
55 19
33 154
40 97
38 123
33 140
31 99
47 12
44 163
92 96
99 85
83 28
57 56
54 144
45 147
80 78
45 194
15 88
44 94
61 100
77 193
67 120
21 73
37 38
93 148
25 142
54 133
30 85
16 144
20 103
99 128
36 158
77 189
31 158
45 25
23 159
3 123
16 119
91 15
94 191
57 116
76 148
91 181
54 35
24 102
81 169
14 128
57 39
7 161
2 134
91 90
93 22
69 78
26 20
93 59
14 81
87 95
51 77
98 133
12 22
80 102
62 182
58 61
62 114
33 195
2 14
78 107
45 86
58 114
15 146
38 102
32 123
63 196
71 13
84 119
30 147
79 25
61 130
15 10
91 198
36 74
55 31
57 189
21 182
27 13
84 22
7 26
89 28
11 29
70 149
85 116
79 29
53 43
11 146
75 189
14 192
90 171
26 24
95 58
93 26
10 173
97 109
80 83
59 26
58 47
43 42
42 33
81 73
17 26
47 85
51 141
36 95
30 127
84 39
32 27
75 95
63 18
1 108
11 189
83 168
83 153
82 99
95 177
90 172
58 138
33 116
89 167
33 34
38 176
72 141
80 111
32 173
74 137
19 44
21 148
69 68
100 52
56 38
55 85
94 113
43 49
91 123
1 80
68 32
94 71
61 130
22 34
39 25
11 36
77 21
46 124
2 149
36 110
82 157
89 21
88 81
58 116
86 126
86 178
61 185
39 84
4 187
53 43
36 40
35 186
7 86
90 135
14 99
42 135
43 146
85 75
80 15
68 36
12 87
85 137
24 183
4 176
71 78
23 138
36 185
52 70
89 98
42 174
68 158
4 197
93 138
25 25
62 14
15 26
45 157
20 105
49 195
52 95
98 63
16 102
30 65
33 141
61 89
99 113
97 189
81 133
9 69
43 41
8 164
26 55
82 117
57 103
75 152
87 134
96 167
32 53
39 171
64 166
69 57
42 50
66 57
41 136
30 121
91 52
45 76
70 87
56 29
68 102
90 195
76 137
88 198
14 74
69 21
77 141
90 59
30 49
81 76
36 29
46 57
84 150
52 146
16 76
39 82
12 121
24 96
33 120
10 42
69 179
9 170
99 71
92 119
42 141
24 93
59 194
76 21
64 32
28 41
47 27
10 110
6 53
75 40
24 94
26 133
33 115
35 152
85 36
68 55
36 94
34 177
52 43
87 29
32 60
82 41
72 192
24 32
29 79
24 182
29 172
17 91
37 74
54 106
77 75
1 76
61 15
15 122
93 52
4 173
1 18
4 193
89 178
41 156
7 46
80 34
20 67
78 26
12 101
59 54
38 160
13 146
78 156
92 179
28 193
72 83
26 55
57 31
57 112
49 108
34 200
24 83
13 11
97 196
98 21
18 180
15 188
43 128
41 18
85 34
93 16
100 51
44 100
37 104
10 135
56 112
72 119
72 165
18 122
35 89
89 173
74 102
77 56
98 27
82 96
45 149
69 98
53 92
96 117
66 71
80 46
77 129
89 146
42 67
66 41
90 60
82 171
89 109
78 133
46 52
61 63
100 27
38 175
32 82
60 172
52 132
74 144
81 199
77 63
44 157
49 76
61 91
66 190
86 43
7 108
78 24
18 161
58 167
65 167
8 124
60 198
77 167
41 110
42 176
5 84
60 13
16 123
96 163
10 103
41 147
50 135
9 128
87 180
30 177
79 182
30 86
96 136
55 112
7 51
41 88
53 33
69 146
95 105
50 39
98 171
74 135
41 169
52 47
13 121
5 11
91 160
94 132
44 162
18 143
98 154
82 81
81 81
43 14
71 97
7 80
53 164
90 37
34 60
25 23
38 158
45 38
100 31
95 41
73 144
73 187
24 16
56 37
83 58
91 62
84 52
28 148
15 35
14 29
56 145
40 110
80 185
36 29
39 84
20 86
37 143
83 11
61 26
8 107
68 118
86 73
84 173
57 103
9 172
82 123
81 109
20 198
85 194
48 28
11 126
39 140
88 133
25 158
86 129
69 162
32 181
26 12
12 125
58 104
62 145
26 191
86 56
93 148
76 44
66 154
67 193
