600
21574
70 196
2 123
9 103
33 59
75 18
74 39
14 131
12 34
16 98
39 25
8 67
22 108
58 129
27 164
87 105
24 26
63 63
82 76
16 67
38 32
70 120
26 75
70 76
58 122
35 121
89 148
58 176
69 162
27 113
33 132
54 147
33 75
49 28
8 14
100 94
79 114
67 57
10 133
66 91
28 88
81 17
64 180
8 159
1 79
71 15
16 20
26 27
41 167
11 185
23 179
31 26
3 118
56 35
76 126
83 200
3 117
34 186
78 96
24 149
25 119
95 25
37 165
24 163
26 91
31 127
94 31
30 178
37 66
35 103
13 10
37 170
95 126
56 25
24 108
13 62
91 138
6 34
89 27
71 24
20 13
74 169
93 45
8 174
49 174
43 27
48 78
41 190
23 137
50 31
89 32
21 57
14 46
66 79
18 39
50 127
21 133
90 64
25 106
1 198
95 177
87 42
66 84
31 92
23 107
66 123
52 75
63 43
93 25
47 179
92 34
50 126
68 33
86 98
47 131
49 10
79 178
90 84
83 150
96 74
49 62
97 194
96 89
25 34
91 35
38 36
45 73
58 188
27 116
13 72
42 177
84 11
2 79
20 80
21 112
78 153
11 84
22 113
93 59
88 130
5 41
61 37
53 148
19 174
51 49
16 77
76 88
59 58
32 149
53 57
54 73
78 166
6 22
34 66
8 196
27 14
100 99
42 17
100 178
51 196
41 67
16 114
11 157
74 143
53 174
16 169
52 161
23 37
88 198
20 147
79 167
36 161
37 16
83 92
70 33
34 134
81 51
40 179
8 192
60 162
37 132
55 159
85 165
49 198
26 129
24 94
8 33
23 93
55 21
95 13
27 38
39 134
88 113
86 136
81 150
55 11
2 16
86 64
41 81
40 178
100 145
61 192
31 134
32 64
57 48
30 19
27 165
47 78
19 115
45 60
38 148
28 118
85 43
80 182
94 165
79 28
91 68
18 21
8 191
36 165
44 31
73 19
10 99
97 27
100 120
46 181
80 129
7 196
2 192
19 174
86 175
69 96
8 29
1 102
76 34
57 192
56 150
38 80
32 78
27 21
15 159
63 146
84 41
51 156
28 136
91 94
65 23
49 13
99 64
70 38
37 124
57 182
62 179
15 19
72 133
49 89
9 159
46 174
36 60
25 190
62 34
63 185
32 200
87 41
16 119
22 132
99 66
53 176
48 123
28 90
79 101
7 187
63 148
17 197
63 186
19 146
6 176
78 110
43 164
75 98
52 186
63 76
54 164
10 84
67 143
45 28
100 134
77 156
69 52
80 127
8 61
71 190
38 165
39 10
27 134
90 197
29 75
27 154
15 15
51 113
81 60
90 141
39 79
50 179
87 143
6 17
100 79
33 172
95 191
22 46
53 83
64 88
71 79
79 97
81 145
49 150
60 46
22 174
2 114
52 116
2 125
26 16
66 42
44 89
45 124
65 36
9 34
14 122
21 138
68 67
68 100
31 90
84 134
99 46
73 61
50 100
51 21
5 23
52 61
42 24
82 128
93 68
44 41
88 171
39 77
73 56
63 173
72 71
92 161
19 65
77 147
95 10
69 82
15 88
73 154
83 29
93 46
17 66
8 134
69 152
48 71
88 75
51 141
97 132
37 42
50 161
72 68
50 14
91 196
95 139
68 171
5 62
64 122
68 135
62 139
89 141
64 76
95 98
57 114
68 158
94 104
23 118
22 67
59 181
71 45
16 65
4 142
89 56
49 101
9 45
84 37
9 174
70 61
95 39
60 120
87 10
62 34
26 160
16 117
91 18
73 98
16 82
65 187
77 38
75 58
76 77
45 197
4 18
72 170
14 40
38 74
79 130
32 170
56 63
53 179
37 130
65 102
59 121
94 81
75 199
24 173
1 52
81 52
16 166
5 141
62 42
63 20
97 50
42 79
79 140
71 84
77 176
83 133
48 70
31 103
21 54
35 131
65 95
38 74
15 125
18 194
83 45
39 173
97 38
92 42
33 180
58 102
96 95
13 97
72 183
95 14
38 30
89 154
30 165
9 102
20 23
7 34
45 31
96 99
43 81
63 27
50 69
94 198
77 114
29 70
8 52
59 77
44 52
21 116
100 167
44 17
33 87
30 74
25 199
9 170
81 97
81 32
28 89
76 145
36 198
54 45
49 44
76 20
58 173
6 104
66 172
55 199
34 193
69 15
34 91
92 60
38 150
87 18
2 29
79 56
41 198
79 138
88 138
98 43
57 107
73 22
78 70
91 128
91 154
74 35
40 139
1 91
97 184
61 77
83 77
95 54
70 16
100 11
39 101
37 141
27 49
96 65
97 97
12 21
21 72
52 86
24 187
25 185
95 136
41 171
87 140
15 162
50 79
19 84
2 110
32 142
65 11
13 38
76 28
28 44
78 99
43 92
40 58
80 145
91 145
3 122
30 183
80 103
37 115
58 54
65 36
50 161
88 61
22 126
29 12
39 59
84 69
35 162
10 147
85 25
62 179
37 126
28 140
79 79
82 153
38 173
64 138
88 46
75 42
99 131
18 68
43 21
88 65
72 168
11 48
58 107
75 149
72 168
41 86
21 128
31 193
76 198
62 27
26 199
21 187
3 146
27 83
42 137
77 95
95 113
14 77
75 12
73 200
15 169
39 163
47 70
14 14
37 150
97 197
62 52
33 70
97 88
68 186
12 146
99 130
80 55
