600
20986
25 76
45 91
71 39
86 53
99 70
69 123
64 137
41 111
47 70
4 86
83 85
46 36
45 158
41 165
2 25
19 147
24 19
26 49
18 185
53 79
13 197
50 92
2 37
74 102
56 54
63 129
19 178
82 192
92 162
87 115
52 194
2 13
40 15
22 23
52 139
97 134
58 178
8 113
69 61
2 177
45 41
39 92
50 166
35 151
85 108
37 113
58 11
23 19
29 22
55 79
18 104
56 25
70 18
32 55
87 195
62 159
20 25
72 156
72 54
38 143
58 140
86 192
80 93
30 39
23 22
12 40
87 71
2 136
4 118
30 135
99 26
40 143
37 199
10 52
80 176
89 36
97 80
29 113
89 150
6 144
88 82
98 144
59 139
29 164
33 163
5 57
75 135
50 173
10 129
80 103
12 57
69 24
23 171
33 186
59 108
56 88
42 116
91 108
10 135
61 153
67 119
81 120
44 31
9 34
6 169
89 158
61 39
10 28
24 158
92 112
88 123
22 105
95 198
43 146
32 125
45 100
67 193
43 193
69 157
39 36
87 41
88 134
16 46
65 195
2 52
9 127
2 129
50 69
54 200
76 23
33 21
62 138
81 41
31 98
49 60
73 193
44 22
56 182
74 148
34 120
60 186
65 156
7 173
83 157
46 174
23 49
30 95
26 53
55 170
48 141
74 61
91 11
71 72
64 157
74 186
85 117
10 90
25 133
15 106
9 66
9 56
64 122
84 199
97 138
87 121
16 184
91 33
48 110
37 39
51 56
12 46
37 63
26 91
18 44
14 56
32 111
2 115
10 133
52 79
81 57
50 178
56 24
38 168
41 59
93 96
71 142
68 134
30 102
3 20
60 183
20 70
97 113
78 150
79 135
65 120
55 180
49 41
8 23
81 176
66 153
77 151
68 119
21 26
66 75
74 66
56 179
71 148
40 175
82 12
26 162
25 133
65 165
60 86
73 177
17 94
16 162
63 63
11 107
75 181
33 38
33 71
30 137
99 23
97 195
8 197
55 185
38 87
55 21
96 145
9 17
90 105
66 109
94 178
61 78
69 104
96 80
7 29
48 176
49 105
26 124
80 146
92 113
52 43
71 124
54 122
30 190
63 52
96 129
70 170
99 151
2 152
79 87
42 162
69 173
69 56
100 110
97 58
40 112
40 116
91 93
94 33
73 104
4 64
9 60
16 127
82 108
39 177
8 137
34 96
76 186
57 66
6 46
2 11
91 13
87 22
37 56
95 160
64 108
37 110
85 21
4 128
62 149
36 76
49 84
74 109
48 138
72 141
14 147
4 125
25 190
18 186
7 199
41 66
50 124
97 100
20 159
57 150
38 105
44 55
99 151
43 135
9 174
2 179
61 177
37 139
60 189
34 129
89 37
92 195
30 144
53 56
16 42
4 196
61 77
29 130
85 137
12 69
13 87
100 160
95 81
70 19
98 164
89 155
98 168
81 52
56 33
36 59
48 79
23 169
81 116
74 96
8 19
3 137
11 191
72 172
37 28
45 172
9 57
71 108
96 113
89 107
31 61
38 87
81 111
29 163
41 177
100 71
91 121
43 70
49 105
39 167
8 143
77 23
24 64
27 102
33 179
56 86
70 167
9 195
65 29
50 120
16 66
61 178
78 198
88 65
58 132
45 123
66 34
75 16
60 186
96 41
66 165
67 42
73 134
26 13
82 41
54 92
1 46
65 37
42 182
41 173
66 177
42 134
12 110
26 69
51 101
77 148
7 177
70 93
49 31
72 117
73 105
61 59
38 100
70 60
31 37
29 129
99 102
20 132
10 11
4 109
16 34
8 102
49 15
75 82
53 45
69 37
9 154
98 163
97 45
95 78
34 136
85 99
16 110
19 120
67 175
38 122
34 45
87 131
14 92
82 192
79 183
32 62
49 66
52 117
92 17
20 162
79 163
88 150
24 79
78 33
35 135
5 189
52 113
96 151
83 157
89 148
62 137
77 51
42 36
63 174
59 92
93 98
50 71
98 57
30 71
67 107
70 138
85 25
97 175
72 90
47 124
31 142
41 163
45 133
10 121
5 127
58 89
25 109
49 140
60 128
71 182
63 118
9 69
37 36
33 195
74 161
47 47
95 145
21 25
83 135
81 197
16 55
44 30
1 45
56 30
3 83
83 27
7 78
12 176
43 165
7 180
2 41
23 98
75 185
7 93
44 138
1 32
18 61
62 24
64 188
47 186
98 83
48 52
94 187
19 42
63 59
52 49
19 98
57 72
92 154
34 128
35 138
96 159
77 37
8 40
30 153
14 134
18 11
81 193
59 138
65 133
70 84
78 11
10 177
32 35
62 14
61 34
93 67
13 188
65 132
15 66
69 170
32 79
61 142
89 171
93 167
22 63
87 30
5 36
53 59
74 129
27 98
74 194
7 78
8 22
49 112
4 148
15 73
32 172
66 56
77 183
40 112
89 194
9 193
4 25
29 157
14 179
26 93
44 158
62 32
21 41
87 179
66 53
46 102
25 10
95 97
25 182
47 28
13 147
25 149
73 28
38 60
39 165
48 30
93 157
39 17
89 173
59 113
2 160
94 168
28 11
14 111
8 122
79 148
64 76
21 93
12 21
57 174
55 130
3 148
22 200
29 69
52 39
94 59
95 46
19 181
39 158
28 160
90 126
91 114
25 194
93 63
46 101
3 75
40 182
90 86
45 95
5 166
92 85
