600
20438
10 108
13 64
83 185
19 81
19 124
44 96
10 143
91 17
99 169
25 148
72 127
58 149
99 147
50 187
89 153
78 59
37 69
21 72
54 77
54 173
17 23
94 175
99 190
58 25
11 134
59 14
55 117
54 183
49 143
18 24
47 89
10 139
88 97
46 170
84 90
83 145
24 95
97 75
21 183
64 16
74 59
72 17
54 49
17 162
50 67
74 57
12 178
6 31
73 138
78 111
11 66
30 57
92 40
59 134
49 77
10 17
12 34
73 118
81 141
51 41
23 60
14 111
43 182
78 200
44 26
85 55
82 52
67 29
46 150
35 48
28 138
89 101
75 164
12 55
47 169
29 149
56 179
78 35
24 76
96 29
56 197
98 174
72 123
75 113
86 71
16 181
90 89
18 35
35 167
61 63
86 65
63 94
66 10
8 178
24 39
12 91
66 99
43 107
87 166
78 83
71 147
23 181
25 53
22 92
26 149
61 138
11 140
66 121
64 149
46 158
44 165
54 97
80 120
71 78
24 76
99 174
30 98
63 125
64 123
2 82
83 177
90 70
39 54
73 31
78 109
4 37
3 22
36 83
36 63
26 143
25 113
2 22
53 99
85 123
26 12
39 128
14 68
8 126
38 82
56 153
77 14
78 174
5 32
25 132
39 189
23 145
88 138
52 79
18 150
5 161
72 193
99 38
71 80
11 17
52 181
100 88
55 53
37 45
44 13
31 84
25 138
54 94
62 150
61 83
89 121
30 109
24 63
62 41
62 104
68 40
49 198
74 69
15 95
51 130
99 136
54 83
85 39
2 102
10 103
52 191
54 191
48 177
95 83
55 116
55 130
70 121
42 171
57 91
14 113
98 98
61 175
52 146
9 77
98 173
52 45
5 129
32 56
17 191
81 178
15 116
26 175
52 90
32 58
62 137
6 11
10 54
50 25
68 194
1 134
73 126
71 124
29 45
22 49
21 73
57 200
42 14
98 152
42 130
29 130
24 75
45 71
91 190
61 52
77 61
6 191
53 129
10 158
16 141
20 90
31 107
46 86
100 174
20 150
66 183
93 26
71 87
94 27
82 60
7 30
90 150
8 39
56 32
21 197
7 104
77 153
19 115
92 180
95 31
48 81
93 96
51 191
64 188
84 115
1 71
93 198
79 161
46 125
26 78
13 96
54 177
31 90
93 134
92 95
2 42
59 124
33 56
37 68
30 91
83 160
15 128
70 151
65 183
94 187
74 30
44 72
96 121
69 31
74 200
50 29
78 131
57 155
67 53
6 199
48 71
16 69
1 100
39 31
19 52
62 167
54 50
21 79
15 196
70 125
95 95
80 60
13 76
34 159
42 16
72 128
41 72
95 94
38 119
29 130
28 117
65 57
38 197
41 173
23 36
82 104
50 122
27 161
76 200
6 17
92 116
21 19
12 195
99 189
79 34
19 125
75 78
4 117
43 146
32 69
18 114
70 91
54 119
49 114
90 195
9 78
22 25
42 176
93 199
61 104
57 23
40 148
83 191
25 28
45 191
46 79
78 151
6 87
63 74
11 146
10 155
73 153
21 63
44 83
37 186
14 103
82 173
21 167
78 158
83 124
42 185
48 90
18 105
28 134
96 123
33 113
28 118
45 65
39 156
81 112
12 105
33 114
60 74
17 43
10 10
82 44
14 148
57 112
90 24
34 108
25 54
63 187
76 109
11 134
89 106
63 80
57 69
42 91
2 56
68 199
93 196
32 31
28 145
79 20
44 182
58 182
63 100
97 79
65 21
44 176
19 153
90 95
25 53
21 135
63 141
56 97
6 35
71 33
36 111
100 99
28 78
73 165
17 86
19 153
12 193
64 149
1 184
48 161
90 27
65 114
69 75
90 191
12 156
4 113
24 95
66 12
59 15
76 83
47 70
3 120
10 103
23 79
97 176
47 159
52 50
57 186
71 124
80 162
39 53
13 190
53 70
18 107
23 10
99 197
81 94
16 193
86 53
97 105
39 64
16 113
92 21
88 50
84 84
44 50
75 191
82 137
45 162
28 190
50 138
6 179
44 88
100 19
97 200
11 185
89 69
35 71
30 162
85 68
65 19
9 162
32 192
91 161
67 58
77 63
19 118
17 199
39 35
45 62
15 104
61 113
4 71
29 87
39 23
94 152
64 153
38 47
16 47
25 200
60 175
39 13
37 145
11 22
41 99
39 12
57 11
74 151
92 17
97 187
53 105
69 139
19 23
55 72
73 66
55 184
65 98
8 198
48 193
61 19
44 59
24 16
99 167
71 63
69 136
6 56
34 116
15 38
24 28
94 156
38 51
31 72
88 111
26 176
14 185
48 187
22 39
11 87
30 149
58 102
5 95
15 61
38 31
36 40
38 126
45 142
53 66
48 175
74 196
63 197
30 168
9 134
43 160
8 42
96 55
23 15
72 48
70 67
35 64
37 19
73 179
30 11
4 41
27 124
11 19
90 155
8 12
55 122
97 167
12 98
86 172
65 188
79 66
20 169
25 26
35 138
18 116
66 12
17 31
63 13
42 10
7 114
96 66
31 16
76 56
8 90
3 23
23 59
20 125
14 174
14 69
22 176
44 19
69 55
66 62
90 12
18 189
60 13
67 197
50 64
65 118
33 111
79 105
47 182
90 177
15 41
88 43
30 156
42 31
35 175
55 65
19 55
43 83
23 193
40 171
57 152
94 73
49 157
75 118
