600
22329
17 138
13 104
9 94
28 36
32 76
94 81
28 26
79 140
38 46
6 188
70 91
63 81
62 40
46 36
18 37
48 109
40 159
43 30
33 115
27 41
69 131
34 107
19 27
30 44
90 127
34 92
80 173
55 138
57 96
87 187
19 130
71 14
43 46
66 89
15 170
86 11
99 169
54 83
97 124
7 184
67 24
96 193
52 66
37 106
6 125
5 162
48 31
73 190
3 143
79 128
67 139
54 92
68 113
100 126
44 16
28 138
7 81
42 102
47 96
45 95
62 125
85 134
54 168
30 167
24 164
99 101
57 16
58 133
41 38
90 187
95 30
7 165
94 148
53 68
5 58
34 191
72 43
17 11
67 60
1 124
68 88
35 58
81 94
82 34
57 45
61 192
94 34
10 148
3 66
79 125
4 124
33 174
73 67
92 38
84 113
33 113
64 176
39 89
86 48
72 96
19 128
84 75
68 37
91 189
36 106
82 177
10 131
65 53
35 12
90 171
91 193
93 38
39 24
20 105
87 71
19 138
59 163
79 142
59 97
65 83
96 87
67 174
27 199
54 172
13 18
94 34
69 38
55 89
100 177
37 142
37 144
65 141
42 85
93 170
70 15
83 69
61 167
15 91
45 112
98 31
57 143
88 142
40 65
10 200
55 101
54 132
96 24
90 41
40 175
84 197
72 48
32 70
94 129
7 181
91 29
28 120
23 124
92 80
99 11
32 154
83 53
76 191
43 35
26 93
44 23
65 30
17 72
35 19
47 136
47 76
73 141
37 175
41 139
77 39
74 74
64 55
31 79
40 176
94 96
45 193
48 72
54 63
24 150
83 17
13 188
78 77
29 141
97 65
86 12
13 75
88 71
68 101
80 41
97 155
66 127
76 157
74 122
84 55
62 119
63 44
63 79
99 143
64 117
31 153
6 191
5 59
44 145
88 160
22 16
46 133
38 28
98 99
64 35
23 171
5 198
21 81
30 162
63 113
5 110
95 92
56 198
52 12
100 63
74 174
7 13
55 126
64 80
63 50
14 75
45 172
96 49
15 155
84 136
98 111
32 149
99 152
84 15
2 185
83 64
31 163
14 51
34 64
81 151
90 53
83 198
17 104
68 194
12 44
52 162
90 81
28 86
43 16
25 84
30 184
88 100
20 120
77 139
100 33
73 103
91 82
28 121
42 97
81 161
63 45
25 195
93 84
9 104
93 120
50 32
6 128
9 61
82 68
43 38
92 169
23 129
73 46
27 72
8 128
18 135
35 66
14 117
11 106
75 74
68 73
13 33
91 100
67 111
25 199
83 68
77 114
24 14
66 192
26 14
95 37
94 102
15 163
95 187
91 40
33 151
74 193
68 119
17 85
61 94
18 33
34 183
5 41
81 43
27 69
70 127
97 95
25 20
63 159
100 188
99 157
49 31
42 129
75 38
7 126
15 12
63 138
98 72
60 99
72 59
74 174
62 149
90 90
9 147
55 150
92 44
11 21
68 21
19 22
72 116
67 199
57 140
70 11
66 21
50 75
92 184
93 72
100 165
22 117
68 110
61 79
94 80
71 176
61 195
56 88
45 171
23 111
86 115
100 42
6 131
4 166
63 61
76 140
50 59
50 82
100 44
13 200
4 86
78 195
46 28
54 68
61 16
28 75
75 149
25 23
67 97
5 53
32 139
36 171
95 40
91 136
96 82
18 41
50 122
35 58
31 128
9 155
96 112
18 164
60 60
48 20
55 23
24 29
20 150
41 80
13 15
31 23
64 11
52 163
47 123
27 192
33 45
8 69
29 182
35 59
65 52
44 87
25 79
98 69
72 10
35 132
36 39
39 117
18 144
100 133
87 108
64 66
21 100
29 187
29 73
96 150
14 81
55 45
37 40
2 172
52 196
84 37
45 189
43 38
75 60
82 46
26 132
44 23
27 47
93 45
10 105
38 83
79 194
12 14
34 162
71 175
44 165
93 48
35 169
12 100
18 95
23 175
16 89
93 151
90 37
17 53
83 47
97 175
16 36
10 57
88 23
13 84
91 61
53 149
15 63
93 153
63 128
3 168
20 19
21 88
68 136
15 198
61 57
76 85
33 92
6 195
57 35
72 61
46 80
72 116
91 59
69 106
96 154
61 181
85 70
46 76
74 42
12 41
78 57
37 172
48 191
78 108
20 169
83 163
56 81
20 150
76 169
56 135
13 73
71 36
90 15
47 83
88 35
97 105
56 126
82 96
85 117
95 155
18 190
73 125
62 88
61 75
76 64
23 93
29 114
73 121
51 139
79 167
90 14
89 162
76 77
71 110
50 159
59 181
74 170
63 39
35 82
8 81
16 60
68 132
93 94
84 127
12 154
15 62
73 162
43 50
13 64
9 178
49 152
57 14
19 30
8 114
16 125
57 26
37 113
93 145
65 77
52 101
78 61
56 196
68 72
73 77
66 184
84 52
90 161
75 49
96 113
40 198
2 144
44 85
26 153
50 36
7 56
1 92
44 182
60 15
59 75
12 119
48 137
77 41
23 37
32 84
77 36
47 95
37 51
82 159
30 149
86 148
32 86
8 23
61 81
47 38
5 78
86 32
82 192
4 75
63 56
75 142
46 92
62 20
47 94
28 56
92 176
50 35
70 197
82 59
2 97
18 67
49 24
30 101
46 104
53 28
52 40
88 136
99 165
82 141
69 17
18 145
76 24
8 71
85 189
68 57
