600
21216
18 50
88 132
79 146
56 56
44 11
21 102
64 59
83 161
27 49
29 62
88 116
53 31
72 23
27 114
81 142
39 79
72 114
75 35
28 46
4 110
84 198
26 119
25 43
22 160
100 119
32 185
58 133
46 110
14 61
56 179
84 158
3 94
43 189
83 44
67 82
66 82
83 191
8 197
13 170
29 152
55 139
4 121
33 99
68 38
28 118
27 165
100 111
4 34
60 84
56 179
81 76
56 79
25 61
72 154
89 92
66 166
76 52
86 158
44 184
29 118
76 26
72 180
38 143
49 196
35 84
92 181
65 36
59 199
91 197
56 143
12 115
31 14
24 81
54 139
14 142
90 163
8 60
54 57
40 26
96 45
18 24
28 176
2 23
77 107
27 84
98 120
92 154
69 114
70 118
46 178
7 53
65 116
36 83
58 165
41 190
2 45
80 55
82 49
52 169
55 49
85 50
11 35
22 99
16 45
74 88
69 142
5 110
33 47
7 198
10 152
16 12
30 121
47 161
84 89
81 166
37 154
3 162
16 91
1 150
34 101
56 68
24 63
62 117
99 18
43 108
91 74
61 132
78 16
70 42
54 156
90 35
92 18
53 180
87 16
37 79
92 184
10 58
98 77
71 133
52 91
73 163
69 25
65 114
65 102
45 34
82 122
100 191
74 18
28 94
48 113
45 183
29 168
9 65
85 158
17 57
86 194
30 169
27 63
11 138
39 72
67 103
39 165
25 101
58 51
8 192
81 183
20 15
56 96
53 39
72 130
46 174
9 142
46 72
16 151
71 137
42 190
37 70
4 50
100 63
96 180
52 184
94 35
14 145
56 119
11 119
42 56
13 71
17 82
10 127
98 20
31 97
94 35
96 195
16 164
10 56
59 50
75 152
95 158
74 171
14 78
6 160
58 137
45 31
63 139
22 67
12 197
8 101
41 190
26 140
35 23
60 175
1 24
50 168
25 160
94 140
42 167
89 141
58 36
91 43
77 102
7 59
39 79
97 192
16 87
60 190
48 56
54 47
1 122
93 19
1 46
26 132
40 94
58 44
27 191
86 142
95 36
38 85
82 43
12 174
66 134
74 86
63 88
14 25
33 119
83 93
10 27
8 192
53 86
73 46
86 71
89 82
29 170
3 149
43 35
55 189
92 186
82 132
57 159
100 35
9 112
49 71
21 106
44 153
54 199
4 174
54 146
51 152
49 167
90 63
28 80
77 79
55 196
7 92
13 135
84 181
54 150
1 112
51 112
3 185
34 138
82 92
29 27
54 170
13 178
16 57
33 150
76 109
93 88
69 167
9 127
16 168
56 141
33 50
36 82
76 82
19 56
88 62
41 131
66 12
97 117
67 195
70 33
76 79
10 72
38 157
99 86
43 94
42 151
58 119
63 133
45 50
77 138
34 127
24 99
88 34
83 140
95 54
66 92
44 187
71 192
6 123
37 18
25 53
31 42
22 69
14 112
15 37
74 27
84 95
64 151
2 163
38 131
14 75
7 118
3 93
63 131
26 185
4 131
1 163
17 59
55 15
61 77
52 182
7 86
78 23
56 155
15 30
61 183
55 105
56 22
61 107
79 139
70 109
76 79
52 167
24 188
86 41
74 161
89 188
87 19
85 179
48 115
9 58
13 90
23 199
8 153
50 13
53 136
52 124
85 52
17 25
93 86
11 21
86 135
40 196
2 93
59 159
89 75
75 162
18 28
17 141
30 13
81 13
22 125
73 195
35 191
100 84
40 66
19 107
64 67
75 10
29 101
30 155
64 114
69 162
49 56
43 66
26 46
100 68
40 106
25 147
2 133
35 141
48 178
60 82
45 106
5 14
28 161
97 47
32 142
39 104
79 39
92 195
100 90
69 32
22 168
25 148
88 130
44 176
32 151
94 161
70 25
36 60
80 19
52 66
53 162
78 187
26 109
18 144
34 148
45 84
37 80
6 131
71 197
45 180
29 103
63 78
86 185
22 46
10 195
4 53
20 146
52 33
55 26
75 200
67 120
84 42
22 190
30 162
91 63
60 119
70 13
50 187
48 156
90 184
56 96
45 92
73 183
50 41
76 29
53 76
92 118
38 134
67 127
67 119
46 30
71 133
73 152
61 94
88 87
73 90
19 74
10 121
26 56
5 173
100 11
76 21
46 140
86 58
2 135
96 121
20 139
72 120
21 87
94 66
82 130
98 54
61 78
69 154
72 40
47 67
95 185
100 165
32 131
56 89
54 15
66 85
20 54
78 124
57 169
36 155
85 118
99 176
88 142
30 60
100 176
21 200
90 82
68 117
17 159
72 89
26 144
81 38
45 129
24 96
65 67
35 198
66 169
77 144
68 136
66 133
89 193
35 183
89 172
69 55
76 35
2 171
25 78
52 115
60 123
16 93
73 165
11 12
9 12
79 136
51 31
47 80
23 196
78 19
29 108
59 146
3 190
32 49
17 13
59 176
15 63
83 35
34 12
39 74
13 193
40 68
16 182
10 140
73 102
64 17
44 168
71 130
72 81
26 25
45 21
93 67
55 92
74 87
31 13
67 122
61 100
28 160
12 19
21 35
100 14
50 34
80 73
99 96
69 151
32 97
52 32
5 63
80 162
59 33
69 169
12 134
86 153
62 33
43 14
80 68
33 126
73 59
16 56
74 87
60 173
65 132
80 81
30 49
98 59
71 34
79 156
87 193
5 51
29 81
32 139
