600
21972
20 137
11 52
56 67
33 35
65 25
93 191
29 12
77 148
14 53
15 58
94 140
35 172
23 41
15 26
18 174
33 156
76 147
10 46
86 119
53 29
26 131
57 81
6 186
57 107
84 13
30 28
66 169
30 101
32 38
66 93
11 34
47 105
16 54
73 127
71 174
85 148
54 109
39 185
38 71
88 107
82 169
26 12
73 39
98 159
60 187
52 18
48 146
66 70
19 192
97 151
35 74
5 96
15 176
61 66
80 15
49 120
75 12
25 12
76 194
92 26
42 153
27 90
93 89
2 17
36 193
86 83
17 167
58 19
44 192
37 71
50 77
66 49
86 149
32 79
27 123
81 165
5 126
21 102
41 28
91 38
13 149
21 92
19 11
25 177
70 124
97 13
37 87
30 44
71 99
23 38
49 182
50 192
76 81
70 100
3 124
19 98
90 126
24 24
4 175
27 32
66 137
88 10
26 51
1 177
88 30
47 163
9 60
63 154
36 53
29 102
28 154
72 138
9 45
70 59
83 179
96 127
74 21
62 154
76 65
57 143
17 57
8 24
98 120
11 56
91 180
18 20
5 13
41 68
96 35
91 161
62 100
78 134
72 159
44 51
16 187
22 39
61 41
58 196
95 153
28 191
82 39
54 84
15 49
46 116
54 192
33 150
85 29
10 67
8 121
86 45
3 13
50 26
99 192
74 36
50 40
97 100
19 50
14 124
51 175
26 113
32 37
100 93
21 151
29 158
77 125
100 24
85 124
80 115
27 82
39 48
45 125
17 58
49 68
77 117
93 151
41 86
1 67
49 159
56 199
49 67
65 126
85 103
29 170
48 167
41 169
8 123
74 63
63 40
51 35
11 175
54 173
35 175
11 130
78 48
27 95
79 196
32 59
16 35
62 179
71 23
18 18
86 64
1 44
10 67
68 124
29 68
71 147
25 130
52 93
66 163
66 167
100 55
75 187
46 119
74 13
86 37
30 186
81 16
39 113
42 138
53 77
87 105
83 32
38 51
92 189
97 67
76 71
85 56
14 121
60 67
23 149
69 17
59 24
78 113
3 154
33 199
72 128
66 20
36 22
78 133
27 36
41 21
26 143
89 170
66 49
38 132
15 38
96 103
56 106
77 25
91 57
11 81
3 170
81 172
86 72
47 117
3 199
25 189
75 129
63 112
46 59
80 199
87 65
97 47
80 11
63 29
31 182
89 54
98 124
77 172
31 21
87 53
50 124
51 60
13 150
51 196
45 147
36 181
49 152
40 53
93 146
36 60
61 86
88 197
51 80
58 21
32 30
81 185
94 156
8 116
32 189
8 97
43 40
97 100
46 39
17 16
45 70
68 97
75 30
14 192
11 116
2 14
69 76
70 48
70 108
36 95
15 101
6 193
2 79
88 126
77 28
57 130
93 103
29 54
95 186
44 45
13 75
99 85
85 141
42 131
21 11
75 67
61 50
48 46
83 13
27 115
19 164
39 85
22 190
34 57
23 127
55 75
53 163
89 38
64 48
20 73
99 91
69 21
11 128
81 37
48 186
89 71
25 67
41 23
6 147
58 34
6 41
56 111
78 176
13 162
99 160
31 187
45 52
63 155
26 25
16 141
94 65
25 90
24 71
72 69
58 25
78 69
85 116
80 71
22 120
68 58
89 21
77 99
79 75
43 71
63 175
42 139
63 117
95 89
83 135
51 105
29 134
78 68
59 130
66 113
51 25
77 149
36 154
78 132
63 176
77 191
97 85
52 25
82 65
55 166
85 74
77 27
93 47
79 195
30 71
7 76
68 14
53 58
60 67
25 193
74 120
93 171
46 42
58 127
86 119
53 170
65 45
30 43
81 117
43 48
70 197
82 24
12 138
97 55
16 196
2 65
57 179
65 113
39 18
25 88
69 115
85 89
56 57
69 135
98 75
87 122
58 36
59 76
24 80
68 135
42 53
16 69
83 169
34 102
91 33
87 48
16 87
57 36
2 110
63 122
96 135
81 113
44 59
89 193
6 155
2 64
88 109
97 74
82 77
27 74
21 199
86 108
65 102
8 95
74 139
23 37
28 138
57 77
89 198
50 12
50 81
98 111
88 83
12 23
87 119
29 92
66 131
90 90
47 182
34 145
57 195
55 149
50 55
94 150
22 84
100 174
56 187
52 73
19 13
39 146
58 105
40 11
55 123
40 57
61 56
84 123
37 44
21 152
13 56
17 70
82 139
82 62
16 14
65 138
90 17
60 200
8 126
83 121
69 179
67 171
23 162
49 69
61 164
28 106
3 31
77 117
69 184
21 88
99 113
83 36
24 168
18 125
9 187
12 25
58 35
45 179
50 171
16 36
2 46
13 159
65 15
43 144
81 53
84 19
95 96
30 25
69 198
87 98
7 191
56 37
54 99
17 133
21 105
36 169
83 187
58 105
76 60
70 24
72 196
41 119
54 70
64 174
4 90
4 100
10 25
67 40
33 130
42 170
70 120
38 74
20 57
10 23
11 55
81 95
77 99
66 57
94 41
21 135
77 112
23 27
93 181
8 104
79 170
31 190
57 22
61 70
16 132
21 181
45 150
28 160
74 119
57 59
3 37
90 82
24 15
24 75
67 192
43 89
89 179
98 118
72 124
39 22
78 94
97 103
57 165
71 198
5 185
96 12
1 98
78 37
36 164
45 140
70 87
65 60
84 198
99 74
17 102
99 47
89 150
72 151
