600
21609
84 35
7 71
3 75
22 66
16 62
86 35
54 58
33 11
11 146
31 156
82 20
78 75
83 131
70 24
13 182
85 135
26 40
30 151
91 172
23 116
14 116
34 53
26 195
36 170
67 31
75 171
36 191
75 61
16 108
82 168
87 136
36 131
52 171
83 38
73 82
14 78
4 13
57 107
64 60
39 179
84 29
56 183
95 173
85 161
9 21
26 84
88 182
93 69
64 52
21 97
90 14
23 82
41 73
51 165
39 150
96 36
96 36
43 95
4 190
42 142
65 45
23 92
9 18
11 179
2 11
45 151
16 13
4 80
61 195
98 122
21 15
41 11
69 136
43 131
26 133
50 35
48 86
80 70
68 67
89 106
88 29
93 56
16 81
85 74
13 176
16 83
88 78
68 165
77 146
92 37
17 73
31 165
74 10
14 37
70 118
33 100
84 195
91 136
7 43
87 70
60 158
9 42
98 86
42 89
15 152
14 94
24 180
78 187
98 24
4 189
44 194
82 186
30 106
84 26
59 34
66 31
21 106
90 200
73 25
4 105
10 27
1 21
63 180
58 78
61 152
25 90
35 94
55 73
85 152
25 44
2 177
41 119
79 174
96 103
41 133
16 196
67 131
64 67
16 134
19 133
38 68
24 170
63 15
57 100
43 25
55 23
83 110
41 179
34 116
72 132
90 143
95 25
12 36
5 180
99 170
44 54
41 123
69 84
35 44
100 56
70 76
24 87
11 185
36 88
26 141
59 104
85 108
84 116
82 150
58 34
64 20
15 104
36 43
38 147
29 155
88 172
99 81
19 39
65 38
86 105
90 57
40 30
98 60
18 112
97 36
55 188
64 184
20 200
98 172
85 13
25 29
24 197
52 90
25 127
93 164
75 172
97 56
97 79
93 122
20 108
83 194
55 91
46 22
69 118
91 187
50 44
20 148
68 61
22 23
94 30
58 98
70 181
17 162
21 35
29 16
98 14
87 164
4 82
23 156
57 127
85 172
36 119
71 32
22 149
79 19
48 179
86 184
53 142
63 168
38 56
19 174
73 86
27 89
55 49
60 91
35 51
93 115
36 168
39 44
72 111
39 95
85 157
69 128
86 166
75 165
87 162
8 142
100 54
48 124
18 172
39 120
25 100
52 45
33 71
54 151
45 148
54 179
32 190
52 187
46 170
70 16
4 66
1 118
26 188
5 62
72 41
52 190
41 135
14 123
34 123
79 146
36 65
63 31
87 109
82 106
95 149
31 188
74 37
12 163
42 194
50 52
8 51
60 180
68 122
93 34
92 103
3 77
43 40
72 104
9 59
50 108
21 174
74 10
84 186
72 62
70 50
60 198
33 27
78 192
30 171
17 53
55 65
22 37
72 118
90 196
11 13
85 17
6 199
45 142
31 24
43 107
40 197
51 96
97 127
39 156
19 38
27 73
6 97
57 153
47 76
89 187
87 89
40 56
76 160
97 188
49 71
1 47
8 43
41 133
100 115
76 22
26 128
97 119
24 98
60 136
98 117
32 98
45 42
36 152
72 72
96 134
84 106
27 106
66 26
6 36
2 154
78 31
20 53
93 157
46 48
49 176
53 30
13 128
76 144
100 158
1 44
9 173
81 48
59 163
84 73
71 140
21 160
76 37
32 19
45 58
43 96
40 54
98 131
70 12
29 82
50 111
16 99
23 159
33 146
51 53
47 100
3 105
42 100
94 69
88 161
76 187
91 199
7 175
53 92
17 91
23 200
82 64
66 94
37 123
31 169
5 129
32 147
42 154
99 184
30 118
48 22
31 51
77 146
33 56
8 131
34 157
61 10
6 151
81 32
95 29
76 13
3 74
72 72
24 140
79 104
10 28
91 191
63 55
76 81
95 72
78 84
86 15
83 171
79 34
30 82
91 22
2 67
6 80
59 31
46 186
94 67
65 142
9 72
23 166
75 87
35 82
21 84
2 120
24 31
89 103
4 35
6 112
50 131
59 87
40 131
28 108
76 108
78 134
51 96
11 162
69 72
68 168
69 62
76 103
8 167
31 159
83 198
26 153
56 200
69 51
45 105
12 20
43 62
65 128
62 78
21 33
100 49
81 162
25 104
33 47
45 97
47 40
18 188
92 24
99 171
79 178
18 68
60 117
83 100
17 196
84 93
53 62
72 151
57 143
75 200
11 36
67 41
44 12
4 114
23 101
48 89
14 92
70 160
86 101
11 14
76 40
52 182
20 97
100 83
96 104
62 77
18 160
68 143
80 58
71 52
78 33
77 76
36 67
37 105
89 86
47 28
81 106
46 89
21 34
48 29
72 14
75 155
97 131
84 119
38 70
52 183
92 87
81 36
56 44
68 158
24 184
61 156
35 24
43 116
2 62
92 38
65 196
7 96
63 126
66 180
51 90
82 180
44 39
58 187
67 150
5 51
67 42
47 142
53 194
21 112
96 19
73 99
43 190
21 193
60 77
9 84
27 118
74 21
8 64
90 33
26 130
6 83
19 126
55 42
27 123
64 133
44 42
79 45
24 35
85 175
85 14
64 50
22 155
15 53
24 120
90 73
55 108
48 36
10 76
58 50
65 106
23 22
88 131
11 130
74 38
15 71
20 190
7 178
12 197
47 189
66 194
50 43
5 60
84 27
41 157
76 15
62 33
74 72
59 53
85 107
90 87
96 23
48 144
96 192
14 82
72 72
21 177
58 84
23 43
74 148
