600
20860
79 134
52 146
4 167
16 163
35 51
60 171
67 126
31 88
21 25
92 194
26 141
48 151
15 158
77 42
47 176
66 169
23 114
16 90
24 188
98 85
59 113
55 181
17 18
95 180
11 194
76 60
19 149
80 92
98 54
44 197
67 74
55 112
99 38
94 100
87 90
82 131
69 23
27 166
87 132
79 30
20 34
76 198
2 141
94 196
40 163
100 58
37 25
13 72
31 156
61 164
95 195
82 115
24 47
42 141
35 144
7 63
20 169
4 138
96 126
69 165
88 148
93 106
82 51
89 70
69 156
7 37
57 65
19 162
68 74
41 82
75 28
92 65
54 153
22 57
52 144
44 40
39 121
90 28
92 126
97 112
5 200
3 17
14 123
77 83
13 107
57 193
39 102
22 114
43 49
83 131
62 115
65 83
56 19
33 199
4 54
58 61
56 129
80 140
6 56
1 78
50 178
84 86
46 103
32 91
5 52
97 67
51 178
81 136
41 184
90 25
23 144
64 67
58 180
39 177
38 51
59 14
43 186
56 36
34 48
20 184
96 134
64 72
82 67
43 86
6 194
25 127
28 84
7 110
34 68
65 149
1 156
40 49
48 126
87 199
5 114
47 172
60 14
22 79
46 107
59 183
11 32
64 40
14 134
20 102
78 156
85 120
84 166
24 198
16 31
14 170
26 11
82 77
12 118
77 27
71 110
47 179
92 76
85 144
23 145
81 61
5 25
24 120
42 129
82 104
25 129
3 143
49 52
33 172
18 178
48 130
99 84
40 35
55 198
95 64
7 120
36 77
20 95
98 111
57 34
50 50
95 143
60 125
87 190
20 66
15 167
78 81
100 169
94 16
74 148
45 156
80 135
81 159
55 78
14 90
51 125
35 65
23 125
1 168
99 175
31 10
27 18
75 168
50 100
47 78
40 200
14 32
8 93
64 63
22 82
12 31
99 13
88 85
15 67
31 188
46 161
29 128
19 142
17 177
30 195
83 158
14 31
44 173
81 156
49 148
35 92
93 167
84 126
16 113
28 87
83 37
46 142
37 158
45 169
82 10
14 142
43 138
45 148
45 198
25 67
90 121
48 190
11 155
61 54
66 108
12 153
58 116
2 34
66 171
44 199
43 197
61 74
44 145
81 24
41 32
96 111
77 132
61 96
43 97
63 188
29 55
66 195
34 144
31 105
42 80
20 90
91 112
97 27
42 141
42 115
92 22
18 180
96 149
48 30
16 80
5 61
35 142
82 130
72 184
63 143
52 126
71 106
23 91
15 148
6 41
96 19
56 129
1 117
42 156
44 131
28 27
43 169
61 176
21 94
89 15
45 126
1 159
6 175
51 104
42 47
36 72
91 127
30 172
93 69
65 149
58 50
7 177
25 121
26 49
61 200
34 191
12 195
97 82
9 131
90 49
43 64
89 131
90 183
27 99
28 198
64 15
45 152
75 162
94 72
9 26
83 116
27 103
61 27
23 46
93 86
51 31
88 128
52 160
65 196
35 171
100 30
1 155
8 33
57 34
95 12
40 166
32 87
99 31
97 195
59 91
96 73
20 157
51 162
22 78
93 158
8 19
32 25
88 77
52 167
77 96
16 52
28 135
12 58
96 187
80 50
83 108
71 195
50 132
74 185
33 163
6 25
39 105
73 108
72 31
68 114
9 195
47 91
57 74
58 42
90 126
43 81
17 14
18 53
25 90
61 37
88 45
50 29
75 139
90 41
99 42
82 39
19 101
72 95
9 130
37 121
50 116
12 36
63 58
9 13
44 77
47 149
44 39
95 98
1 94
87 197
84 68
14 133
58 129
68 141
75 89
35 171
14 190
94 171
75 187
58 25
79 196
85 20
94 151
55 194
69 86
19 156
51 47
14 102
39 162
51 122
76 159
70 164
28 26
75 183
21 124
73 107
49 171
12 33
4 83
57 134
8 182
38 192
79 109
14 179
75 63
22 166
75 131
82 10
87 133
76 123
90 29
69 87
68 144
34 25
58 153
17 135
60 21
24 10
26 101
40 108
1 24
57 144
9 69
57 164
41 36
26 131
79 154
54 55
12 125
93 47
40 166
80 85
8 89
56 178
53 53
52 33
46 193
2 88
2 158
36 53
99 69
88 56
26 133
71 85
58 104
46 172
35 145
47 104
32 130
67 50
22 134
44 125
3 51
14 76
98 153
41 140
100 170
9 193
35 115
29 78
44 156
31 196
69 165
73 26
52 160
35 101
5 30
63 194
40 128
2 71
83 90
94 80
89 172
16 178
30 20
72 29
98 59
44 115
58 143
67 176
1 160
64 178
58 101
2 153
8 24
11 184
17 40
59 136
52 156
35 155
10 59
49 38
86 47
1 107
5 55
38 99
80 63
95 64
10 49
1 79
98 107
16 124
61 149
65 21
57 11
70 90
35 136
18 164
39 127
14 140
2 117
58 125
51 151
7 158
12 130
20 167
92 95
55 36
18 118
62 49
57 13
84 31
8 142
48 24
90 152
50 53
86 54
69 118
12 22
58 82
11 71
31 98
54 158
63 133
58 109
52 95
97 32
53 39
90 77
63 148
87 164
9 13
85 55
10 101
100 68
5 71
76 144
76 13
30 65
62 191
65 134
57 89
82 137
27 104
10 116
75 22
30 168
72 118
35 49
80 178
83 187
66 97
46 137
43 143
75 72
36 136
63 116
59 52
53 32
49 125
10 114
