600
21561
63 16
62 132
95 133
96 188
84 32
83 134
91 112
84 122
22 180
95 163
1 168
24 48
96 88
13 87
99 137
30 117
82 160
15 17
59 156
19 61
36 101
27 82
88 76
6 17
97 120
7 137
82 41
64 157
93 46
73 48
13 60
24 124
53 183
68 55
10 71
45 113
70 81
90 61
58 198
26 154
63 87
28 117
91 79
67 146
48 54
96 60
91 141
95 142
95 66
2 12
61 12
22 45
13 108
68 70
16 85
54 143
100 191
17 68
23 141
18 85
17 146
3 148
16 64
30 163
56 65
64 28
67 40
4 110
17 132
86 25
68 157
93 98
65 17
75 196
3 33
77 139
14 50
21 33
86 97
96 71
57 50
22 161
89 69
45 114
91 67
93 155
17 38
72 75
74 91
87 72
68 29
77 134
6 187
55 19
78 118
66 179
67 166
59 160
60 138
75 49
14 49
78 20
45 76
17 107
15 140
40 132
70 49
38 31
4 156
97 180
98 116
1 117
36 47
78 142
96 142
8 150
78 126
40 85
1 164
12 173
72 147
60 115
62 68
24 77
18 131
25 41
72 129
47 194
52 124
30 154
8 92
15 107
9 54
66 199
53 156
1 198
73 107
14 66
99 155
6 140
13 136
23 180
17 110
5 154
56 136
61 66
58 40
33 178
19 62
70 50
43 68
72 174
45 102
46 197
15 21
75 54
14 125
95 125
56 197
4 12
87 122
88 82
25 143
50 117
40 192
34 161
17 156
95 111
99 30
69 55
27 97
55 115
33 30
7 88
9 148
44 16
89 152
77 37
6 200
13 16
84 27
15 84
52 15
33 124
22 30
88 176
10 31
78 92
30 64
10 131
33 133
56 10
29 41
70 80
25 89
15 97
89 57
52 192
58 34
3 155
96 183
86 196
99 50
44 112
96 18
3 115
37 111
22 24
94 110
1 153
89 70
13 126
90 188
41 94
77 157
25 10
24 148
40 198
57 118
50 61
80 154
75 143
36 188
10 72
99 198
59 77
41 71
13 76
69 74
8 76
58 50
6 198
86 170
99 45
77 50
10 96
29 147
77 63
2 139
76 35
64 108
55 167
61 175
94 25
44 35
49 122
32 191
20 15
97 112
85 43
52 103
31 53
79 182
85 34
32 93
78 91
8 27
21 152
73 91
1 153
27 165
70 50
53 169
19 51
4 56
69 168
67 32
90 155
49 109
90 157
20 190
56 73
9 80
16 153
91 22
66 178
16 30
94 89
50 17
44 58
74 71
64 39
73 155
64 47
97 177
75 26
56 73
27 148
89 56
74 168
69 134
8 26
74 182
66 93
42 73
65 73
25 17
86 130
75 119
60 86
73 15
19 200
14 17
39 42
55 174
44 71
100 73
59 130
27 58
27 152
60 68
19 151
54 53
43 112
100 53
100 194
32 154
96 159
75 178
49 154
69 112
82 38
15 158
66 106
49 190
90 23
33 179
81 119
5 31
87 141
86 191
5 193
55 72
92 105
37 148
57 71
77 31
34 146
24 126
23 112
73 23
70 159
87 154
28 27
22 165
94 39
51 14
33 199
12 112
19 182
63 52
59 121
60 54
68 24
65 127
76 193
91 45
36 24
1 34
44 55
59 13
6 93
73 69
15 11
51 122
51 110
13 56
61 134
50 20
99 149
97 44
57 28
68 109
5 106
80 76
7 162
72 74
6 121
58 51
51 82
18 62
55 70
15 77
12 95
69 177
61 144
89 94
93 102
54 150
57 75
83 190
25 139
56 170
49 161
23 140
99 152
6 180
43 71
16 189
1 105
28 43
73 61
66 147
51 17
13 143
99 64
66 93
56 174
77 61
25 189
54 134
22 35
38 117
14 15
79 93
58 135
47 128
55 187
44 135
41 156
36 176
44 194
89 123
66 102
42 87
89 121
93 109
33 172
69 61
31 144
58 43
39 46
48 97
37 22
25 124
68 100
88 139
46 163
24 104
83 122
67 33
9 185
92 25
96 133
38 51
75 83
14 70
5 157
52 172
10 166
77 148
45 195
32 105
39 148
42 11
83 195
85 132
91 49
93 96
25 129
26 16
36 182
14 97
81 173
59 131
80 137
77 89
41 79
78 133
41 39
89 23
69 147
43 92
17 31
87 106
37 98
67 48
90 109
72 61
20 196
36 12
62 50
45 76
1 160
22 190
61 179
45 84
93 177
51 64
60 118
88 61
9 78
68 77
100 129
67 170
36 88
76 134
74 137
23 168
97 48
8 68
68 60
78 197
58 152
10 28
18 110
88 167
80 61
80 169
11 17
8 18
51 152
70 148
69 119
67 180
55 148
73 187
67 48
69 19
70 76
99 157
15 53
30 44
64 188
78 22
72 82
78 121
2 174
55 83
77 45
69 123
6 186
20 100
29 108
44 161
71 108
38 176
29 83
63 136
10 34
90 54
41 10
14 32
71 155
75 33
76 30
96 23
21 143
73 170
36 37
67 102
19 37
5 83
85 169
11 61
61 148
41 152
25 21
82 13
71 170
3 128
69 125
65 172
60 32
62 197
80 129
49 107
48 22
43 45
73 41
24 108
71 200
42 11
7 28
75 52
52 15
96 97
6 33
20 173
15 168
88 56
72 99
12 144
79 29
7 141
33 159
46 61
23 144
87 11
94 156
11 147
67 77
1 64
99 114
65 143
66 95
13 163
7 163
71 115
12 146
