600
22027
16 114
93 23
9 120
46 82
19 131
10 87
13 95
33 112
94 66
62 22
67 136
50 98
62 29
93 46
82 168
86 69
19 79
16 83
53 98
83 90
11 145
87 143
90 158
84 168
90 142
10 150
100 118
35 74
44 138
13 124
94 200
41 158
89 16
80 32
93 191
73 193
43 149
56 103
64 108
83 128
83 71
14 199
81 53
66 20
38 176
33 196
88 182
80 19
21 121
85 119
24 77
62 171
71 127
36 21
4 153
43 97
33 60
31 161
38 33
92 165
52 119
17 183
77 81
29 101
99 112
82 166
27 33
89 123
45 63
79 131
89 197
100 199
82 189
90 58
10 15
39 182
10 98
76 155
96 180
31 10
12 83
5 74
97 84
10 132
100 52
40 75
77 103
50 75
73 98
90 169
63 70
18 129
72 172
91 13
90 17
57 26
41 101
97 82
18 142
41 124
72 45
2 103
82 108
79 38
61 148
15 101
87 161
73 105
8 159
11 34
46 24
21 101
67 177
84 104
37 104
86 20
98 70
15 143
9 171
39 151
78 122
28 48
15 97
44 61
86 188
86 107
96 34
62 95
40 118
44 166
89 180
86 78
43 99
87 76
3 53
100 194
75 163
75 130
9 170
70 35
3 170
86 27
74 101
46 166
70 137
18 107
17 30
46 194
6 192
88 172
66 44
52 41
19 25
72 16
82 54
3 158
32 183
46 194
48 105
26 103
86 10
22 192
43 40
94 155
63 90
6 65
71 129
94 158
75 171
3 61
80 99
65 137
13 145
5 119
91 133
18 159
6 137
3 31
40 75
6 190
83 55
23 170
52 190
60 30
36 43
91 49
2 139
19 26
62 30
68 19
42 35
42 53
84 192
86 131
48 182
72 179
74 192
34 118
95 166
36 147
41 84
93 32
80 111
78 106
24 138
58 24
95 135
80 52
71 55
78 35
93 95
25 117
17 68
85 17
97 109
18 200
41 169
63 103
95 95
30 134
36 182
96 173
85 159
94 24
37 66
53 49
50 125
11 191
18 59
68 58
29 198
57 72
47 75
33 170
58 75
100 178
45 148
71 134
100 87
59 196
20 108
94 128
14 93
21 195
53 126
19 92
69 68
44 91
37 176
74 193
18 65
28 72
30 164
33 92
89 173
65 73
42 119
29 59
8 23
65 98
34 135
78 30
42 21
85 77
38 162
66 29
47 155
92 69
80 50
81 25
98 30
30 13
31 10
4 48
98 22
8 137
56 85
57 29
18 15
18 125
67 87
45 139
43 157
31 104
76 156
77 137
96 121
76 200
26 51
66 125
55 14
46 143
79 157
68 151
27 147
13 181
48 19
74 172
11 118
24 79
29 164
41 76
40 26
21 175
92 92
79 140
14 194
54 123
85 101
54 13
34 76
16 26
86 102
76 128
65 64
71 89
25 147
87 70
20 82
39 158
98 17
42 105
86 177
54 76
68 172
80 197
24 119
85 145
27 178
93 173
9 26
24 136
17 144
39 73
45 160
28 55
23 176
52 181
62 27
75 94
3 54
40 16
46 141
58 147
59 13
19 164
31 65
19 176
34 94
74 77
18 110
47 79
23 188
62 39
71 163
23 98
47 96
8 108
74 127
16 164
9 33
45 110
88 14
63 31
37 12
58 152
35 17
65 191
15 18
84 170
38 87
42 44
13 172
9 38
25 68
86 180
81 189
82 159
95 161
23 15
82 124
10 113
89 17
78 198
31 175
89 89
85 14
94 136
86 66
44 160
93 192
28 65
89 88
100 187
3 127
61 90
35 110
47 76
90 122
34 22
93 191
55 198
39 160
20 184
7 171
21 16
35 131
69 194
28 124
43 52
96 25
80 118
3 22
70 57
92 170
31 39
44 27
2 161
77 79
22 111
97 83
50 35
80 154
19 99
40 54
60 27
58 193
14 168
4 123
23 84
35 175
22 68
13 146
83 186
85 50
30 181
53 167
39 158
89 177
31 10
25 95
7 179
69 149
27 16
54 102
95 112
93 33
88 146
29 128
68 140
52 23
91 74
80 87
53 40
36 94
50 40
41 51
73 116
74 136
55 30
9 79
98 70
44 10
25 146
72 139
65 50
70 47
36 176
100 99
82 184
42 164
1 151
48 187
73 161
70 168
61 102
100 29
82 99
34 13
93 32
76 192
52 165
83 170
73 188
92 77
62 82
24 44
63 69
43 137
64 39
80 137
32 164
42 45
31 147
77 28
88 110
55 152
42 98
31 95
59 128
11 161
11 138
7 180
92 162
43 134
34 127
33 99
84 77
28 165
94 145
33 101
65 191
2 21
47 16
47 34
97 195
40 87
17 32
41 116
21 168
50 77
2 24
35 86
15 157
94 75
100 110
37 153
85 80
96 199
92 149
51 165
11 156
17 138
36 104
91 122
7 37
74 162
3 78
50 103
66 117
83 107
3 71
99 95
28 142
83 119
22 56
91 146
48 72
100 19
54 131
21 117
70 140
30 112
79 35
66 32
25 173
59 193
10 99
54 167
11 126
72 105
51 26
84 96
58 173
3 117
47 165
61 193
62 165
97 160
55 65
76 99
44 184
35 125
51 175
83 50
77 162
2 68
11 135
10 102
97 158
66 102
7 109
64 158
36 50
51 60
24 72
38 109
94 190
53 51
16 155
90 100
1 22
19 99
47 104
99 55
12 131
9 112
72 16
37 101
43 176
