600
21360
19 52
11 36
97 10
69 194
89 11
72 134
10 107
91 154
94 45
27 161
50 57
95 22
21 162
33 161
84 39
77 113
91 17
64 16
64 157
20 128
78 116
8 171
39 10
87 33
57 138
93 178
49 186
64 59
53 76
82 121
13 66
64 193
85 133
32 161
98 160
52 17
59 189
62 55
32 182
42 96
1 110
59 176
27 98
47 61
95 16
45 122
17 125
49 126
94 145
6 191
90 129
52 179
49 167
71 157
36 48
62 41
51 68
67 114
82 78
98 89
81 50
60 107
74 24
13 132
37 197
97 44
73 83
55 129
66 200
56 176
15 188
26 46
14 155
64 112
35 14
46 64
76 180
29 129
88 138
45 54
96 46
90 99
55 124
36 157
32 54
7 167
1 163
82 52
93 84
2 162
40 48
42 82
80 121
32 64
54 159
80 25
71 176
53 102
63 168
77 121
39 156
78 190
32 33
91 25
49 41
14 108
11 95
15 117
39 192
62 91
5 65
100 64
2 130
33 135
23 111
66 170
58 162
36 32
83 127
51 151
46 193
3 192
32 200
69 152
3 168
50 149
4 156
51 33
12 73
6 100
52 140
64 29
19 115
17 34
66 123
68 102
50 32
5 169
79 148
89 78
97 190
22 163
14 58
30 57
13 143
16 96
85 123
11 200
30 79
50 82
45 13
14 149
10 147
73 117
28 104
1 24
41 10
41 197
8 43
72 149
32 174
65 79
15 105
98 16
67 80
78 82
99 176
23 195
88 12
27 11
79 119
27 74
82 118
78 46
69 174
21 110
4 69
92 34
70 81
69 91
100 47
41 127
15 96
78 82
79 113
38 46
56 104
95 31
74 54
68 90
17 45
97 172
86 160
6 185
95 102
7 92
96 53
69 52
25 198
37 112
78 88
62 93
28 183
57 97
65 121
3 53
31 166
38 185
31 125
10 13
82 43
35 152
57 181
35 199
66 33
49 173
29 62
14 105
12 192
46 69
44 101
100 177
6 117
57 125
85 176
68 163
99 89
5 78
28 123
7 55
94 162
8 23
32 97
5 29
91 121
47 29
86 32
13 114
89 80
57 97
53 42
74 109
63 116
6 101
49 109
70 193
14 190
99 95
25 159
93 106
10 83
16 119
58 91
16 25
61 85
64 137
80 36
64 47
22 170
53 192
74 46
48 173
70 120
78 24
27 115
19 96
95 87
96 91
25 52
30 179
1 146
25 84
95 106
21 70
75 38
2 148
29 189
89 136
47 153
52 174
58 53
49 36
46 93
95 52
15 143
28 79
84 35
21 190
83 200
29 133
98 102
43 155
43 196
51 74
29 171
86 128
8 57
100 123
53 73
54 11
86 143
72 89
70 130
44 101
17 154
24 171
16 142
18 25
19 106
59 116
79 156
7 170
2 122
76 18
89 155
79 64
51 66
37 123
26 175
81 95
8 120
83 44
73 188
16 55
72 85
54 20
66 96
46 118
2 88
82 145
22 200
64 142
8 41
65 62
37 82
79 111
26 140
23 20
53 77
98 171
10 181
16 68
22 68
70 197
4 100
52 125
5 39
76 196
20 64
6 88
49 166
8 97
34 72
26 134
1 116
95 129
84 182
83 11
38 185
51 18
74 133
55 148
84 94
31 150
7 83
85 92
4 173
97 42
97 180
79 78
87 59
36 95
77 62
36 186
93 148
26 173
87 37
17 59
91 180
35 92
90 153
63 131
6 38
81 190
98 175
49 76
74 143
50 192
67 144
88 117
27 199
98 35
93 189
16 50
47 25
16 40
38 163
19 153
77 197
17 174
33 66
54 179
35 68
98 33
26 132
31 39
39 133
25 72
91 162
93 14
50 77
9 147
74 197
25 200
49 192
10 48
12 27
83 173
66 25
81 87
87 155
96 105
34 108
45 176
33 120
41 122
80 197
53 85
82 87
51 69
39 75
4 48
39 172
13 194
46 52
73 173
61 102
65 31
90 85
99 36
30 31
11 67
81 179
26 26
74 182
52 25
65 111
89 152
2 107
63 42
6 106
35 165
12 21
97 56
85 104
85 94
94 72
85 106
66 68
95 34
57 152
85 200
44 27
72 92
31 108
57 169
33 175
49 117
81 136
5 42
32 150
4 157
76 14
77 185
96 189
4 95
61 160
21 106
31 187
61 105
77 170
19 16
84 155
40 112
74 28
49 85
80 90
50 132
49 164
1 112
82 29
80 94
62 66
74 65
40 28
17 53
57 103
74 132
39 153
12 111
96 107
84 28
17 160
82 113
73 155
57 93
63 82
76 38
75 45
28 86
2 139
17 39
16 178
91 115
66 165
70 97
48 134
13 103
51 176
41 126
17 45
93 28
5 55
27 45
35 198
88 85
14 72
82 149
57 140
21 137
20 180
68 26
73 55
3 95
82 64
54 181
64 38
85 134
75 39
49 190
48 34
17 30
15 172
21 173
88 120
78 20
50 52
29 74
62 159
7 11
54 73
77 161
61 24
87 123
40 143
49 121
40 19
5 106
60 106
37 165
38 92
26 166
56 167
97 116
6 116
46 46
5 200
32 23
62 33
2 94
40 36
82 59
58 116
25 28
22 68
52 27
91 87
97 47
36 166
65 78
23 23
93 132
85 63
75 36
10 140
28 176
79 14
6 34
85 20
19 93
80 12
88 127
82 101
20 75
91 183
26 92
9 118
26 127
83 93
64 174
