600
21167
54 13
79 188
24 77
67 54
2 184
22 100
22 68
86 150
94 111
33 77
65 110
93 50
15 12
80 171
53 195
59 128
25 141
86 103
8 41
69 45
28 200
42 72
1 76
33 180
20 14
82 28
91 178
80 86
87 130
45 54
86 118
78 31
18 195
4 174
77 197
67 89
62 131
9 107
83 133
2 179
70 165
5 102
12 128
74 82
44 127
38 34
79 43
79 92
70 42
49 75
2 54
87 110
19 36
15 139
85 129
20 175
7 32
38 76
74 137
6 73
95 148
25 85
40 39
33 77
6 63
51 161
6 120
66 194
19 140
85 45
51 81
5 88
30 101
16 84
45 23
11 14
16 20
77 55
52 80
2 168
51 158
89 166
58 137
67 138
36 200
19 82
71 197
84 36
38 197
22 84
60 19
79 135
83 103
7 67
60 37
65 119
97 188
25 142
32 39
18 164
77 36
9 42
1 150
84 180
74 49
67 86
35 120
49 16
60 91
12 82
100 72
49 116
97 197
79 97
49 87
31 188
45 162
47 95
53 139
74 33
24 62
29 90
18 178
4 97
92 66
29 46
9 194
34 173
24 149
6 146
78 105
44 64
27 141
5 173
95 14
91 176
1 137
22 193
93 107
30 183
58 82
86 149
70 29
70 88
48 35
16 140
28 183
41 103
60 91
14 82
9 191
5 188
77 34
31 35
29 72
65 11
17 100
82 145
52 45
54 51
79 54
85 182
100 100
4 76
40 111
7 59
64 59
78 134
100 68
66 135
89 14
2 53
25 159
46 124
79 118
27 76
30 22
19 41
23 24
31 39
94 185
66 149
46 80
60 170
60 116
97 77
64 127
1 179
43 136
42 147
83 135
29 88
42 198
11 45
54 118
96 196
93 102
31 35
6 46
68 84
49 83
92 114
92 89
44 88
8 136
41 187
3 41
79 183
39 187
40 88
63 93
70 103
42 51
11 166
61 84
18 198
57 33
44 197
86 13
97 77
9 75
41 85
63 187
8 190
34 17
75 126
78 143
83 173
3 81
65 84
16 98
36 99
62 56
8 136
44 152
24 146
11 89
55 191
85 188
13 177
64 68
12 129
24 115
52 23
90 46
75 160
35 51
9 80
71 173
10 38
83 28
2 196
96 139
49 110
97 173
75 75
93 123
16 168
8 58
43 76
5 137
95 143
36 28
32 20
40 177
79 169
44 143
85 100
46 56
50 40
67 159
87 42
23 117
8 167
7 147
7 22
44 176
89 167
41 175
88 17
49 84
49 133
24 47
75 102
42 120
93 29
28 110
54 143
84 20
43 164
8 88
42 132
42 75
46 88
35 46
20 190
59 138
82 149
75 142
43 125
9 169
50 105
46 13
100 200
31 89
40 45
36 180
35 17
90 196
90 143
91 108
42 120
24 85
59 121
38 39
49 184
75 10
92 38
57 84
44 95
21 46
99 171
40 140
32 46
87 16
54 135
6 178
41 139
81 105
94 35
38 60
22 78
77 71
37 170
62 26
90 60
92 166
73 137
77 168
75 13
72 132
60 112
94 21
15 163
93 56
24 68
17 74
29 195
80 113
24 159
89 136
78 82
25 135
31 154
42 145
81 90
82 84
59 159
97 114
4 173
85 190
4 105
26 135
11 67
40 97
80 130
4 130
56 53
12 17
66 169
95 119
85 164
99 95
80 161
50 195
60 153
12 179
93 120
51 171
8 134
87 55
12 115
4 196
9 188
100 139
2 84
45 72
18 132
14 150
30 191
63 63
3 150
33 179
44 154
12 143
43 118
46 25
86 182
43 150
7 85
44 13
42 200
21 23
58 109
83 137
13 115
62 81
21 173
16 21
75 199
79 12
9 30
81 132
39 10
52 57
16 149
38 18
16 79
6 171
9 55
5 184
2 16
41 117
56 23
48 59
55 72
71 184
2 80
78 160
74 93
89 97
26 138
53 193
75 116
55 36
59 89
86 154
13 14
77 81
32 100
71 137
64 132
71 37
60 160
43 34
87 106
77 175
38 70
48 75
74 11
73 129
59 31
30 94
52 155
54 59
70 51
29 28
70 94
21 178
53 147
54 177
79 50
79 123
74 159
3 46
12 126
87 130
87 193
9 35
54 68
51 132
45 113
43 95
83 16
33 106
78 159
13 101
100 74
59 19
39 57
8 88
54 130
67 175
33 76
66 179
93 30
37 166
32 97
85 167
24 141
87 176
98 98
57 116
77 33
80 144
10 183
80 55
12 160
49 174
62 30
96 42
92 86
35 57
87 119
95 177
65 60
36 118
94 102
74 138
74 10
86 106
83 70
44 22
12 10
99 137
7 44
58 102
94 186
88 144
25 122
91 158
92 157
100 139
59 102
77 80
36 187
24 82
35 125
28 49
14 87
88 63
36 180
66 95
43 101
94 153
31 177
14 79
41 91
74 103
97 88
71 200
69 163
50 75
51 31
35 26
17 19
1 69
46 37
14 16
22 166
47 36
66 158
78 11
48 125
12 153
80 54
94 180
95 94
70 156
66 186
18 77
26 159
62 85
34 51
71 59
96 83
45 108
6 200
52 126
73 68
40 174
97 80
43 69
50 138
69 46
70 158
40 91
100 177
90 169
98 110
23 12
18 72
99 17
76 134
40 67
49 115
36 119
63 97
75 140
59 196
80 72
30 175
36 191
49 172
68 195
10 187
75 80
40 88
20 69
19 99
