600
20776
32 133
27 114
69 79
82 54
67 176
25 154
61 178
6 100
70 178
99 136
83 87
5 113
98 86
25 94
23 48
63 14
50 34
3 68
24 96
23 25
47 133
7 137
88 146
100 113
38 90
4 148
43 181
11 130
2 118
30 183
14 13
74 89
6 153
43 42
63 63
46 191
7 179
18 67
72 147
57 188
89 72
73 132
46 66
80 132
18 182
32 139
91 15
50 60
96 89
24 15
34 25
12 159
59 61
40 58
84 125
34 110
48 84
34 125
55 112
65 84
18 14
51 163
31 46
42 131
48 165
12 69
51 179
16 152
60 53
73 54
13 156
31 115
34 126
10 98
84 193
42 46
42 13
11 171
33 54
29 43
45 141
26 140
10 129
78 172
67 193
1 151
77 188
59 12
13 126
71 53
35 108
5 93
5 186
74 33
78 116
72 65
68 18
49 12
1 199
3 32
70 199
61 109
4 22
48 57
95 58
65 17
49 181
54 196
23 11
12 22
81 169
35 143
8 156
33 195
69 120
66 153
60 167
77 93
14 40
45 34
15 187
62 27
34 57
49 143
83 81
65 37
75 137
20 181
89 42
48 180
71 141
83 172
74 27
100 29
68 95
47 83
69 196
76 13
21 159
47 197
24 72
22 177
88 176
68 12
66 10
36 70
89 93
97 32
71 159
4 176
33 87
31 129
33 169
98 52
88 185
12 71
71 25
94 93
47 180
71 117
36 68
96 151
31 117
55 29
86 16
93 139
94 38
16 96
29 74
12 142
12 93
11 157
76 54
22 72
78 163
53 120
19 159
77 27
92 102
98 97
20 189
64 40
93 146
17 56
83 143
19 149
90 22
67 139
12 114
57 127
35 95
62 134
56 16
14 82
9 29
35 145
1 188
82 141
22 131
43 24
23 136
44 43
91 29
16 30
72 118
84 67
17 40
25 84
70 55
53 27
59 169
47 23
85 50
6 133
24 102
76 64
75 72
52 120
78 102
17 129
25 102
26 53
26 133
26 142
55 155
29 155
69 84
60 150
28 148
33 126
65 137
97 47
95 44
45 164
48 180
55 164
76 172
79 27
5 90
35 112
21 48
40 62
61 156
51 56
95 48
90 164
6 44
96 98
99 152
72 134
57 67
10 200
81 113
30 11
15 90
67 110
67 72
60 77
8 14
30 66
46 146
42 96
45 133
28 117
34 99
13 171
64 116
12 181
65 121
16 51
100 44
88 192
10 100
55 154
27 56
46 138
51 74
56 81
68 65
47 194
37 54
86 21
43 83
64 76
1 53
52 65
86 33
55 142
43 170
39 145
80 64
72 124
87 68
69 108
57 48
95 89
45 26
18 79
27 98
54 193
87 169
8 106
65 109
100 100
56 56
30 11
23 148
19 42
67 59
21 148
17 112
66 172
92 127
44 131
23 185
27 189
83 28
57 149
20 105
47 32
71 156
49 76
45 120
22 62
43 13
92 88
59 12
21 104
48 106
75 91
52 170
53 155
52 13
61 92
34 142
80 25
47 173
17 78
71 53
59 118
44 92
97 108
92 73
80 120
55 160
78 159
57 64
54 12
53 50
43 56
31 10
35 198
10 70
95 171
44 30
41 185
94 151
93 72
86 182
68 50
99 57
44 109
43 58
26 34
45 10
85 135
12 195
45 98
35 155
22 150
80 127
32 187
59 16
38 123
35 103
39 179
84 107
57 101
88 43
17 60
40 167
18 51
21 62
15 186
63 199
95 50
96 160
49 184
70 52
66 111
92 41
43 38
37 71
52 48
72 79
6 22
64 89
35 179
97 167
48 155
70 153
52 128
10 40
81 194
87 25
10 28
1 43
85 179
17 97
77 123
89 193
32 123
75 71
100 189
65 193
89 80
66 101
93 101
23 92
93 101
30 171
46 36
11 37
21 156
58 176
41 15
80 181
32 34
82 47
75 189
18 67
39 130
52 90
1 67
58 71
50 151
48 168
83 175
80 34
43 79
7 99
69 90
31 65
19 34
20 87
44 73
20 140
79 57
2 147
6 115
99 44
27 199
67 129
69 35
52 24
5 78
10 26
41 150
13 181
74 19
34 91
63 22
15 141
53 105
8 182
50 77
69 170
33 120
69 79
54 26
47 29
35 90
80 32
38 101
73 196
80 89
14 115
94 175
56 76
79 176
44 63
89 76
23 45
29 112
44 98
56 127
5 42
96 61
18 79
70 130
73 51
67 126
34 86
72 108
30 84
12 28
98 168
99 76
72 200
52 62
85 108
92 39
46 122
20 64
21 102
19 114
81 27
4 199
52 144
58 159
16 134
26 26
22 187
25 31
20 107
37 146
48 134
15 70
89 187
1 81
30 147
53 66
1 57
89 153
9 187
21 83
29 24
64 56
45 120
21 176
42 48
51 106
55 197
7 170
86 155
60 85
83 47
66 196
70 75
2 21
84 46
8 114
100 171
96 141
12 105
45 20
63 74
11 145
70 127
80 82
12 154
60 159
90 97
76 101
81 184
48 192
62 187
43 138
45 27
43 174
83 146
39 147
87 153
26 112
8 140
43 133
72 142
9 157
24 142
62 49
75 139
61 111
42 191
11 111
70 156
22 20
53 198
67 46
23 79
20 123
18 190
64 76
62 156
98 164
34 23
54 60
67 182
4 176
65 51
75 126
56 26
47 62
40 152
35 86
59 186
74 37
9 92
4 100
53 166
33 120
