600
20649
82 95
59 82
17 35
27 103
96 195
98 29
11 135
8 94
90 144
45 46
52 145
90 15
65 84
44 151
88 121
19 42
41 154
52 143
18 114
18 136
59 35
25 112
92 15
72 98
7 105
86 115
27 124
81 52
79 169
50 153
63 40
98 109
52 33
39 55
8 182
54 156
91 142
19 93
93 32
28 151
83 80
4 84
84 94
40 13
60 84
6 83
15 188
53 136
7 97
52 34
69 37
72 58
12 157
27 64
80 102
12 101
22 156
47 30
13 89
11 33
18 31
30 72
63 57
23 12
97 122
15 17
29 173
85 199
17 155
98 148
44 90
26 136
35 113
5 176
70 198
18 157
38 111
57 176
35 132
6 143
9 101
91 194
37 63
86 91
78 42
6 43
67 65
14 161
31 10
23 178
49 143
49 112
30 143
25 161
57 64
1 169
82 171
16 133
87 116
83 137
97 108
40 142
99 141
31 63
8 153
29 126
20 101
99 83
24 110
29 179
80 119
57 135
85 147
85 56
41 140
10 39
19 148
4 147
90 15
45 196
80 123
31 108
99 184
11 111
76 188
18 111
88 55
100 28
69 95
30 144
98 150
59 68
87 135
66 34
41 186
34 83
4 52
43 145
85 14
73 115
32 66
75 171
46 140
61 47
22 122
45 75
69 169
99 148
73 29
25 35
12 199
23 194
43 198
72 20
25 16
9 60
90 140
24 194
38 174
77 196
4 59
6 32
92 72
14 80
40 179
32 106
44 101
3 33
25 88
33 57
52 123
31 174
22 89
25 169
27 62
1 39
97 83
39 33
55 142
22 68
84 104
17 129
40 61
99 68
46 171
31 77
42 19
89 172
99 86
2 36
24 128
82 59
16 87
83 161
57 156
17 92
5 155
78 178
57 154
21 162
59 162
65 65
58 33
71 57
72 163
55 162
71 107
55 141
46 177
93 63
79 120
97 153
60 30
77 179
64 24
57 124
15 99
3 155
97 139
6 106
58 98
99 111
22 167
96 27
43 107
48 124
95 115
5 132
43 169
94 15
3 45
55 199
89 185
73 46
35 176
24 158
79 138
95 13
63 45
93 143
51 38
99 187
88 79
60 136
51 191
88 174
22 75
44 54
49 96
36 16
74 82
11 180
12 146
8 35
6 13
85 16
91 40
12 129
11 20
5 83
73 20
18 165
7 87
44 180
25 133
66 36
79 18
18 129
84 147
52 159
36 153
2 102
60 148
61 101
48 183
44 145
63 163
72 154
88 112
19 74
12 121
10 104
27 119
75 153
85 68
63 160
26 129
90 72
9 128
14 131
24 113
88 56
42 80
54 174
46 150
13 178
69 149
66 192
39 136
51 72
23 115
62 80
3 123
28 126
26 176
63 152
15 149
98 41
82 105
77 72
89 154
35 13
63 14
30 97
30 39
27 159
94 151
46 150
97 175
32 91
96 170
53 166
3 105
38 36
17 126
18 89
30 178
19 82
98 124
67 35
37 136
3 61
3 88
65 49
17 113
51 30
73 58
57 64
36 186
20 149
36 88
80 76
41 21
41 160
99 146
52 185
64 48
27 155
86 51
30 99
26 177
48 158
24 132
41 155
29 45
59 167
5 130
9 103
1 182
9 191
73 79
25 33
10 61
62 96
100 26
8 78
48 132
80 170
87 149
83 13
71 78
22 124
72 51
23 89
19 19
7 71
27 14
30 93
15 197
59 182
1 42
44 161
56 31
50 169
97 50
82 140
79 91
92 107
98 140
100 58
61 86
15 125
71 35
62 181
80 127
84 99
89 31
72 50
1 42
74 46
34 103
12 27
46 24
15 154
70 182
69 187
41 144
80 84
64 139
91 72
11 49
46 103
58 30
56 39
32 200
7 80
29 165
77 185
43 136
71 170
43 19
64 136
22 200
68 92
53 111
6 147
41 123
72 155
91 54
18 89
41 186
90 186
99 82
8 192
21 198
22 114
66 12
85 82
83 97
60 28
58 183
30 25
71 102
96 153
73 136
94 52
5 168
57 191
42 160
54 132
55 59
93 20
33 184
14 79
88 16
38 90
41 106
51 51
84 196
83 32
49 23
73 28
56 148
56 83
53 107
25 154
94 164
17 100
16 40
47 170
25 112
5 74
32 174
35 12
89 26
71 196
93 187
78 143
45 180
39 156
4 149
21 174
55 21
21 95
30 107
75 165
52 108
1 114
31 73
43 132
34 158
56 91
28 22
19 69
37 46
62 173
45 31
20 184
21 49
82 60
74 158
78 154
7 114
56 107
65 63
36 50
40 188
80 179
58 12
89 85
93 181
53 132
73 12
46 130
80 42
8 12
6 101
79 138
26 77
28 33
29 186
89 93
19 177
72 135
44 141
31 148
90 156
89 59
16 127
98 10
69 57
1 46
98 34
1 186
24 67
91 104
78 83
77 140
5 168
95 61
95 173
55 121
27 123
45 66
84 100
62 116
69 17
45 89
15 107
86 95
91 158
99 85
7 79
92 16
65 178
34 31
10 178
20 122
66 197
50 12
41 12
77 168
88 24
68 124
84 115
22 158
39 181
4 172
68 21
14 159
33 191
99 167
23 68
65 113
62 137
13 182
45 88
95 106
4 149
37 41
85 52
27 83
76 28
47 78
93 141
17 178
12 51
70 188
12 147
13 185
23 196
62 51
97 97
81 166
6 168
24 155
24 197
40 181
23 23
5 65
