600
21826
26 150
88 82
58 182
32 160
43 149
39 76
91 136
84 196
80 84
61 53
51 36
4 198
30 33
59 82
61 109
89 197
93 38
75 138
53 91
85 145
41 19
96 195
29 120
5 130
11 183
61 133
82 139
90 179
68 118
77 129
75 105
42 200
64 192
27 151
11 60
93 27
8 119
17 19
59 142
72 159
75 183
46 184
59 143
79 147
84 12
42 77
84 18
2 175
37 97
25 181
27 72
15 53
40 150
88 14
83 71
40 149
23 77
89 120
96 11
50 74
27 31
78 61
91 136
63 62
53 113
35 122
28 179
88 99
71 192
15 160
10 195
71 186
26 110
63 166
25 134
3 153
3 87
14 47
97 51
61 198
12 65
68 134
57 190
96 65
91 154
71 127
20 187
80 120
54 69
53 18
45 167
90 139
96 87
54 31
63 81
43 149
2 120
5 167
64 76
32 175
45 95
44 12
87 48
1 82
17 133
39 176
9 163
51 167
1 107
78 73
60 129
13 85
91 20
2 183
36 31
73 145
58 182
57 163
20 65
57 175
81 145
95 39
69 75
6 90
8 49
30 51
49 103
79 51
45 23
49 41
33 111
43 155
43 164
78 31
52 82
64 197
39 46
68 84
60 24
44 118
96 21
31 10
63 63
77 61
7 200
24 95
72 106
96 119
40 14
9 137
57 73
22 49
70 70
68 32
46 82
65 168
80 16
82 50
7 197
96 187
100 113
89 101
4 119
80 192
31 103
63 184
19 29
49 183
37 12
36 157
96 57
26 120
57 126
99 29
56 159
79 139
87 86
86 178
51 55
25 137
93 36
15 101
7 197
8 59
88 152
26 105
34 138
36 137
17 37
29 155
84 139
35 166
64 182
75 87
27 12
7 132
17 89
49 98
27 45
60 82
85 115
66 86
9 190
54 163
56 35
3 54
84 145
9 127
3 20
72 171
23 135
48 44
73 165
77 22
69 81
24 20
38 152
32 160
42 110
42 54
37 140
65 58
20 69
80 57
29 109
27 47
79 56
77 148
48 195
48 15
26 98
63 132
77 157
96 166
96 174
16 43
67 168
47 21
68 60
8 63
51 11
4 104
13 80
35 126
7 164
36 94
20 73
69 124
16 156
96 43
19 138
49 114
19 38
10 156
88 158
5 179
21 124
2 172
41 43
45 78
50 58
17 78
89 180
74 41
58 64
73 34
13 63
77 96
69 42
33 174
94 41
72 124
55 107
71 55
56 117
13 196
83 190
17 148
90 14
71 142
98 144
33 127
73 81
61 183
79 26
80 56
45 135
41 174
71 153
83 93
95 42
7 159
81 121
64 48
56 175
52 32
63 160
76 144
54 162
43 84
92 58
98 79
37 163
92 13
97 58
83 147
62 117
63 56
73 55
96 57
70 195
54 21
49 192
50 30
12 162
61 124
75 14
99 193
19 199
77 44
98 174
1 147
49 49
62 76
13 61
82 25
96 167
33 26
96 145
68 21
61 67
60 21
75 74
79 167
6 126
11 106
66 169
51 17
100 128
46 199
77 62
96 192
29 54
29 131
60 148
57 55
16 128
61 183
25 135
15 52
18 64
78 78
32 44
75 13
84 71
97 175
40 123
5 63
97 22
79 15
24 36
66 21
49 51
28 107
55 139
100 74
14 152
4 173
42 104
90 57
8 196
54 83
90 172
9 18
77 175
6 48
4 108
3 199
26 181
86 76
63 71
57 71
59 163
36 75
54 138
75 65
32 63
1 36
9 23
93 33
79 168
60 107
98 194
39 67
63 13
47 128
83 122
90 91
76 191
95 50
98 25
52 24
34 37
83 71
99 169
38 172
33 131
38 51
24 193
34 156
61 45
78 46
16 132
11 146
34 23
38 135
60 128
20 111
71 105
2 156
75 195
36 102
39 133
52 36
5 68
33 166
59 187
84 53
58 154
15 173
26 150
84 167
26 60
76 182
92 101
33 179
99 71
70 195
33 195
82 179
42 166
82 143
65 179
28 45
96 107
18 105
83 134
62 164
51 99
89 71
49 53
28 55
86 20
91 115
8 182
69 70
35 39
18 198
9 190
67 104
91 167
48 149
68 148
10 30
92 16
68 11
54 199
33 16
42 200
68 141
53 44
97 112
93 67
74 44
70 180
31 117
34 60
4 29
13 43
2 186
56 184
69 152
37 194
96 50
87 120
35 170
46 139
14 43
84 67
61 137
28 19
5 112
95 44
57 159
42 77
32 180
19 86
10 15
56 78
90 107
100 156
96 118
65 181
49 43
87 120
67 138
91 88
68 67
29 32
29 52
24 122
12 140
63 62
17 95
98 41
23 24
53 119
49 96
54 171
56 166
72 104
25 138
37 147
28 66
94 19
13 197
22 148
41 199
82 82
83 147
37 58
67 22
66 131
56 80
10 161
60 76
90 118
10 152
44 31
12 121
18 179
64 19
69 143
80 96
95 25
54 13
87 33
66 159
47 70
28 121
17 81
34 155
91 171
93 87
32 135
58 135
68 163
36 75
36 159
95 186
44 50
27 184
3 184
76 173
66 173
66 43
4 114
70 53
40 199
29 78
87 100
58 120
83 179
92 143
38 185
20 140
94 182
82 122
80 45
77 178
99 29
11 67
61 188
86 136
78 104
11 157
1 158
2 167
7 111
55 12
15 140
73 199
8 171
16 152
7 181
10 38
10 62
51 160
62 16
26 191
