600
21361
64 30
43 165
42 41
44 52
18 100
92 49
33 152
59 121
49 106
70 169
16 152
84 114
27 55
55 69
74 31
30 112
53 27
38 27
45 184
94 71
84 197
58 57
46 150
54 111
64 14
17 90
18 163
26 165
100 106
35 175
80 173
22 89
91 36
59 87
14 176
51 77
94 138
3 30
88 200
2 11
6 74
37 53
99 55
60 64
39 38
40 172
59 196
74 157
10 160
93 14
100 30
95 125
94 115
64 198
91 56
47 155
37 193
66 86
41 107
71 142
25 141
26 166
75 101
13 173
61 169
27 192
26 27
87 179
24 188
13 98
98 165
64 121
98 187
52 185
70 173
39 146
85 165
59 171
24 25
87 32
92 179
89 61
41 188
74 23
96 83
68 74
73 200
5 50
41 157
18 194
52 170
69 140
49 18
26 64
14 39
25 37
98 82
97 29
15 172
7 127
92 146
58 174
25 52
32 189
53 38
50 46
55 78
78 128
58 143
26 20
97 157
7 105
83 105
44 171
36 86
51 138
51 110
7 150
94 120
91 71
24 142
47 107
46 144
75 196
84 134
90 14
74 78
1 194
97 113
83 32
58 190
10 43
81 166
63 107
50 56
77 109
6 108
3 158
48 20
2 142
2 87
98 198
44 103
18 130
79 43
59 172
43 164
38 89
51 36
46 155
50 56
34 173
16 175
47 200
32 196
70 12
66 188
10 146
34 62
24 97
80 40
36 39
57 155
68 150
17 158
45 131
7 27
49 183
31 106
21 90
78 90
53 111
43 176
1 120
72 169
74 132
97 196
65 76
61 39
27 130
23 110
32 47
23 158
83 175
27 52
8 37
58 145
80 28
47 97
9 64
41 96
4 100
74 176
57 146
51 75
71 191
37 102
26 33
29 131
90 90
4 20
98 132
99 197
79 176
36 165
82 40
68 159
43 200
23 171
88 97
2 167
1 118
63 85
75 57
92 118
81 182
66 136
13 162
66 136
25 63
5 10
51 108
9 143
85 34
12 22
19 81
52 133
5 31
86 23
83 86
27 32
71 194
82 83
63 164
15 86
36 30
43 88
84 131
55 57
79 132
70 45
40 147
91 108
75 45
94 74
60 28
77 189
71 103
95 101
63 134
77 10
79 100
84 179
81 164
40 52
81 116
63 34
26 160
3 38
52 127
33 18
16 119
95 27
64 29
20 12
74 89
14 172
17 12
29 57
46 192
73 170
22 88
79 150
35 142
92 88
53 52
43 127
76 130
100 150
24 167
92 197
21 38
92 70
70 169
56 110
93 72
67 16
36 191
90 183
92 180
72 126
14 127
18 135
43 167
31 133
25 88
99 17
22 130
40 134
14 155
95 111
34 163
93 177
13 139
27 130
35 168
51 125
20 104
54 35
75 100
76 37
88 155
59 95
92 130
22 174
95 78
8 57
10 60
29 121
4 169
22 92
42 87
57 33
59 197
19 114
20 16
96 172
16 23
92 142
71 26
88 28
91 41
20 104
88 114
43 137
48 59
70 159
14 115
76 161
50 100
13 146
54 56
29 164
72 13
35 59
15 158
47 11
67 159
57 82
7 98
62 136
61 126
59 181
45 117
26 97
2 102
47 123
86 139
86 102
42 143
46 31
16 188
16 123
97 41
42 30
99 94
73 12
43 117
13 100
48 130
35 45
47 23
11 126
63 21
27 33
43 131
50 71
87 64
91 16
77 143
89 110
43 49
22 113
41 69
6 176
67 25
74 116
1 49
67 27
36 195
35 194
15 96
89 83
70 33
92 14
94 120
59 15
10 25
35 12
36 13
95 46
38 162
76 138
4 148
22 54
36 71
53 169
57 145
94 147
15 154
32 25
95 184
17 46
29 71
34 81
90 132
19 161
49 85
16 84
82 58
38 27
8 55
43 120
47 77
70 168
75 193
60 76
11 32
49 160
47 27
91 18
5 139
11 151
43 119
80 65
93 141
10 42
51 143
89 179
10 74
13 131
84 179
28 85
83 25
75 113
14 100
57 172
54 58
89 137
16 40
92 192
90 138
87 16
14 118
29 189
65 179
18 110
37 180
33 102
31 125
26 52
61 27
46 21
15 42
50 120
58 86
32 174
74 124
63 97
10 89
33 100
20 174
37 108
60 178
78 169
41 120
25 108
100 159
84 21
86 64
44 20
100 189
8 128
61 133
2 135
76 142
6 138
50 171
23 34
86 115
11 86
89 103
15 45
14 178
10 29
92 169
59 91
94 198
24 185
36 65
45 19
50 152
39 88
23 67
21 96
9 35
93 122
76 128
1 30
81 124
59 140
82 32
76 68
99 54
96 137
25 184
47 27
1 35
83 87
3 90
49 174
61 21
24 106
9 122
47 101
74 183
77 21
17 31
39 33
5 186
73 187
55 170
86 127
71 161
78 140
7 28
22 180
49 32
10 43
92 129
68 193
6 128
29 75
39 91
98 12
56 140
98 23
30 100
13 62
72 117
94 190
36 112
70 170
26 115
96 56
58 28
91 15
44 191
36 147
48 51
60 143
23 109
76 135
87 180
78 105
96 103
35 65
61 20
94 104
20 123
19 141
13 173
11 43
69 48
7 64
40 94
19 151
62 116
82 119
88 106
82 113
74 102
50 156
85 95
25 121
97 199
44 196
26 164
3 81
11 22
1 200
67 17
97 152
29 189
80 179
73 50
16 13
54 173
14 74
55 120
