700
24572
89 188
87 134
88 60
42 131
8 50
22 141
28 91
51 27
61 178
24 25
49 63
68 164
64 87
35 15
26 157
3 168
6 40
21 51
83 165
7 124
83 146
22 200
6 156
79 148
16 66
93 88
31 84
15 21
87 57
84 97
63 77
39 180
31 194
2 113
57 60
36 98
83 98
74 15
60 114
60 84
87 130
27 29
42 135
67 135
35 96
18 184
31 181
60 182
75 78
100 58
31 93
75 170
45 137
3 75
10 73
69 89
14 38
56 115
63 182
90 50
14 183
45 25
69 101
24 38
42 34
39 84
19 56
9 98
35 142
43 122
62 176
3 15
37 89
77 64
48 178
85 196
30 69
86 134
10 140
18 104
68 103
5 140
63 176
93 50
33 32
69 136
66 181
25 114
8 91
2 162
26 171
83 133
87 199
29 179
49 20
38 36
67 64
89 139
58 83
70 64
1 188
28 65
41 189
43 88
40 108
69 118
28 147
35 113
88 45
12 178
81 178
40 94
49 52
38 46
38 33
5 18
80 100
42 119
100 122
87 83
55 118
81 122
82 92
64 142
91 43
88 14
82 125
98 55
52 143
39 120
54 109
4 193
72 100
1 10
46 161
21 126
68 13
8 12
38 159
10 72
74 185
29 42
80 117
27 47
46 128
6 80
98 151
55 58
40 169
32 89
78 127
41 178
69 46
20 82
61 107
30 53
46 118
11 15
57 94
29 135
54 165
15 144
37 145
51 130
3 112
64 91
54 194
18 146
40 81
79 181
54 185
4 111
73 93
25 54
37 186
94 111
32 104
23 31
79 198
35 142
52 59
55 164
68 178
29 139
76 62
62 75
51 126
84 75
51 173
84 136
14 36
17 146
84 55
49 35
57 17
24 103
45 41
31 68
88 147
25 100
38 48
46 15
32 178
56 172
92 105
51 89
64 69
86 101
25 20
36 57
46 70
63 146
39 74
77 95
7 177
92 74
2 125
23 71
19 44
43 55
60 126
60 17
96 42
74 92
75 200
70 137
87 153
48 15
98 90
39 163
52 110
50 39
55 81
75 71
87 50
18 16
10 134
64 92
83 118
6 103
18 160
84 91
57 25
83 18
28 189
85 39
9 155
37 174
78 99
81 15
54 35
65 81
88 183
66 194
38 175
36 73
71 20
20 75
41 115
13 100
97 155
76 47
2 166
44 136
73 72
83 133
96 82
45 127
32 100
89 73
68 114
82 183
32 118
74 61
48 102
84 173
87 62
85 37
91 149
23 90
82 123
85 101
31 124
10 178
29 45
24 116
71 117
87 100
41 20
98 49
28 46
72 109
16 146
42 163
28 196
54 186
52 130
11 175
31 45
20 197
81 13
9 155
15 187
40 126
99 21
89 151
43 160
56 31
3 43
17 125
23 134
81 76
91 74
92 148
6 192
17 52
15 72
3 27
55 19
6 162
25 75
27 69
24 69
46 67
2 162
30 31
74 119
4 108
61 161
20 44
12 88
93 131
11 120
76 86
40 63
26 196
59 75
12 162
93 157
61 39
72 130
3 97
7 185
51 88
73 36
24 156
34 30
14 23
81 199
99 29
44 54
32 136
98 46
42 196
71 107
64 122
27 136
33 57
77 169
93 106
17 76
17 145
89 142
48 146
45 127
53 151
100 73
27 20
92 158
87 60
39 96
37 114
16 116
15 92
80 114
48 63
91 49
60 160
10 197
42 102
75 61
33 156
58 24
71 138
60 74
12 71
100 144
25 59
78 109
78 126
29 91
25 125
65 40
2 67
45 144
1 162
35 13
76 16
37 117
42 11
73 37
93 198
91 14
15 43
33 176
74 72
38 119
55 66
43 95
39 121
38 71
20 66
79 99
78 101
4 154
7 146
53 144
79 13
83 137
84 16
54 161
83 162
69 85
63 111
69 10
40 129
28 107
16 181
55 117
43 112
50 196
57 159
46 16
51 50
47 23
78 119
61 151
66 123
90 132
33 97
18 141
2 61
25 142
18 160
60 58
12 148
97 32
57 63
2 95
25 66
3 184
66 88
6 15
38 161
95 95
5 129
38 76
63 101
7 57
49 157
9 130
28 198
91 40
60 22
33 97
52 51
28 17
27 109
76 33
87 27
34 175
68 136
81 28
50 51
95 157
69 117
45 195
89 45
30 72
38 17
81 42
65 49
56 151
2 182
88 22
14 78
7 86
88 148
74 100
87 81
48 10
15 90
72 47
21 76
84 122
71 93
60 153
15 50
35 185
88 177
7 122
18 39
63 197
30 52
87 175
29 65
35 168
95 148
24 61
48 26
46 164
63 127
6 95
63 37
73 121
93 106
44 92
98 147
69 195
14 66
40 152
65 79
25 190
83 181
54 16
87 156
73 44
4 171
9 137
59 99
41 54
32 141
86 68
12 178
84 134
67 123
9 46
42 57
61 116
66 61
70 188
32 166
57 88
67 138
48 121
74 127
70 122
92 85
8 15
43 101
99 144
6 160
64 51
59 31
46 155
95 68
83 49
63 168
92 27
50 59
1 163
17 146
99 51
26 108
12 79
22 139
79 37
20 83
7 90
84 103
11 15
82 152
98 196
46 158
69 174
49 53
74 125
11 51
21 98
24 182
43 12
60 161
83 61
83 62
53 88
38 51
7 60
8 30
24 158
63 14
61 156
84 126
94 47
56 156
78 67
10 14
47 65
41 17
76 35
63 123
2 111
3 193
64 13
74 37
31 11
26 102
44 86
46 46
18 111
38 191
58 110
18 152
93 197
18 157
17 184
64 69
49 88
99 161
78 66
62 128
14 162
22 104
5 56
4 198
16 48
39 87
30 161
92 167
37 173
73 129
53 176
67 33
96 162
85 84
78 102
41 22
9 167
46 187
83 154
29 43
67 172
85 141
94 22
68 99
64 82
80 43
70 50
96 23
96 45
21 65
4 179
77 168
23 109
60 198
2 146
85 22
19 134
99 114
67 175
77 121
54 26
30 108
65 107
92 104
100 154
65 149
67 81
100 32
8 57
43 47
34 62
26 120
78 71
91 193
73 188
26 42
35 36
61 68
71 21
7 142
37 33
30 120
33 133
66 82
47 175
68 33
54 68
67 159
52 51
48 122
81 150
14 73
65 116
50 159
97 152
3 178
96 80
64 171
81 127
74 119
