700
24790
24 65
30 117
39 38
88 112
94 159
97 53
34 193
47 33
62 143
21 142
91 153
93 86
89 136
26 140
40 50
89 55
17 31
85 193
15 33
29 22
3 37
9 69
15 41
8 123
95 167
28 145
66 198
34 111
51 178
47 109
40 46
27 149
23 83
30 31
26 190
19 198
19 193
83 141
97 120
73 25
76 54
4 72
24 160
2 198
46 76
25 96
8 18
44 102
11 199
16 34
69 87
11 138
56 124
62 98
4 40
65 140
80 112
67 81
84 142
30 71
59 106
40 162
71 115
75 160
75 176
65 34
72 171
6 162
57 82
10 65
30 20
50 185
47 90
79 87
35 185
77 135
45 53
61 99
89 34
41 68
2 71
15 153
19 123
62 10
79 193
93 190
58 72
76 149
57 156
72 48
75 104
31 86
58 79
98 73
6 118
69 15
24 115
84 64
46 104
58 77
37 127
56 30
18 91
26 197
32 68
17 33
29 169
98 42
70 86
60 11
69 169
43 194
24 26
14 170
61 23
66 66
54 198
30 166
28 173
38 197
92 76
89 153
34 30
7 73
13 173
74 136
56 71
53 33
18 91
19 34
43 163
64 91
61 142
18 44
69 133
36 108
44 19
80 91
12 13
4 138
6 166
4 48
66 21
74 57
95 113
24 73
59 199
57 146
11 90
22 152
53 11
31 186
24 146
6 18
93 91
63 154
8 40
40 104
17 106
41 165
42 131
2 110
55 153
51 122
35 186
43 31
19 154
27 140
67 142
61 155
41 72
80 85
50 190
85 196
14 50
64 170
9 153
5 49
77 132
26 88
18 93
26 54
25 191
4 199
43 62
63 193
27 148
91 153
7 106
6 60
19 21
28 181
77 132
96 82
59 79
64 177
18 14
76 186
67 69
1 184
1 42
52 29
98 166
69 131
37 138
90 48
86 96
34 192
57 94
64 156
38 30
74 158
95 80
19 28
90 164
80 102
96 16
77 177
98 31
46 85
58 150
62 179
7 10
32 97
89 140
57 116
41 11
75 140
97 95
37 41
33 22
88 91
21 112
35 48
87 169
11 196
2 104
6 34
24 48
93 47
80 18
79 58
98 44
76 198
46 141
41 47
63 190
95 155
14 104
99 116
9 58
42 129
3 24
50 174
42 118
63 86
35 97
21 30
31 184
10 181
86 198
25 58
42 179
42 23
76 108
100 32
59 75
4 151
59 177
55 18
13 170
69 138
35 11
48 131
57 98
73 156
28 53
54 92
81 109
54 138
65 156
94 62
97 70
81 74
29 43
62 105
27 116
6 38
98 25
15 144
78 189
7 76
56 130
38 33
31 190
66 82
100 51
87 190
62 108
89 145
8 194
51 47
64 151
63 87
96 84
57 145
85 165
94 92
37 133
33 193
65 70
16 56
35 195
43 53
38 43
100 141
33 86
55 109
59 194
43 142
50 57
89 76
38 120
97 86
82 135
32 14
84 33
52 173
54 39
50 177
13 115
66 27
68 100
82 195
30 103
22 181
78 136
86 90
77 192
100 38
19 43
82 138
24 153
3 127
28 169
73 38
90 179
47 151
19 75
98 168
9 168
91 161
33 146
80 68
94 59
9 184
17 194
91 138
89 147
60 116
94 106
55 90
97 158
31 150
32 171
16 65
47 78
47 20
79 156
26 91
39 82
47 104
13 117
66 190
72 50
33 50
99 124
14 49
48 81
78 59
15 134
43 113
20 78
66 108
70 192
96 75
97 169
3 80
98 147
32 123
19 74
8 183
61 125
89 190
95 194
35 126
49 136
36 67
99 25
18 61
57 97
31 187
85 106
84 48
8 69
85 124
72 123
82 47
3 38
75 38
36 88
86 167
20 13
18 69
35 65
74 190
3 34
28 34
33 83
22 59
66 36
30 148
48 30
99 149
96 147
8 88
25 188
73 103
35 71
98 64
3 163
46 167
26 171
88 155
74 21
72 48
34 39
52 38
11 28
65 39
77 81
49 138
16 164
48 40
69 107
51 170
53 106
27 48
48 58
86 194
21 49
78 158
19 132
68 62
75 23
63 120
81 15
3 88
24 78
97 190
95 188
10 168
30 77
56 105
76 53
16 140
61 151
24 184
77 159
15 62
93 63
46 200
43 163
46 25
22 178
99 150
33 24
9 143
100 179
85 140
83 139
55 151
24 28
53 141
87 44
16 167
87 179
32 65
10 181
88 92
43 176
52 116
92 101
42 56
39 144
82 92
26 38
92 10
78 25
76 151
13 162
90 115
60 83
74 47
34 107
41 38
27 40
35 125
33 72
74 79
35 95
18 118
58 148
88 31
94 177
36 105
33 167
31 142
44 152
35 165
72 80
22 74
70 83
40 81
18 53
60 54
46 152
1 60
89 147
96 75
40 130
80 179
71 194
30 94
40 171
38 41
54 50
60 66
23 75
35 103
85 126
33 104
77 141
97 113
28 140
11 195
43 42
72 173
79 132
81 112
84 114
20 52
74 187
46 42
82 141
3 129
7 86
80 166
10 55
85 104
77 47
84 157
77 73
20 79
28 135
10 109
14 34
57 198
47 135
79 187
39 106
9 34
74 59
1 106
55 48
11 167
13 196
60 33
30 85
47 48
54 154
100 52
57 73
100 25
79 106
55 36
17 58
41 145
66 26
53 103
50 26
75 31
16 158
88 28
84 40
62 59
11 126
41 191
15 155
82 73
11 60
58 31
72 115
79 174
43 36
67 73
86 115
7 85
85 124
44 59
82 22
94 137
73 150
64 181
82 189
26 191
73 148
87 177
73 77
44 80
28 82
70 134
82 159
87 98
100 141
38 93
6 15
15 67
45 174
10 52
48 134
36 131
17 200
91 96
51 190
71 101
13 94
60 106
78 82
53 104
76 168
28 39
39 66
23 56
32 41
87 83
37 196
82 58
54 90
39 198
31 80
59 49
40 167
98 60
87 49
42 82
58 101
12 24
42 191
27 123
8 10
45 36
36 128
69 112
70 104
90 51
23 131
47 67
29 146
49 87
57 158
32 82
13 39
42 29
15 118
77 44
42 106
54 156
57 189
6 64
52 82
10 156
6 82
72 77
65 18
36 160
97 118
13 111
56 129
5 105
72 86
5 139
27 131
100 15
88 52
47 120
85 94
83 152
65 66
48 111
