700
24467
40 15
69 93
17 35
41 173
95 124
39 138
11 128
29 72
29 143
97 170
29 97
99 197
25 195
52 83
6 122
62 188
7 43
30 124
16 77
9 23
85 116
90 61
68 113
27 147
42 107
54 134
18 149
59 27
52 48
6 25
66 173
33 92
6 13
44 147
43 44
82 86
75 115
33 184
72 138
23 189
49 91
29 158
88 57
98 79
8 93
88 67
84 100
45 14
66 56
84 52
88 40
50 189
32 102
70 107
15 139
95 114
14 46
23 194
54 193
97 74
45 72
99 169
84 184
36 145
11 124
6 194
3 83
63 22
49 194
81 14
61 175
70 53
22 187
8 182
87 193
47 179
82 34
87 50
37 165
37 154
25 199
90 17
53 26
54 96
53 144
76 198
24 63
36 166
97 93
83 86
17 42
99 156
93 120
5 83
14 95
11 21
80 124
77 186
22 16
85 140
35 105
10 14
45 48
50 133
6 161
58 34
8 37
71 12
54 144
43 133
57 193
84 19
87 120
59 98
24 85
70 25
73 104
5 158
34 144
78 126
13 149
1 96
55 107
50 148
88 19
3 59
57 166
61 121
7 155
51 44
48 74
24 29
73 16
30 173
31 138
34 114
21 76
11 173
54 100
52 158
76 174
47 61
52 18
47 87
87 195
23 89
19 29
93 192
100 149
94 39
19 168
47 79
53 125
61 92
2 196
79 181
60 134
90 17
20 129
27 122
58 73
21 162
93 176
3 161
28 49
84 51
48 45
28 93
37 31
61 190
61 196
32 136
17 147
63 10
6 145
76 104
56 44
29 117
59 17
97 28
81 14
30 197
30 120
69 158
19 150
91 16
57 64
22 174
19 29
22 25
34 12
19 162
1 194
39 44
90 70
88 140
100 53
12 116
39 128
36 100
83 103
55 183
42 123
41 157
68 87
29 80
60 197
8 192
10 158
53 171
89 50
100 174
85 40
83 84
65 134
98 182
99 54
10 47
88 16
21 169
18 35
76 102
4 48
76 158
57 171
92 58
84 83
21 55
77 177
50 90
96 53
51 49
80 140
5 77
53 186
60 50
66 178
84 33
24 103
84 96
69 134
42 57
28 77
51 137
8 153
59 144
48 107
72 113
64 49
3 36
65 25
38 151
39 197
40 76
75 69
53 129
79 20
5 163
40 19
61 168
96 164
47 192
11 54
72 122
4 187
17 142
90 60
95 158
43 25
18 23
4 175
98 199
98 10
83 162
47 158
40 195
5 36
89 123
55 125
85 173
89 128
16 143
13 51
100 96
9 30
28 54
32 90
28 181
58 55
74 41
80 199
63 66
45 27
15 147
50 145
43 49
68 183
58 29
3 172
86 166
3 53
51 50
69 92
69 100
70 128
95 169
62 97
38 98
48 117
30 109
44 180
95 54
3 67
83 187
92 14
69 76
35 40
13 184
20 168
36 161
50 94
18 21
48 67
80 161
76 200
93 147
56 137
16 161
32 97
38 143
38 90
38 89
23 97
31 24
26 33
37 107
61 76
42 109
62 78
59 114
7 118
4 81
25 115
49 90
59 70
69 178
4 22
32 22
67 49
100 71
88 135
27 123
28 60
60 158
89 97
82 181
53 12
47 147
78 96
45 191
42 103
24 10
11 189
77 158
75 133
61 73
33 139
86 102
64 179
79 123
57 13
43 18
56 137
49 89
50 198
36 182
31 103
47 148
21 54
24 114
90 50
5 167
60 126
54 77
65 56
29 111
70 110
9 189
19 39
87 157
22 74
100 44
84 51
72 132
90 135
32 183
82 108
53 133
30 18
88 170
29 155
19 88
49 82
75 44
7 59
8 92
22 20
67 104
40 60
99 16
42 92
66 70
33 152
77 137
33 17
76 166
33 97
91 30
7 124
48 119
91 102
11 12
28 83
9 29
72 116
88 67
23 77
36 100
88 198
1 161
1 23
75 139
33 123
20 43
36 177
15 158
63 158
31 42
42 116
75 58
96 150
29 85
73 98
40 199
7 195
32 150
97 62
99 130
33 95
5 156
33 111
27 135
82 185
82 143
70 120
17 195
59 175
18 183
75 176
63 200
65 157
82 200
52 90
38 112
67 125
9 98
32 157
67 150
4 31
11 199
67 200
46 116
77 195
23 48
29 39
76 27
70 177
16 108
78 33
30 151
52 69
98 78
82 178
44 70
39 54
12 110
87 43
86 87
68 169
53 30
97 179
82 55
29 54
87 117
23 156
48 95
55 79
18 10
19 149
62 150
90 60
40 160
4 113
66 110
20 126
13 153
71 158
74 16
16 146
99 72
13 146
61 29
35 26
74 146
99 36
16 64
19 82
92 37
33 71
1 87
57 150
68 188
19 187
36 173
1 99
66 145
22 49
98 63
93 163
53 135
17 134
70 52
96 59
91 43
22 62
8 123
46 133
82 120
53 140
49 93
83 155
84 166
42 111
83 128
95 87
41 68
81 36
53 107
78 10
31 195
52 183
18 120
97 163
81 160
68 132
50 67
74 138
9 141
78 187
82 60
15 97
87 144
86 156
40 126
67 68
28 178
94 141
26 89
7 105
82 199
9 48
93 129
95 62
47 141
34 147
15 69
39 77
65 29
33 168
57 198
95 53
30 53
84 146
24 134
91 197
41 129
9 70
61 196
20 147
45 36
32 42
85 165
89 200
76 77
49 192
60 150
98 50
36 94
58 89
87 197
62 78
83 189
53 158
78 94
27 148
2 135
25 130
66 154
19 124
51 148
57 43
48 170
11 145
73 53
91 149
30 51
100 169
37 84
14 135
76 134
9 15
70 140
37 78
9 123
24 191
99 103
42 75
45 125
45 18
79 29
9 54
24 197
67 147
51 22
13 80
64 54
85 56
87 149
96 130
16 158
17 161
46 171
65 88
15 140
1 182
50 189
5 164
85 147
8 153
31 153
55 163
48 27
66 134
94 165
100 117
18 165
22 148
28 145
85 31
49 72
53 16
84 197
15 63
13 92
3 51
39 16
84 31
51 41
29 84
82 132
67 41
30 79
41 41
70 162
13 97
86 46
70 126
100 155
11 107
17 146
5 82
24 13
20 122
89 198
43 129
25 191
31 40
9 164
33 174
19 118
84 127
2 78
15 152
47 108
52 115
77 113
22 142
15 30
10 45
44 149
