700
24986
9 43
61 88
3 22
89 101
45 69
49 100
67 113
96 150
76 55
57 37
22 92
36 143
33 73
37 22
9 144
8 180
58 142
86 56
77 43
82 130
55 121
10 75
69 116
94 82
49 96
11 86
67 148
86 65
51 63
98 170
98 122
54 184
87 153
31 35
94 61
49 152
95 95
50 113
75 71
55 40
45 72
2 153
50 63
15 17
10 156
27 23
36 88
59 29
56 177
18 189
41 39
9 62
34 13
57 91
23 157
84 66
97 62
5 11
81 139
60 130
10 50
83 165
48 38
32 96
34 49
12 199
34 92
82 86
100 153
55 82
1 176
92 196
22 54
8 33
74 61
95 77
29 45
21 28
47 108
86 102
16 95
36 84
95 114
13 176
21 83
49 13
4 165
30 83
20 48
69 51
1 148
30 173
83 58
68 131
92 12
25 198
89 129
56 88
45 99
92 52
53 63
3 32
78 103
92 167
60 172
83 196
98 97
21 103
3 102
62 119
78 89
25 23
84 43
73 97
77 95
31 180
77 143
91 152
93 137
26 70
68 137
85 167
61 78
70 169
3 31
94 133
67 69
43 197
71 160
8 33
54 86
44 158
96 111
98 31
14 93
18 55
92 41
53 94
4 100
45 168
67 181
10 68
46 21
30 42
54 117
85 166
71 95
69 124
81 178
88 121
99 84
83 102
80 128
52 43
1 195
82 28
30 136
25 68
39 158
69 38
97 200
1 103
54 196
7 153
35 43
18 98
88 10
22 127
28 182
85 137
91 200
7 174
74 104
85 57
27 163
14 126
53 56
10 183
22 186
1 195
1 28
25 187
26 163
98 119
47 161
74 94
67 186
40 18
14 34
53 123
41 43
62 68
30 40
79 22
79 120
22 95
78 13
55 147
71 156
72 80
90 88
49 148
31 90
27 13
12 200
37 123
53 112
14 54
51 143
61 32
78 115
6 168
97 75
68 198
47 90
53 75
8 43
77 35
32 183
45 92
68 102
36 146
39 27
83 110
55 23
46 95
10 79
94 120
94 55
79 178
70 49
19 83
63 158
91 149
61 173
35 160
48 163
43 12
46 14
80 137
94 48
27 60
63 25
21 62
46 73
87 76
20 124
39 146
64 160
57 170
47 103
16 21
83 32
50 194
24 180
49 99
71 12
39 73
8 137
12 63
5 168
26 126
99 94
76 141
72 50
43 60
91 68
18 17
3 61
24 57
67 113
90 65
68 199
17 59
62 75
24 69
93 115
12 175
17 11
95 22
18 142
37 61
15 196
2 154
53 152
74 193
19 195
12 20
18 117
26 172
67 132
95 87
98 81
13 145
77 73
31 84
91 140
48 194
42 35
97 126
36 59
93 174
89 149
93 106
77 152
14 25
47 110
39 156
27 132
7 152
83 60
86 161
43 54
67 102
89 101
20 123
36 117
96 10
27 57
60 63
22 133
29 34
92 38
53 18
63 194
74 180
47 153
76 178
64 160
16 99
4 160
23 42
74 184
24 72
8 147
73 49
61 53
66 197
11 144
65 94
79 195
69 186
21 179
100 32
71 114
39 94
98 59
15 74
36 139
49 158
89 181
44 84
67 177
73 36
10 185
90 67
55 98
29 146
23 40
71 55
66 180
3 103
29 149
7 63
47 142
45 63
62 99
40 117
24 64
92 182
45 127
36 106
50 108
60 135
97 99
64 39
12 72
26 152
91 65
47 47
6 150
63 61
80 73
34 51
94 31
57 151
96 187
14 73
82 195
66 170
59 82
24 188
76 106
17 58
37 139
65 154
65 140
62 27
87 89
41 198
98 197
22 51
21 132
98 41
60 184
51 82
78 26
94 52
92 163
51 132
18 33
8 151
82 175
53 187
16 98
94 166
23 59
55 16
27 22
86 127
21 110
61 106
47 137
4 154
85 185
45 32
54 13
94 58
7 27
100 133
93 70
8 85
28 29
55 133
18 34
18 113
24 175
5 165
86 10
70 82
21 16
79 69
22 189
52 41
42 167
24 27
1 42
87 75
97 80
38 187
66 10
86 100
51 30
13 59
35 13
71 12
20 21
10 95
74 117
75 30
41 22
76 84
65 77
17 142
77 160
45 101
59 178
12 176
54 140
73 72
82 119
26 60
85 81
35 78
68 183
63 146
82 87
3 132
85 19
1 38
61 187
21 193
65 78
8 175
20 170
8 189
76 142
41 188
3 135
48 160
43 100
90 89
72 149
91 130
93 111
81 114
67 107
12 14
81 188
5 171
80 42
26 112
77 92
74 37
59 57
43 122
90 151
41 92
30 32
97 189
59 86
2 46
54 96
36 79
96 28
75 90
31 103
11 183
96 20
61 84
24 123
14 48
75 103
82 85
5 93
54 23
21 60
65 77
36 62
76 65
30 119
7 71
7 146
99 42
64 185
54 50
51 41
95 11
63 115
10 30
70 24
76 198
66 97
15 129
33 62
35 91
4 37
87 140
57 38
75 111
94 123
29 163
48 114
9 193
85 79
22 193
46 77
25 127
27 54
26 104
21 13
22 193
73 126
24 46
84 132
72 42
75 152
2 42
65 191
43 30
7 186
63 104
6 40
81 170
41 183
20 143
19 130
4 13
91 73
86 138
77 57
84 182
55 54
17 74
45 176
38 85
49 123
9 120
15 48
82 87
20 113
78 172
72 77
80 118
45 183
84 113
10 159
74 15
63 190
45 12
98 59
13 75
4 59
15 158
39 97
55 66
78 122
87 172
74 195
22 96
17 103
54 135
39 156
13 172
6 179
41 75
40 149
87 17
97 80
99 73
95 71
21 29
75 16
84 110
85 100
41 195
16 36
98 24
56 80
1 95
16 13
27 30
49 75
51 188
55 74
99 65
74 180
100 160
17 107
26 27
92 113
24 115
35 178
24 43
48 143
20 35
76 61
35 15
92 96
29 15
16 158
54 66
98 192
74 97
76 188
69 172
59 77
88 16
82 165
36 149
15 27
74 35
85 84
55 104
65 18
89 171
45 41
71 103
55 36
63 119
60 25
64 134
25 42
7 195
40 170
30 69
82 159
58 190
3 187
67 87
1 47
50 150
92 61
11 29
63 155
54 27
1 144
63 133
87 50
59 122
86 113
38 128
80 102
14 190
43 22
66 95
3 17
33 22
51 20
53 37
