700
24928
82 35
14 155
60 61
81 178
37 31
77 87
65 96
23 138
48 172
65 87
57 56
47 108
81 58
66 43
36 157
79 21
65 139
54 196
17 174
70 181
18 15
63 193
57 145
17 76
50 179
23 109
57 109
29 35
38 21
13 58
98 185
84 113
84 77
89 31
98 98
4 86
63 157
23 199
68 170
95 108
18 35
73 42
56 49
61 182
95 141
54 87
59 108
89 52
74 124
53 123
84 13
51 71
24 181
77 183
54 163
49 124
33 52
45 105
10 171
42 91
20 123
86 89
9 16
64 59
14 126
3 112
78 125
38 106
99 144
96 143
85 134
38 98
70 79
7 199
80 156
36 157
51 15
78 130
72 70
78 16
72 164
56 47
60 112
31 13
46 75
92 95
50 111
10 30
59 158
1 199
100 33
69 14
76 96
37 85
63 157
12 192
56 173
79 45
38 184
5 123
88 33
19 71
19 139
60 48
100 183
40 69
73 106
25 51
17 77
6 47
23 162
26 61
37 145
67 25
49 193
30 142
38 100
28 104
20 183
77 164
58 196
38 87
39 140
91 50
68 196
39 12
98 191
53 86
97 59
78 166
55 163
35 155
14 29
37 113
78 23
36 186
14 67
2 137
64 198
6 180
37 111
23 82
98 72
41 61
31 199
49 100
90 19
11 24
73 164
50 158
59 14
70 64
93 187
47 59
11 155
65 72
46 57
69 129
97 151
28 49
75 50
71 163
10 154
73 156
38 102
96 24
88 119
90 186
52 23
82 20
23 93
21 64
35 189
46 177
18 22
65 165
5 70
52 47
85 59
63 104
40 163
14 128
62 182
91 13
44 171
19 38
91 156
36 135
21 90
92 47
51 80
65 83
42 125
29 84
95 80
21 54
54 19
55 32
36 13
96 102
36 162
49 98
38 125
45 60
60 91
62 107
62 60
12 75
33 42
72 116
69 90
92 150
57 136
39 199
20 131
91 177
15 153
37 187
85 168
60 122
69 77
57 137
38 11
79 41
51 69
38 50
32 145
98 33
69 185
17 199
29 25
3 10
39 92
98 151
27 183
83 172
46 115
90 57
12 166
23 83
56 200
23 98
89 151
50 32
22 74
99 164
55 144
60 176
75 89
80 46
100 110
67 14
54 90
27 117
34 196
86 18
79 188
46 22
22 181
26 95
11 50
82 26
89 55
94 78
87 175
27 129
59 174
84 54
99 18
71 83
20 26
56 54
69 121
49 170
21 191
84 172
76 172
45 97
65 133
39 40
12 117
62 187
36 190
39 15
78 133
26 171
44 40
57 28
64 170
24 182
24 186
46 57
60 195
39 199
61 13
58 110
79 153
34 31
18 140
88 23
13 114
86 24
10 181
88 179
22 140
48 55
3 166
13 124
2 162
50 126
7 177
68 59
21 64
94 107
3 187
14 147
58 13
21 15
64 142
86 112
73 86
60 30
46 151
53 163
6 68
63 193
62 108
97 98
32 117
37 10
77 51
92 199
3 117
86 15
93 183
53 55
44 181
30 153
96 169
22 77
42 40
80 58
95 168
41 122
12 156
67 178
64 124
20 94
28 31
18 108
60 176
89 113
91 102
79 200
77 126
56 24
29 166
55 114
35 28
50 53
59 184
28 151
5 23
42 86
75 142
63 105
19 31
1 104
6 164
93 34
76 39
93 106
43 72
83 200
26 67
7 45
47 48
63 10
4 37
30 40
61 189
91 52
79 75
21 63
40 54
81 125
28 136
70 97
8 59
96 113
47 86
49 73
60 35
39 101
1 10
59 103
7 32
37 112
42 136
83 177
91 78
31 41
38 171
50 46
22 83
19 123
38 27
75 145
99 200
93 115
20 164
43 31
19 14
32 94
82 110
27 57
15 17
9 138
12 150
23 150
51 94
33 34
98 120
95 86
50 24
48 88
41 120
71 108
68 70
67 92
17 185
56 114
100 101
59 80
36 67
37 177
67 134
96 156
81 169
65 142
34 52
54 178
41 48
90 146
34 158
30 187
2 66
12 168
58 171
42 186
43 100
99 61
52 83
79 69
65 162
64 11
3 46
95 75
66 21
93 75
51 13
93 104
24 151
21 162
85 195
73 164
45 198
15 48
48 101
46 53
22 37
63 19
26 64
18 51
70 157
64 146
4 24
68 58
25 180
39 24
41 123
9 116
54 132
94 105
72 155
56 121
62 192
28 165
24 168
35 111
84 114
13 49
39 98
1 198
11 22
81 101
96 130
24 63
49 80
89 26
70 58
16 194
72 192
18 160
89 179
41 28
52 131
76 123
19 34
52 94
3 35
47 164
89 15
36 20
52 146
8 134
49 109
43 169
33 139
16 190
51 168
9 150
98 86
11 151
91 172
6 83
66 137
25 140
64 131
26 137
45 37
56 17
36 147
89 167
36 39
57 17
36 48
98 28
63 111
40 52
11 116
63 162
84 160
1 179
15 137
6 36
89 147
54 141
24 166
65 113
66 118
87 125
69 73
42 117
66 170
6 63
59 22
70 172
12 58
37 143
3 43
83 127
88 139
82 159
42 104
33 61
93 92
21 67
66 74
46 151
36 39
71 154
32 154
29 13
71 68
63 162
90 26
60 24
61 68
99 111
5 45
97 42
30 142
32 191
68 169
67 15
77 178
22 77
20 136
41 194
26 151
30 40
39 70
46 83
50 151
97 23
98 173
64 91
96 86
35 184
72 13
5 152
95 129
25 164
53 104
33 118
4 145
85 97
35 85
2 42
35 25
22 113
41 183
98 171
43 68
6 47
4 107
73 84
59 98
83 103
43 25
16 146
91 162
4 108
65 39
89 12
1 91
27 160
74 160
47 87
99 194
96 169
78 109
77 93
28 66
47 168
88 152
33 60
73 160
39 58
32 10
54 110
93 47
4 50
36 151
68 63
61 173
77 16
7 161
78 54
7 171
28 53
77 32
29 146
60 141
33 141
16 45
18 141
29 85
36 64
64 60
14 165
12 188
88 127
97 177
71 100
76 152
58 157
49 166
16 34
46 108
52 84
71 133
11 24
8 44
37 40
76 153
31 188
89 52
7 47
95 42
28 155
39 58
59 88
62 135
65 141
55 62
72 16
75 185
95 83
69 70
7 198
83 157
8 118
72 175
26 135
16 68
73 156
54 23
58 199
