700
24686
67 164
53 60
73 183
42 10
60 44
82 158
2 109
32 57
55 32
45 15
20 37
38 151
28 116
42 83
78 31
71 113
64 113
21 139
35 96
51 90
79 34
77 196
59 140
21 53
12 134
93 73
23 28
71 168
93 198
73 118
40 20
42 87
52 110
49 168
6 81
3 151
22 158
36 65
49 88
41 184
64 161
27 199
22 71
31 68
19 33
68 22
52 186
38 96
29 152
68 46
18 130
8 128
26 26
31 39
26 61
26 86
44 74
80 142
69 196
61 153
66 68
67 156
64 184
91 48
71 82
33 109
11 75
19 163
67 122
65 183
75 87
67 116
13 72
63 169
39 24
18 162
99 25
12 75
98 188
33 157
58 86
55 16
30 138
48 97
21 73
70 58
29 189
79 13
52 195
27 38
82 129
28 35
48 164
54 194
54 119
96 76
79 97
52 35
87 161
34 102
95 152
1 181
17 39
80 146
60 36
69 46
69 27
22 138
62 85
78 105
69 28
36 81
97 126
81 55
58 108
7 41
56 188
47 186
98 174
36 81
30 180
41 32
89 155
99 78
80 155
84 135
93 175
59 15
87 65
76 46
41 198
7 148
15 176
40 78
38 111
19 121
30 120
95 77
47 93
61 27
91 97
71 128
17 158
73 102
36 34
73 152
51 11
7 65
19 24
86 94
66 142
31 179
67 195
31 111
2 200
83 74
20 188
86 120
26 52
46 90
21 17
38 131
79 105
84 153
93 38
90 29
68 15
41 71
54 191
91 66
18 78
55 172
92 17
80 158
99 192
89 71
35 36
82 151
78 110
95 197
99 161
2 41
69 143
85 25
54 56
39 97
51 58
49 23
34 34
13 103
35 114
35 200
8 190
89 162
25 103
7 200
31 143
54 148
54 97
86 125
36 151
2 185
40 86
68 129
49 89
85 94
23 149
56 192
66 80
9 56
4 180
18 103
32 188
31 63
65 196
34 152
5 162
92 11
50 109
21 108
21 193
7 53
42 70
73 195
85 15
88 121
63 53
47 56
62 41
22 10
49 178
80 93
43 39
83 119
4 148
70 90
6 165
92 38
8 19
97 95
90 79
51 183
98 105
10 195
61 85
3 160
79 24
97 82
19 178
82 98
79 157
9 135
48 183
99 13
39 193
70 24
37 14
14 186
6 170
58 13
83 117
6 97
18 156
55 54
22 172
41 166
84 140
20 65
75 18
88 92
78 146
39 49
52 26
72 31
64 150
13 104
22 123
22 146
72 153
55 176
53 69
72 139
99 49
52 176
29 124
28 197
34 96
18 115
51 118
96 100
85 80
57 61
100 82
84 57
71 92
92 28
42 191
1 94
10 137
82 70
68 88
23 194
73 126
95 126
6 147
8 66
92 123
22 77
58 44
86 127
44 19
61 92
28 24
24 140
86 138
97 101
11 72
85 195
33 49
24 84
6 134
77 120
72 10
32 55
4 187
83 59
23 145
97 84
58 64
1 148
69 44
61 161
50 183
21 12
89 44
60 179
57 149
82 104
44 125
50 115
61 12
25 66
45 121
72 160
56 55
54 127
94 89
99 129
1 174
82 118
39 38
81 169
79 67
100 96
18 129
71 134
75 188
75 97
75 179
98 116
3 187
5 186
27 43
66 148
27 122
9 25
45 47
46 55
40 47
59 51
55 189
24 126
28 87
61 160
28 28
12 125
95 19
11 168
39 199
41 77
2 98
50 91
84 34
55 36
85 112
19 133
23 120
20 25
3 85
6 106
23 177
60 41
6 183
47 25
82 131
96 111
45 57
76 170
69 148
31 48
11 80
15 101
62 173
5 121
55 118
100 123
19 62
55 44
29 75
81 64
14 108
90 190
89 47
58 158
73 104
4 111
30 114
31 149
29 137
63 132
41 139
47 125
94 131
41 51
30 58
99 10
29 88
51 10
29 74
54 63
16 82
34 62
76 103
35 38
66 67
25 77
47 77
47 38
9 158
31 81
68 37
18 48
23 28
69 107
1 92
55 56
68 198
15 104
3 38
42 60
37 97
27 171
80 173
67 128
1 173
54 149
39 52
58 111
70 66
75 111
37 29
31 41
6 161
26 162
31 174
41 108
3 166
65 34
56 51
38 122
77 114
64 162
79 117
96 187
42 114
52 169
57 134
46 176
88 168
69 58
80 97
49 196
49 158
15 165
50 73
40 92
27 177
72 109
92 165
71 22
29 79
11 117
38 16
75 136
87 80
49 22
43 41
32 34
57 147
40 60
46 96
15 139
38 80
30 56
39 188
90 28
8 76
99 98
7 105
80 93
35 30
35 108
62 172
50 55
35 103
60 128
45 134
68 110
34 176
43 61
54 111
69 68
7 116
91 72
26 101
97 64
28 64
75 142
37 14
67 169
85 92
19 55
78 135
3 28
10 137
38 80
14 44
80 200
27 173
96 17
95 17
76 198
45 81
82 100
34 39
85 151
30 110
7 198
73 132
32 176
96 62
43 171
42 81
38 65
51 108
51 161
46 125
35 19
29 142
80 60
29 165
52 41
76 45
75 197
26 96
31 177
13 115
43 130
62 95
83 50
14 154
35 185
56 67
66 129
71 111
20 19
51 25
88 96
45 34
18 42
31 149
69 12
58 97
40 173
87 29
11 131
58 132
64 180
52 107
55 184
66 58
50 41
65 154
75 170
28 179
45 79
12 100
71 40
86 34
80 102
62 196
1 111
51 159
11 195
35 23
61 115
76 184
66 84
46 185
81 169
17 88
7 32
9 113
72 92
18 133
98 95
30 150
82 22
93 99
4 195
91 139
92 89
52 169
7 152
98 49
44 135
56 64
28 12
73 118
95 43
38 19
21 161
68 58
6 19
77 133
50 143
31 187
53 84
69 140
35 129
66 102
81 61
70 26
87 175
11 159
18 40
34 30
92 81
33 69
52 41
44 52
35 110
8 125
98 127
26 112
61 136
84 55
66 108
18 72
2 66
44 66
72 99
14 68
57 111
86 80
43 122
95 64
54 121
67 112
32 140
50 91
54 173
30 69
34 158
13 110
63 48
8 66
21 128
64 120
61 70
23 179
93 84
92 134
18 39
75 150
33 59
69 182
91 107
5 95
44 158
75 174
70 132
74 132
78 80
94 65
15 147
80 137
59 69
14 66
81 133
