700
24356
15 110
73 33
3 128
40 126
9 154
95 148
100 82
58 66
44 138
75 191
94 67
43 124
81 194
35 97
12 168
78 169
61 78
20 167
43 151
71 162
4 90
83 122
47 192
4 145
98 172
75 58
9 158
60 34
61 85
64 163
64 110
32 76
44 12
58 50
77 161
28 25
36 45
16 34
21 165
21 175
67 142
33 151
12 183
14 146
17 32
27 97
93 151
9 180
28 173
4 107
27 141
59 146
13 148
90 17
67 154
83 81
31 39
98 138
5 114
5 124
90 91
34 148
60 198
51 197
51 172
41 80
70 196
100 64
46 64
2 54
7 148
57 10
38 82
63 153
31 53
23 132
65 140
84 131
92 52
32 200
96 186
10 87
30 29
81 164
32 15
15 165
27 62
74 116
71 159
18 103
57 12
34 76
89 148
96 131
2 59
97 176
18 86
96 17
28 96
52 96
69 34
6 19
71 99
95 19
5 85
26 43
39 98
15 183
43 46
14 91
28 179
13 72
96 182
55 49
26 173
94 91
50 195
99 154
3 174
13 129
12 18
69 182
13 46
97 120
18 64
46 119
72 54
86 32
52 88
43 77
20 169
50 103
82 28
72 145
74 179
44 152
53 166
21 51
55 111
53 189
50 100
95 63
65 172
90 166
84 158
84 70
32 74
37 126
95 56
65 94
56 64
58 44
22 75
80 166
65 178
94 120
53 119
8 178
25 26
62 122
67 80
44 105
52 58
81 66
70 39
49 17
81 195
2 51
68 74
32 170
29 20
7 139
16 162
25 113
45 35
13 105
79 48
37 179
77 68
38 16
61 101
2 80
47 193
59 141
74 200
75 52
100 74
12 192
96 53
48 137
78 79
2 174
82 38
39 84
2 170
28 84
27 86
41 68
34 143
100 54
20 138
77 138
55 129
51 111
75 45
100 110
44 78
21 19
34 149
40 19
5 188
58 58
68 90
70 78
76 96
69 75
89 70
92 144
78 39
98 45
14 20
15 116
38 54
53 86
55 179
96 109
84 88
66 147
71 168
75 68
54 38
66 141
73 64
3 57
14 80
2 104
69 14
11 183
60 134
35 121
23 77
23 94
95 43
46 36
46 74
36 56
44 49
65 45
9 182
36 74
44 87
50 83
3 55
1 137
45 26
92 11
31 27
91 32
32 94
94 157
90 84
95 131
73 177
17 80
21 73
92 90
44 138
69 116
69 185
76 68
17 170
82 152
60 53
61 198
13 72
34 128
34 139
29 158
47 112
5 102
95 56
50 144
53 19
36 74
75 168
34 168
40 66
7 103
27 22
16 110
11 63
76 181
11 61
86 57
79 109
72 186
49 165
96 28
30 50
39 82
30 159
86 36
99 178
38 10
40 138
43 177
84 179
41 130
18 199
23 163
88 177
5 77
49 104
12 57
25 116
38 161
71 96
90 25
66 68
7 125
31 102
4 175
56 118
22 185
95 89
12 53
99 138
94 38
13 24
100 39
25 57
82 40
64 47
84 151
11 109
6 47
1 98
60 171
93 124
16 73
89 25
44 137
16 57
41 128
61 120
60 171
29 171
21 191
98 62
31 85
86 182
58 56
32 72
84 177
32 10
86 193
53 74
95 174
97 196
53 95
54 93
6 138
89 31
79 165
41 199
66 146
59 53
3 78
20 67
26 143
6 167
98 123
18 88
3 182
94 13
77 192
82 102
39 131
84 81
23 65
96 60
68 135
26 161
41 171
74 193
64 28
20 57
89 114
97 33
2 183
4 110
20 123
34 48
47 78
58 12
83 82
16 32
9 114
61 81
93 159
28 120
16 19
21 29
5 137
70 159
57 37
84 179
18 56
21 170
75 24
91 120
78 116
21 127
52 183
52 81
33 33
33 116
31 54
28 43
73 187
100 154
69 38
69 92
80 150
89 159
16 60
38 13
93 132
74 146
17 95
78 138
24 71
50 84
38 77
42 197
44 49
29 53
83 61
63 32
88 48
69 150
72 65
91 105
56 23
60 109
89 164
62 165
23 193
24 143
84 162
29 66
69 142
99 127
48 46
33 148
71 129
24 48
34 147
21 78
68 24
14 104
4 98
73 168
4 189
70 159
19 38
77 33
47 95
61 44
95 176
66 15
33 57
41 159
36 130
39 139
35 55
69 29
74 83
6 77
38 128
26 60
83 200
23 102
3 122
8 66
70 106
38 97
54 36
13 152
30 115
30 187
52 194
43 71
89 170
97 101
97 113
26 58
26 124
62 126
39 137
91 180
70 178
45 151
48 131
57 91
25 105
14 67
90 72
39 136
57 200
34 168
10 38
38 118
37 176
20 189
18 129
65 127
47 147
46 21
98 199
41 184
56 110
82 22
33 168
2 19
26 129
93 82
46 13
22 109
7 52
11 115
18 190
14 26
9 105
64 40
32 165
32 111
17 94
48 126
16 109
77 38
35 123
67 106
53 31
55 150
100 142
55 83
22 88
3 185
90 41
99 195
98 157
59 131
18 18
86 117
20 21
22 132
56 109
30 164
15 116
71 109
56 189
87 180
74 23
21 173
18 81
7 50
62 21
100 45
12 97
80 111
66 39
26 178
61 41
89 31
75 99
74 70
5 119
21 108
68 153
40 126
51 134
87 102
15 40
73 138
42 26
57 191
56 171
90 108
80 200
66 60
67 51
62 133
9 66
6 110
19 164
62 173
15 13
26 75
100 74
64 156
57 120
38 118
26 63
99 108
86 104
74 37
16 163
24 45
17 84
36 151
48 99
100 188
99 116
60 176
43 92
51 76
55 93
63 11
43 66
60 34
63 131
25 84
55 144
50 65
54 13
57 123
57 73
24 142
64 99
97 56
17 91
67 60
89 141
43 194
5 93
42 62
18 32
26 90
100 150
14 138
13 179
23 27
20 108
58 14
7 22
47 154
96 53
59 98
98 32
85 111
98 175
71 170
59 154
10 35
46 99
71 116
83 150
51 28
64 191
38 120
32 51
16 174
50 67
87 172
11 126
38 28
50 136
26 92
20 123
54 178
22 128
19 186
85 29
24 102
59 69
11 41
80 154
12 144
26 107
19 107
62 24
18 81
38 11
99 11
62 58
33 45
67 200
86 65
47 13
96 144
5 27
12 62
71 79
10 127
74 153
63 140
90 91
48 27
98 160
