700
23397
1 88
95 10
66 131
47 70
56 180
96 194
14 139
33 166
36 128
38 41
12 163
85 142
10 143
17 91
70 184
7 68
33 32
73 39
67 139
38 105
35 68
65 21
87 45
48 90
21 81
6 15
90 32
23 42
100 172
5 155
77 102
97 50
78 129
42 193
32 198
12 190
51 184
20 161
29 177
92 168
9 40
87 55
31 129
88 90
64 72
32 178
48 145
44 132
45 76
80 58
4 127
9 68
5 103
10 122
12 123
62 161
93 162
14 85
82 116
2 39
40 71
4 115
73 107
44 136
47 87
43 38
51 182
72 40
20 39
48 106
18 139
44 165
35 52
72 165
93 29
10 69
33 28
1 44
32 32
97 98
79 77
75 128
28 129
8 92
99 169
31 88
67 20
55 117
73 72
9 60
17 117
55 183
44 164
72 26
82 101
57 193
24 146
84 16
67 173
38 50
89 40
80 174
20 130
56 68
99 167
43 21
49 96
81 93
30 22
95 129
45 44
62 134
68 168
40 85
32 174
10 98
100 51
74 48
25 78
73 174
59 138
16 193
70 180
8 105
44 124
43 170
71 73
13 68
42 103
42 114
13 131
9 33
31 166
11 78
44 118
87 114
15 116
38 86
33 178
41 15
7 138
5 23
97 196
35 169
68 176
14 23
73 118
20 32
45 133
56 172
20 21
34 144
31 184
85 122
58 196
52 139
56 126
19 193
83 95
82 12
45 60
57 40
41 145
94 150
57 166
20 103
30 84
72 42
15 199
83 178
65 155
87 170
26 17
61 104
43 56
29 87
20 33
36 44
61 33
60 184
71 88
22 68
75 186
67 71
94 107
50 18
15 153
57 169
10 67
45 94
51 177
4 31
14 186
30 49
77 182
52 191
26 80
86 45
53 32
32 34
44 65
22 164
92 30
48 145
49 106
76 158
53 54
13 154
31 58
2 57
81 62
72 18
92 84
19 141
69 116
90 145
45 112
29 62
91 152
13 51
7 168
20 115
37 174
95 56
14 166
48 98
98 65
66 65
80 43
24 123
38 48
3 184
97 25
71 134
48 66
86 88
64 87
18 149
21 169
79 163
89 129
53 12
33 141
49 113
99 138
97 133
12 83
4 93
61 51
34 162
74 88
83 87
4 99
28 102
96 112
71 157
62 22
32 194
45 71
29 138
17 139
53 13
8 21
4 189
63 124
1 40
38 198
18 154
21 31
4 90
86 189
31 142
95 56
82 168
99 146
90 145
87 88
38 193
58 159
11 144
17 135
16 96
43 142
1 13
15 61
100 67
66 188
100 37
32 32
8 27
41 54
68 89
67 104
78 44
56 183
12 61
13 24
37 155
56 82
68 185
8 71
20 140
89 19
1 171
21 192
72 89
40 83
86 147
4 179
3 86
37 115
68 135
28 171
35 89
38 177
77 140
49 191
88 23
83 56
88 112
70 119
7 177
61 141
86 114
15 45
10 138
40 159
78 111
98 73
92 51
15 129
41 15
43 122
65 190
47 36
87 39
100 179
58 160
8 146
19 117
29 183
10 168
13 114
53 190
13 187
44 102
60 139
35 59
63 28
82 72
20 60
70 145
45 58
88 125
97 139
29 68
31 45
2 147
1 171
57 27
78 145
17 98
10 118
25 16
91 30
25 56
54 157
22 109
32 34
10 95
93 49
97 46
66 79
38 118
68 130
63 113
88 144
13 114
96 115
80 63
42 112
35 142
53 41
47 35
20 108
85 129
76 135
82 190
40 20
13 36
13 191
69 111
78 40
86 163
7 141
10 153
11 155
62 112
14 101
62 120
18 143
45 171
87 127
11 182
79 28
49 200
11 171
35 157
81 82
69 85
68 67
78 143
10 12
26 171
47 101
35 79
52 166
82 89
83 190
84 150
3 190
98 121
52 95
81 62
64 130
95 59
52 67
43 55
25 85
39 55
86 75
4 146
23 145
62 26
81 199
12 13
35 200
42 87
8 171
95 136
72 118
62 142
4 178
75 168
61 32
37 131
75 72
45 135
11 114
8 188
17 82
76 60
37 72
19 12
91 48
18 118
48 148
94 51
6 17
1 84
12 79
63 12
63 181
21 63
61 167
3 174
80 187
21 157
82 77
29 30
44 117
28 100
64 116
55 62
42 108
29 121
13 87
67 117
55 184
81 172
29 24
65 41
73 46
65 191
47 190
86 92
23 189
99 132
19 112
42 70
12 114
91 151
24 68
56 170
79 52
34 33
2 192
40 137
45 26
55 98
50 93
35 163
6 35
72 107
66 162
45 130
48 12
75 185
91 173
59 83
15 63
74 102
73 25
71 194
46 42
21 168
94 24
21 178
3 157
90 38
91 166
84 123
75 92
74 124
37 44
46 59
29 65
95 69
6 46
82 54
62 197
90 175
75 81
26 40
88 27
45 48
18 139
4 140
70 74
13 117
36 105
59 25
81 60
32 40
41 30
37 34
62 20
93 120
79 192
46 132
24 199
94 175
84 75
58 176
77 102
13 78
14 119
95 196
26 129
10 37
90 199
15 58
35 197
35 180
51 53
56 144
27 157
86 85
25 107
42 163
10 97
16 196
33 74
2 12
95 156
16 43
84 87
63 148
33 41
54 163
57 116
97 150
8 39
57 124
33 110
21 81
14 33
53 30
2 48
36 124
74 34
73 85
3 134
59 69
3 123
43 97
7 75
52 182
61 11
32 183
28 162
4 20
21 93
73 120
71 108
15 71
51 52
46 87
56 195
61 135
34 71
67 115
78 108
61 137
30 77
3 84
6 72
10 132
54 34
16 95
52 149
46 149
74 48
37 162
45 194
57 25
82 197
38 142
1 193
6 109
14 19
10 77
91 150
85 150
34 152
46 47
22 147
50 128
64 78
27 85
83 178
5 103
15 195
83 29
45 82
42 83
61 158
94 188
68 80
13 134
28 117
26 126
59 159
44 53
50 36
98 165
95 42
82 162
35 147
74 64
55 22
5 57
99 148
62 48
22 192
69 30
6 173
60 160
50 170
44 182
54 40
2 155
64 173
4 111
25 121
55 199
5 26
52 108
44 109
12 65
53 68
78 52
38 13
63 159
38 57
7 154
98 141
16 128
74 43
75 187
62 171
16 43
96 97
86 111
57 183
86 23
7 116
2 92
93 23
14 89
