700
23801
89 81
73 34
13 112
80 135
8 43
18 196
32 81
29 166
67 46
85 74
64 61
80 106
49 48
64 187
4 115
71 137
81 191
61 157
97 89
35 186
96 37
16 112
11 136
45 103
15 98
69 21
15 177
31 188
34 152
24 99
63 15
46 154
16 127
59 107
76 144
36 117
24 18
43 14
90 54
11 118
22 187
8 93
42 111
24 117
78 185
52 65
85 137
51 75
71 16
68 134
55 56
59 166
27 161
56 32
47 33
49 148
90 67
27 162
62 67
77 161
30 66
80 76
97 126
7 170
62 17
65 126
29 117
95 194
91 194
77 177
74 136
45 87
16 17
77 50
97 120
33 57
76 72
100 77
32 187
79 61
83 77
86 22
82 137
14 138
60 190
4 154
94 176
35 84
13 112
67 51
32 56
91 186
43 58
94 33
43 140
89 83
62 175
63 180
69 52
16 110
5 60
25 13
41 180
15 28
68 33
60 132
100 96
35 144
7 99
9 149
14 59
98 167
93 12
49 105
63 114
100 52
36 119
7 35
52 170
49 48
98 82
96 10
43 107
10 163
66 157
2 159
96 90
3 161
74 131
96 183
88 15
22 172
86 167
75 131
19 136
19 199
46 53
82 197
89 86
11 122
2 24
32 98
32 128
93 148
23 188
21 57
12 79
63 177
29 35
63 185
53 112
57 12
68 79
3 104
8 85
14 65
16 12
22 149
27 16
28 106
1 195
23 15
26 41
91 53
81 155
62 109
5 41
24 94
65 92
3 169
96 63
13 32
52 10
63 60
88 169
74 142
15 48
97 158
85 95
41 18
21 174
37 71
9 134
71 164
10 118
91 85
21 146
10 61
85 51
1 124
17 49
58 62
27 121
85 101
39 98
69 120
3 69
46 57
74 66
44 83
11 138
12 101
6 46
5 73
15 198
50 196
80 127
84 87
39 147
35 82
17 88
44 147
92 64
13 180
93 185
79 191
69 18
40 142
77 26
39 119
10 28
97 84
13 156
70 151
88 112
95 124
6 104
4 141
81 199
21 125
19 40
37 53
85 159
49 92
35 82
37 130
60 122
34 74
21 177
37 139
18 22
9 23
82 174
50 75
39 16
55 115
38 57
21 138
49 106
92 181
13 91
5 30
80 84
77 163
8 126
26 56
59 148
56 76
43 182
9 136
42 16
51 53
19 162
41 196
79 171
60 64
36 83
31 113
25 94
14 186
92 67
72 179
84 136
88 144
81 83
31 175
25 173
11 182
65 20
69 172
51 63
61 97
79 150
31 63
57 149
42 175
59 180
92 177
73 136
6 24
63 200
53 134
23 17
21 116
26 42
22 125
70 150
63 159
28 90
5 154
10 147
33 89
4 33
42 138
55 29
42 79
52 146
2 31
41 183
28 154
33 183
51 193
35 105
68 103
28 30
40 132
28 153
82 157
9 93
84 164
60 97
79 111
39 117
67 161
98 174
24 198
79 87
52 137
46 189
48 36
51 17
16 88
85 170
94 19
1 42
20 172
41 169
69 15
8 50
98 79
7 68
96 190
22 81
85 77
3 111
6 143
35 14
63 160
81 88
49 199
54 91
39 165
14 27
100 32
12 194
86 99
35 164
68 64
45 66
13 44
50 132
4 128
51 13
25 125
30 98
1 81
75 49
33 129
68 199
53 91
95 120
69 47
88 180
22 75
28 36
49 152
7 140
19 125
39 171
68 111
6 130
61 132
21 69
16 32
86 183
6 91
9 101
10 147
82 15
7 62
83 13
25 153
53 12
61 78
76 106
95 48
98 146
16 51
15 92
22 10
38 118
38 45
84 163
10 117
38 64
23 45
95 80
67 194
88 38
19 197
9 125
15 61
17 29
26 23
80 12
10 91
95 81
78 196
94 173
90 12
67 43
100 148
33 34
97 187
53 162
69 93
16 89
6 165
5 131
55 186
78 73
29 101
2 153
40 51
77 81
7 41
70 40
45 124
63 75
30 191
32 44
16 117
41 12
39 138
6 86
93 150
74 73
7 60
75 24
17 55
44 44
42 40
36 72
91 117
31 166
8 171
98 36
91 51
51 23
98 36
39 187
97 168
85 142
99 196
66 125
67 81
47 148
15 11
51 158
10 83
50 62
28 199
57 116
83 195
71 150
56 119
20 76
31 65
78 129
49 106
38 10
34 182
42 188
81 120
5 36
23 56
52 84
5 25
29 125
30 182
36 31
45 91
1 187
24 10
39 185
20 16
20 181
81 68
98 195
52 60
18 160
84 26
50 99
25 54
23 57
40 192
22 183
92 30
55 123
27 193
86 149
34 47
66 11
61 81
9 74
89 148
47 57
61 97
66 198
38 160
57 118
75 82
1 129
42 68
68 165
87 51
72 123
81 53
91 62
77 128
52 171
32 76
27 57
76 61
61 138
42 91
66 84
64 162
67 186
41 38
88 99
17 34
14 42
37 130
25 124
1 115
46 188
97 164
92 193
58 16
36 123
5 19
58 146
76 62
87 114
25 161
78 28
91 46
19 59
53 178
23 124
80 60
58 181
6 63
19 186
51 22
38 140
76 183
57 95
26 19
27 91
46 186
24 27
30 49
38 111
55 130
9 187
89 171
11 89
96 161
64 35
31 31
29 65
36 109
96 182
40 66
98 69
17 119
46 72
11 21
10 103
5 193
75 128
83 39
33 198
45 58
16 165
81 196
69 50
38 175
90 137
50 100
82 125
1 190
72 144
71 152
46 45
82 33
5 18
89 87
17 146
83 119
38 77
75 116
55 145
90 68
69 48
55 161
79 150
97 109
2 27
32 31
91 42
28 68
59 168
99 24
19 192
31 102
37 189
15 180
78 10
20 168
88 158
1 52
22 143
88 39
47 61
20 158
30 46
1 189
84 88
5 139
59 73
12 97
16 76
89 129
34 161
89 18
85 52
38 124
27 44
87 103
52 50
10 158
73 26
3 13
86 122
35 166
73 125
90 68
47 85
70 91
52 49
86 89
39 187
93 70
7 160
29 71
94 75
57 90
86 101
11 181
18 134
27 37
58 185
89 180
39 129
38 182
81 160
68 71
56 142
11 28
16 187
77 72
67 53
61 170
99 137
81 45
46 111
6 116
75 182
37 106
22 124
52 90
91 194
86 72
60 175
26 72
64 158
68 144
