700
24601
15 154
76 101
28 110
8 100
55 180
34 10
12 176
40 20
42 72
45 87
49 113
28 174
27 68
54 186
86 126
18 140
14 195
95 82
11 86
79 66
16 16
50 12
43 81
92 197
87 152
77 41
33 36
60 158
41 18
34 138
72 187
95 72
93 131
92 19
79 164
42 178
31 125
9 37
64 109
84 58
82 94
23 33
68 68
46 52
57 66
62 183
29 154
99 156
34 21
31 31
61 116
91 19
77 18
75 170
9 39
27 174
19 32
42 65
29 69
9 91
10 140
14 32
27 27
24 52
56 50
46 54
11 23
48 93
7 195
9 56
57 85
81 42
20 43
79 77
94 189
98 70
57 16
34 189
18 190
27 92
89 23
71 103
95 85
13 95
51 135
48 118
9 188
24 58
23 184
73 16
24 57
24 131
19 198
66 80
52 138
72 186
38 64
94 71
43 74
56 31
65 88
59 153
3 30
43 153
88 68
16 64
60 142
86 42
7 163
1 81
50 82
20 20
94 140
72 121
32 52
26 76
87 83
30 151
13 45
85 147
68 161
96 157
52 37
8 133
78 164
72 115
97 147
11 72
30 10
80 35
43 153
96 29
54 71
45 21
90 87
27 14
3 135
2 59
98 50
67 154
62 18
66 43
88 159
80 102
48 105
18 116
33 100
24 178
18 149
90 13
85 53
3 154
74 92
9 56
29 103
42 173
33 120
91 52
85 80
65 170
14 165
47 93
96 80
56 51
19 191
42 40
2 78
57 39
83 172
17 105
89 32
38 151
49 10
53 175
48 78
54 90
34 130
93 146
33 23
34 100
61 142
93 88
55 198
46 110
92 180
85 183
68 57
42 41
29 122
85 183
59 99
22 78
27 139
72 135
2 40
62 118
48 100
59 96
42 159
71 153
89 69
11 37
34 169
52 87
4 133
96 140
20 23
8 16
36 102
82 173
96 29
61 31
21 100
15 154
17 26
64 151
9 62
3 132
11 73
31 116
7 110
63 182
61 95
78 112
38 100
25 171
85 64
87 90
50 77
22 179
96 184
92 94
89 109
3 104
58 142
49 181
30 167
45 199
1 25
32 169
89 172
90 166
94 141
50 182
35 96
80 95
46 31
27 176
75 120
1 118
95 69
37 192
24 58
46 71
34 87
99 63
66 151
59 173
43 130
78 85
55 191
70 67
15 75
26 136
54 110
96 113
29 56
26 139
73 138
95 195
62 112
67 163
52 51
91 73
17 40
89 168
32 89
25 91
45 48
82 123
56 167
56 51
33 79
17 65
95 170
70 82
50 108
11 101
10 117
15 165
10 115
13 170
38 74
86 18
23 44
82 147
67 140
19 146
11 169
17 56
34 64
47 107
37 110
55 154
4 75
4 27
95 89
19 156
21 12
90 87
17 163
37 94
16 99
90 188
30 101
12 174
65 178
98 189
61 126
21 16
9 164
62 160
56 184
85 106
71 92
44 164
51 106
20 34
71 140
91 183
34 100
10 27
99 127
93 87
41 75
22 193
67 22
88 19
60 123
82 163
4 107
29 74
61 158
72 156
16 200
95 99
18 189
16 185
100 199
72 71
77 18
48 21
31 116
55 160
94 77
2 91
96 72
88 155
95 12
21 33
31 161
17 149
96 178
81 187
95 133
15 152
5 190
78 15
55 78
67 17
25 195
89 148
18 149
50 44
91 132
68 184
47 166
93 185
17 200
79 106
8 127
77 69
66 169
98 90
77 157
25 183
35 163
25 27
32 181
32 177
99 192
83 107
24 76
5 16
84 170
60 40
73 162
26 126
40 149
44 12
42 140
77 117
85 24
13 166
91 69
80 172
82 45
72 135
81 86
9 168
20 173
31 113
83 21
43 106
83 200
46 99
21 62
81 168
46 61
18 170
91 133
88 119
62 72
48 144
60 111
2 134
28 157
14 118
14 120
25 194
33 104
5 161
65 107
40 178
54 34
5 179
34 36
53 97
42 50
79 178
49 132
83 121
9 175
31 45
77 158
56 163
22 43
59 14
65 185
57 102
46 167
32 108
37 163
14 110
75 62
41 20
20 80
68 92
70 119
63 70
60 108
75 175
55 142
92 144
40 45
62 74
12 134
43 113
56 32
22 161
8 130
40 110
46 107
93 21
86 198
42 86
88 182
11 54
92 105
30 131
29 18
62 12
26 185
12 80
57 136
93 168
75 161
46 81
22 198
65 106
62 142
13 36
73 68
19 168
2 185
79 85
16 193
55 189
94 83
95 145
97 30
99 22
65 151
96 155
62 182
12 105
38 105
30 164
85 17
79 200
19 145
47 27
57 37
73 198
87 174
24 50
61 48
34 66
33 130
3 161
12 29
72 157
97 101
23 165
14 52
4 113
63 130
14 191
42 71
87 41
87 88
14 94
96 38
21 176
94 162
39 89
30 163
87 138
23 191
93 158
50 67
1 150
75 104
81 34
54 170
42 168
13 129
14 168
10 186
97 30
57 101
26 159
82 161
31 140
51 152
87 178
52 158
45 154
6 43
71 64
68 117
53 21
67 120
61 185
73 196
35 91
40 160
94 139
9 133
44 51
78 83
2 156
45 121
8 30
27 38
4 98
44 20
33 111
58 169
89 126
67 189
46 134
28 86
54 99
8 106
9 58
59 126
53 128
95 133
2 100
92 199
28 148
65 123
77 114
48 33
40 148
49 140
15 22
11 107
31 14
86 189
17 72
61 157
85 182
13 33
70 116
17 84
26 16
58 97
82 123
69 23
21 101
68 75
23 129
62 105
19 51
21 66
94 70
15 121
52 54
45 165
94 77
18 32
71 187
73 14
29 13
69 121
73 85
79 152
98 190
98 174
94 85
4 40
3 126
10 150
22 172
88 58
60 82
62 108
65 101
39 40
84 56
26 76
81 16
26 160
51 87
84 173
45 89
91 74
10 18
95 180
67 74
83 197
26 84
78 188
20 195
74 95
79 34
92 185
92 45
17 51
49 18
17 85
67 133
19 178
38 55
25 108
70 176
47 100
54 200
82 148
31 182
82 134
1 173
7 188
90 188
59 76
61 130
46 141
69 113
51 141
61 144
6 26
17 141
74 58
48 166
57 37
82 148
91 19
67 184
38 190
57 28
2 49
51 87
85 30
51 50
74 36
6 72
89 40
11 44
