700
24386
71 19
51 79
79 38
87 36
1 78
69 140
35 102
60 159
61 98
10 48
80 64
49 132
29 64
67 45
83 93
12 171
3 114
31 79
1 199
50 120
41 87
8 116
94 145
17 114
62 60
58 76
52 174
6 166
9 11
58 87
99 109
54 59
86 108
49 188
83 87
63 137
32 166
79 52
59 95
4 40
2 39
81 137
24 91
9 23
21 192
69 34
1 110
76 199
14 36
34 147
84 28
89 198
53 194
60 72
55 131
97 62
11 116
40 52
94 179
86 174
85 67
18 50
29 192
8 133
58 94
3 129
54 102
65 123
37 160
26 47
76 66
11 73
50 126
41 169
23 76
95 109
15 191
41 125
9 109
53 168
33 193
93 21
76 117
90 45
24 54
52 69
95 83
42 64
31 198
92 138
6 28
43 195
65 104
90 187
32 98
41 52
33 84
1 106
46 135
35 186
60 72
63 142
72 32
82 119
27 19
71 85
35 147
53 60
24 18
10 78
64 112
83 34
84 166
51 182
65 103
36 86
66 89
5 162
25 72
81 182
30 159
70 95
72 161
42 118
23 107
53 32
46 66
98 21
63 13
71 87
64 42
9 54
33 35
62 77
18 59
2 63
96 15
59 173
99 151
40 16
97 169
72 60
23 28
51 172
37 60
9 190
43 107
47 166
10 97
90 130
8 83
6 162
36 114
23 44
97 60
23 21
45 124
50 34
70 69
60 160
65 52
50 28
48 49
40 151
12 116
5 143
97 142
33 149
98 78
11 199
94 184
84 94
52 125
13 194
46 72
10 54
22 81
72 170
53 86
73 65
10 142
81 34
56 198
25 78
91 175
70 100
38 55
22 185
15 171
75 77
35 155
36 69
92 106
100 129
86 26
53 136
54 183
6 134
52 130
27 25
6 71
85 116
43 24
65 128
20 90
65 148
32 84
24 23
71 150
11 52
61 179
6 65
73 158
44 61
40 74
42 68
74 25
98 49
61 99
13 185
31 177
89 142
99 80
68 146
45 125
27 200
50 146
15 163
7 194
57 74
67 83
64 123
17 31
50 51
23 133
18 36
26 98
77 108
77 35
46 65
82 145
58 187
60 153
15 39
17 168
38 26
31 178
58 122
49 83
83 36
14 137
76 142
45 169
57 66
67 124
64 98
94 82
41 17
57 72
36 84
30 161
95 33
65 101
23 43
57 106
75 155
9 40
67 34
87 132
21 85
58 16
8 154
13 188
23 117
88 38
7 111
55 172
52 78
64 24
100 101
38 37
38 144
42 134
93 105
19 125
15 110
39 55
62 170
37 189
37 114
55 85
95 40
38 154
100 186
39 14
66 24
17 166
38 115
44 19
78 148
34 94
17 29
41 83
45 73
96 25
33 50
81 45
19 28
96 83
62 109
27 72
72 195
16 92
89 31
9 145
61 58
19 65
53 50
77 43
7 127
78 14
93 138
36 178
89 148
73 162
12 151
4 70
60 184
13 31
63 53
29 131
45 141
71 11
83 184
10 141
43 45
81 174
2 104
46 160
27 108
85 93
9 168
77 67
35 82
38 179
72 136
58 62
43 160
26 187
34 31
7 100
68 200
26 128
5 116
70 138
6 34
93 12
79 94
70 148
11 186
72 127
77 130
44 92
88 73
41 109
11 155
34 82
9 77
96 62
21 162
59 148
81 140
52 126
15 160
81 73
8 52
80 153
55 70
89 165
30 89
75 102
33 136
34 133
65 163
30 175
40 52
71 64
28 144
95 85
26 167
48 158
32 93
40 88
1 18
85 132
94 133
35 158
70 118
42 144
69 114
46 33
77 163
89 10
74 40
97 116
6 164
75 56
98 74
16 48
87 108
66 192
37 141
16 18
96 188
89 54
32 182
27 42
14 143
78 169
51 43
61 180
49 182
74 114
36 135
19 87
55 127
40 188
62 151
10 14
33 178
36 189
86 52
23 154
92 59
49 88
22 181
97 123
78 36
60 60
49 61
15 184
70 65
44 185
23 88
3 69
32 181
3 123
2 182
25 118
97 93
68 57
40 197
22 141
36 94
66 59
47 127
24 105
99 21
72 100
94 97
45 28
25 145
23 161
13 176
51 24
92 194
67 79
81 52
39 135
74 14
12 70
27 177
61 177
59 114
26 33
32 190
8 71
27 177
98 192
12 25
5 86
44 184
96 144
1 175
56 152
11 158
93 38
42 96
70 18
89 129
45 42
94 67
13 150
2 128
74 24
56 122
49 163
98 20
87 197
80 14
73 91
91 34
23 103
12 48
2 98
86 134
47 32
61 149
56 90
81 66
13 144
40 117
48 38
46 115
51 77
80 151
8 119
6 168
87 122
18 184
82 108
67 61
61 53
3 121
85 47
50 34
3 135
79 180
24 196
43 107
91 94
90 54
97 155
19 50
66 157
38 125
23 153
2 63
71 142
57 20
93 101
76 132
45 195
64 156
90 122
15 168
47 62
90 151
30 64
54 88
61 92
78 22
29 100
66 35
33 180
51 167
52 26
15 62
84 127
22 158
87 144
16 184
52 110
2 113
61 76
90 16
85 19
35 36
43 25
59 98
28 67
31 25
68 83
57 148
24 86
47 24
2 40
81 141
31 139
57 124
54 178
12 158
66 136
52 72
84 153
53 53
72 101
42 89
76 102
49 104
76 139
44 11
94 41
24 100
2 103
48 79
2 127
69 111
8 77
14 37
34 178
2 185
66 142
7 38
52 152
54 37
3 51
41 161
92 124
28 41
22 81
100 51
85 156
100 87
67 51
33 145
8 179
82 82
8 133
59 107
69 63
92 148
85 179
3 144
11 177
88 60
35 33
31 19
99 183
54 55
87 70
68 40
74 150
94 133
34 165
83 61
70 175
16 200
87 109
27 67
33 168
44 59
70 100
26 107
21 115
78 19
46 34
44 65
62 168
87 95
32 184
93 45
88 156
68 154
48 114
42 36
7 45
60 157
31 26
95 79
53 175
12 192
65 193
99 11
15 141
62 148
82 191
31 187
70 199
75 185
71 171
73 109
17 23
3 31
46 74
57 108
95 28
38 17
27 178
28 200
39 178
85 156
64 91
1 169
65 104
16 168
37 80
22 160
68 18
63 128
3 107
2 44
97 34
39 137
60 131
69 48
84 169
76 87
96 33
14 30
