700
26205
76 53
25 15
96 174
58 85
24 91
37 41
81 169
70 94
78 154
80 95
3 112
57 70
88 103
83 75
100 84
85 179
37 40
52 173
94 91
66 105
99 188
63 72
80 181
47 198
20 95
70 92
30 93
54 56
12 58
43 151
74 115
56 98
93 117
54 13
91 185
75 72
56 180
79 59
65 97
56 17
3 26
67 15
3 85
82 192
63 74
27 74
35 73
47 41
99 40
82 131
34 153
84 200
39 132
1 19
75 132
48 144
65 182
16 34
98 129
97 57
40 102
61 124
46 103
32 14
35 44
32 162
33 13
62 166
45 27
20 81
23 11
50 53
16 121
94 150
43 88
15 174
63 123
4 143
64 24
100 77
27 175
49 70
14 173
31 71
2 140
94 124
83 112
26 158
50 73
60 90
53 186
76 80
79 124
65 48
40 62
55 54
20 157
1 105
99 81
57 136
67 166
59 135
57 179
88 39
32 18
14 30
14 192
27 145
99 13
86 141
26 142
16 45
29 84
70 117
53 155
98 178
71 38
33 25
85 85
32 34
89 200
91 145
62 195
83 175
19 139
22 172
48 136
47 140
46 114
21 29
61 191
42 131
68 77
49 156
42 69
35 145
86 123
59 17
13 16
20 50
64 28
92 115
83 17
78 179
33 34
86 39
76 91
6 158
44 161
76 189
69 152
64 199
1 135
54 133
95 30
37 191
16 30
28 73
7 192
71 45
61 120
17 69
89 131
36 66
28 133
64 169
85 180
50 199
84 161
19 179
23 51
53 58
74 21
86 173
46 32
67 191
33 148
70 97
80 108
55 55
56 181
83 117
46 195
84 10
22 63
85 181
78 192
74 105
90 64
67 172
92 14
82 37
63 81
49 120
83 128
16 192
47 166
86 144
85 87
64 196
79 15
46 175
29 178
92 46
40 43
93 198
30 146
80 29
38 55
71 32
31 87
8 60
27 75
62 32
82 155
68 97
49 23
84 38
62 58
57 11
68 103
91 47
27 107
2 42
23 136
12 98
26 21
60 12
62 176
18 90
35 177
90 96
78 36
85 143
50 133
81 101
65 65
43 197
30 52
68 116
63 126
64 10
78 105
100 111
43 200
47 144
53 160
79 185
6 149
5 81
27 187
13 168
29 24
31 39
27 77
29 195
27 105
63 50
68 192
14 98
80 138
26 192
42 173
61 48
71 66
27 105
7 27
47 100
54 125
49 115
20 162
3 111
39 71
44 88
94 141
61 111
51 63
99 137
30 130
58 12
36 188
70 76
3 96
99 128
95 174
24 45
60 106
56 95
57 116
61 113
27 66
85 136
47 40
97 45
71 197
85 95
81 37
88 179
1 145
20 116
69 147
91 82
87 140
66 195
44 83
32 112
51 41
81 10
89 14
33 52
91 189
50 100
13 34
16 87
19 84
83 21
33 161
77 74
40 186
33 27
80 145
49 157
22 102
63 81
30 169
35 33
17 160
31 108
45 41
14 89
32 32
88 98
92 185
45 138
74 174
68 115
66 103
14 34
4 92
85 116
33 119
67 68
47 178
51 99
88 104
56 98
78 62
61 169
88 175
45 89
38 165
38 122
75 169
45 28
26 188
61 17
33 100
70 89
100 151
37 163
18 67
12 44
30 108
65 175
19 142
23 190
65 180
83 191
88 98
99 102
14 117
41 124
74 36
1 141
7 164
75 39
52 52
78 61
54 135
95 168
39 64
40 87
24 32
84 143
80 181
70 48
48 13
85 69
35 32
96 18
86 114
45 188
100 177
1 146
21 85
97 54
84 116
46 22
83 16
17 65
95 197
5 129
90 152
91 98
21 83
18 73
57 43
57 102
29 13
53 186
19 95
68 124
83 174
65 36
31 61
44 82
63 56
92 20
38 41
25 167
53 61
39 74
36 146
61 48
93 138
95 33
9 103
81 181
97 18
36 116
16 128
100 191
11 100
70 152
55 13
5 170
20 63
8 197
72 150
68 59
89 173
87 131
89 107
81 29
38 141
67 50
43 36
7 39
19 47
4 13
16 65
79 53
29 83
43 46
70 76
36 59
73 75
3 101
91 199
21 89
18 16
39 35
75 135
97 106
61 76
88 189
40 70
66 89
12 48
20 16
45 191
68 99
95 197
80 154
99 102
58 130
78 20
26 39
12 73
53 150
97 173
17 36
29 91
91 97
43 125
82 111
69 46
78 18
2 18
66 97
92 12
96 37
49 58
68 104
63 140
53 13
51 89
71 32
1 153
73 156
2 64
41 134
49 139
71 163
62 40
20 11
3 175
86 24
88 121
56 172
96 128
54 181
39 41
87 151
29 129
20 64
52 145
5 24
93 190
84 196
50 63
100 51
23 61
67 28
54 26
72 81
84 185
56 108
81 122
32 51
63 28
71 112
64 12
94 29
17 29
47 107
54 47
2 13
97 78
77 76
48 137
42 48
24 149
10 124
61 57
62 57
78 25
38 23
53 75
91 68
29 162
2 82
51 26
87 115
77 24
94 14
3 124
37 168
64 120
24 149
78 166
95 138
87 121
10 165
65 24
66 81
55 177
42 89
96 139
68 25
67 90
53 31
36 33
96 20
86 68
93 77
44 189
55 61
83 118
44 162
70 107
46 139
57 60
11 43
82 79
73 59
28 110
91 153
42 168
97 160
8 112
28 29
61 68
35 26
59 185
24 163
14 97
58 15
71 126
22 61
18 197
74 43
64 37
65 154
63 28
40 81
45 36
28 172
60 132
40 181
43 18
8 81
69 61
12 36
50 46
34 163
68 111
97 162
77 192
1 158
86 71
88 170
77 38
27 18
17 184
35 47
15 115
37 149
42 161
63 69
33 103
49 60
18 112
83 48
4 66
20 125
27 53
13 131
82 142
97 168
18 79
80 70
38 119
41 32
91 150
7 166
96 26
69 93
5 85
48 40
11 137
90 32
38 185
9 63
83 86
31 89
18 177
73 24
77 46
96 196
95 195
65 106
56 54
73 178
59 70
80 111
87 141
52 82
99 21
2 110
53 164
67 50
37 22
71 123
28 98
88 120
22 63
90 21
40 139
51 83
21 65
44 13
85 174
79 83
35 159
26 89
28 56
100 61
55 153
31 120
26 121
23 105
66 195
67 113
8 59
58 189
76 126
17 150
55 148
6 186
