700
24665
15 12
86 195
88 129
32 20
47 116
64 59
77 131
62 134
19 193
26 90
70 168
55 103
36 111
25 31
1 29
48 123
68 173
33 152
65 186
8 174
32 195
77 52
98 128
79 144
12 41
25 123
78 39
11 18
23 112
8 119
75 25
83 91
11 36
86 80
76 41
81 23
52 172
45 15
43 34
52 12
96 65
29 180
10 103
30 71
31 119
43 19
47 108
95 129
51 64
8 42
33 34
53 133
51 167
2 18
30 36
40 148
50 15
91 104
70 39
51 91
77 82
81 32
71 81
18 91
93 168
70 83
51 163
12 191
58 43
63 78
30 139
82 151
50 191
87 20
99 75
38 121
95 192
83 19
94 108
37 178
94 182
97 109
27 137
83 120
31 41
39 84
15 26
99 26
77 57
84 89
1 113
59 109
72 87
31 123
71 87
95 117
94 173
19 34
64 163
3 168
44 15
9 103
6 153
79 120
24 161
23 193
31 16
26 140
43 146
23 195
14 106
23 158
57 81
60 67
97 94
81 75
46 33
1 189
88 173
7 53
35 195
84 12
18 16
29 171
78 183
3 117
34 197
26 165
77 136
25 125
66 65
79 74
53 155
27 196
36 124
76 190
50 168
62 169
55 182
33 137
41 46
67 166
14 24
91 146
16 48
39 161
93 66
73 14
21 58
36 46
3 87
48 198
79 19
17 143
16 13
62 123
36 100
16 176
69 158
55 16
87 106
68 172
97 50
41 137
44 119
9 195
13 127
96 142
79 41
46 113
44 148
51 134
28 172
74 75
46 45
89 41
79 103
2 176
21 121
21 159
37 55
84 76
26 50
89 196
72 132
24 146
68 186
84 140
46 99
56 179
4 37
45 132
29 168
20 68
97 114
12 192
52 168
15 160
4 192
70 28
46 49
68 63
86 152
100 91
67 83
7 181
39 123
19 195
26 188
10 196
14 15
31 171
63 153
62 106
46 117
62 47
14 13
65 95
81 178
88 15
79 156
83 195
85 40
82 111
73 183
77 102
38 158
16 167
93 121
18 136
31 82
77 29
51 28
31 111
3 193
40 88
21 26
11 113
60 108
14 182
74 29
6 85
28 160
92 147
12 137
66 22
18 200
59 184
83 127
35 14
77 128
5 22
15 145
77 53
95 187
16 67
82 145
10 166
95 119
74 59
73 78
74 166
70 86
12 168
68 87
39 58
90 127
96 153
55 89
12 86
96 121
28 99
71 183
35 155
71 161
39 131
21 92
11 88
24 24
71 159
12 79
20 31
95 124
96 112
6 75
95 97
100 34
14 132
67 16
49 170
21 156
31 142
39 47
17 157
82 129
69 68
87 23
1 78
90 197
19 160
55 175
48 63
59 197
62 196
9 81
85 169
51 72
38 67
64 153
80 164
64 78
30 50
83 60
63 13
24 89
70 107
66 179
64 90
20 167
48 18
64 181
81 113
68 116
3 74
46 190
78 172
63 81
64 103
64 123
70 81
77 85
62 133
89 22
14 106
26 183
11 168
68 134
54 105
44 175
2 168
76 104
15 123
73 131
94 10
51 46
67 200
58 96
29 137
80 97
93 66
25 107
1 151
36 37
85 12
18 194
56 156
52 158
32 199
20 113
73 100
13 104
4 89
84 104
92 44
71 30
43 17
91 54
31 34
81 61
39 16
3 40
22 198
16 169
17 122
57 95
47 47
90 192
18 167
76 153
34 167
47 17
14 90
55 90
3 175
7 75
85 77
45 114
1 159
34 200
69 164
73 149
95 16
13 195
51 85
36 159
16 32
73 43
5 169
52 93
41 90
22 130
58 129
73 115
36 129
44 144
83 153
59 160
26 50
67 134
28 133
44 45
3 145
37 145
41 61
67 23
92 186
10 187
26 157
4 75
23 104
39 19
83 174
86 119
45 74
45 177
60 94
25 77
38 97
39 79
33 96
16 157
42 164
28 156
89 34
44 121
12 91
31 88
65 34
48 29
77 52
41 44
16 14
51 172
22 200
86 31
66 141
6 21
93 92
68 115
85 12
39 27
27 133
44 170
100 48
13 87
68 192
48 180
16 131
100 189
42 33
46 162
77 181
38 144
62 53
35 78
36 22
24 165
62 175
88 119
46 198
35 114
31 155
80 32
98 62
59 141
98 123
2 46
64 80
98 35
32 180
98 146
93 194
23 143
14 54
60 57
15 45
81 23
79 30
7 197
100 189
83 46
95 174
70 196
76 149
74 120
30 17
48 195
23 186
41 183
78 88
27 63
53 62
12 97
4 125
13 148
17 20
87 88
19 37
9 38
40 124
73 100
65 192
39 140
95 118
16 185
83 69
43 186
71 104
87 24
31 40
63 20
77 85
13 40
81 90
96 78
66 96
64 116
74 162
30 120
10 130
60 193
94 198
39 104
90 56
15 28
30 181
100 71
87 41
14 129
51 167
4 137
89 51
12 60
44 175
7 118
27 190
55 74
52 33
45 68
45 95
29 189
2 81
46 193
3 121
17 29
54 185
35 54
96 21
46 161
38 76
16 67
35 73
40 27
76 147
99 146
92 86
14 133
12 108
32 164
67 131
8 56
59 80
52 88
82 175
15 100
94 36
69 153
20 157
60 117
10 87
76 187
75 112
55 164
11 181
35 130
66 71
95 104
23 109
79 163
90 191
83 169
31 31
60 89
80 90
1 61
30 177
4 182
7 138
31 92
96 143
49 109
61 21
85 31
44 76
92 145
86 98
100 185
27 104
54 102
30 192
78 143
91 11
6 193
100 51
42 71
60 13
46 115
41 128
46 65
52 74
76 111
16 200
25 75
1 136
94 128
64 156
27 87
43 26
26 126
10 164
74 92
81 181
91 60
39 40
85 186
17 144
80 117
97 187
20 119
73 19
74 157
94 100
38 17
76 145
79 195
34 192
97 148
100 135
37 93
79 174
5 96
97 118
31 154
91 186
91 198
27 108
27 110
59 58
90 138
43 165
91 92
26 24
6 10
40 189
71 135
85 125
80 77
93 105
50 173
9 45
11 30
42 154
84 109
7 114
39 17
11 74
58 195
58 112
86 54
16 31
47 46
16 61
13 147
57 187
28 109
5 181
78 130
43 50
53 90
36 112
96 28
86 22
93 131
98 37
33 175
78 78
68 139
71 28
5 97
2 199
