700
24427
82 126
37 109
68 127
6 52
91 14
2 179
51 124
8 172
72 184
58 90
65 60
8 123
9 14
62 93
63 181
27 188
69 128
40 55
77 12
62 196
26 100
6 109
40 16
36 61
9 180
29 137
38 14
4 171
51 196
71 66
32 140
88 38
78 113
32 127
2 60
87 169
99 74
99 115
7 28
8 186
23 176
36 93
22 26
85 172
21 91
16 143
77 152
51 59
27 16
31 50
17 115
45 62
95 160
28 128
4 151
95 46
41 42
79 24
96 62
9 200
55 34
42 13
94 78
83 89
10 63
31 172
71 160
71 76
61 187
69 43
90 75
31 103
57 111
82 86
76 150
85 65
15 171
82 33
34 169
77 165
6 88
28 110
86 81
17 69
81 142
25 149
61 36
28 141
38 28
61 75
90 42
94 185
82 27
98 48
38 144
26 154
42 144
3 81
73 113
18 148
55 35
65 181
63 177
61 112
92 104
92 179
1 188
39 93
94 125
68 124
88 101
79 17
42 31
36 45
24 173
94 78
38 135
33 119
37 49
69 118
62 89
29 170
30 110
75 26
45 194
96 15
18 74
40 30
16 117
83 25
27 64
64 121
83 143
6 175
60 73
9 30
81 63
10 188
26 183
62 164
28 187
66 160
33 68
57 92
47 124
80 140
56 93
3 119
37 62
21 48
11 82
41 149
48 93
16 160
35 54
100 73
53 177
12 91
97 98
51 143
19 159
16 91
80 75
11 196
43 14
44 43
31 200
65 155
69 90
16 40
20 80
84 198
94 12
45 78
25 123
30 61
35 89
21 94
55 89
28 89
97 31
17 120
19 150
76 64
21 156
72 19
78 175
40 121
17 135
90 193
40 174
47 83
82 20
36 105
32 199
50 92
11 129
47 36
11 125
88 50
74 174
25 39
4 145
92 197
44 66
75 120
40 187
47 133
85 77
89 115
41 194
1 65
31 166
62 101
94 91
62 164
39 75
34 31
61 106
96 165
84 151
34 16
27 32
50 65
5 133
59 76
98 29
2 48
57 174
18 153
16 84
12 67
82 120
16 33
87 99
11 163
7 200
68 23
46 14
30 141
29 184
43 137
91 84
99 94
23 96
81 114
18 78
14 190
54 136
16 80
16 168
41 63
90 70
10 62
89 32
24 138
3 98
9 117
82 20
86 167
79 182
35 89
66 87
83 41
87 99
90 159
30 18
2 68
98 181
51 182
7 175
40 22
57 198
59 59
88 136
83 33
30 30
89 142
9 29
69 46
10 65
23 130
27 92
78 195
44 158
78 54
81 160
98 19
76 79
67 26
85 173
14 175
73 194
6 189
29 18
12 140
35 99
47 99
27 129
86 66
72 85
59 168
11 22
66 150
55 162
39 15
85 44
45 10
4 149
17 138
28 26
12 193
53 131
1 177
81 90
32 71
34 73
53 62
63 25
25 118
9 151
41 69
36 116
9 200
14 157
70 152
93 175
67 36
7 190
92 116
24 94
91 169
85 153
57 176
22 101
40 189
64 30
47 128
99 164
98 162
48 59
60 194
11 12
19 182
75 187
96 61
37 56
59 48
61 192
85 158
18 51
53 130
95 72
65 81
46 179
47 51
71 64
99 83
59 131
75 44
23 71
62 25
47 46
35 178
93 140
83 30
54 23
79 97
62 132
70 120
30 34
76 46
85 186
56 173
32 112
30 96
79 105
50 94
31 157
82 27
92 111
69 108
95 42
32 153
79 60
25 157
87 40
29 91
50 138
45 53
64 132
63 197
69 191
81 130
70 152
14 26
71 27
19 142
76 11
49 25
82 159
4 113
1 191
67 196
64 178
86 164
80 48
45 132
74 60
15 196
96 131
57 123
44 58
73 78
66 89
42 145
34 90
3 36
100 87
69 44
47 114
1 102
30 51
11 143
52 57
42 100
98 34
39 182
55 38
87 45
40 22
55 84
35 112
61 139
26 33
69 102
81 22
100 25
71 124
45 41
84 104
100 44
14 162
58 30
90 71
1 44
22 184
43 178
56 195
53 80
24 156
17 147
47 89
90 88
27 119
37 36
77 27
8 195
81 146
75 190
13 113
65 22
29 47
57 152
82 140
10 88
6 109
71 48
33 58
72 115
83 165
41 139
95 164
31 31
85 87
88 168
91 164
71 16
85 75
55 182
87 45
100 182
48 42
3 60
29 91
76 162
75 169
10 143
51 88
44 44
48 141
25 111
39 16
39 114
39 91
12 106
9 60
37 79
43 70
57 142
92 93
70 173
9 27
41 81
20 94
48 165
31 173
20 191
54 175
24 113
49 123
61 107
62 110
59 73
97 44
1 110
7 71
8 144
64 75
82 117
14 31
70 158
69 151
20 121
73 57
67 125
76 193
35 118
43 56
25 113
83 108
40 155
6 92
62 147
44 154
54 156
87 149
21 175
17 34
55 31
12 29
60 125
40 109
35 138
83 192
86 47
33 43
25 102
93 140
81 93
98 52
43 30
89 42
40 41
41 18
52 136
41 143
75 64
87 113
95 25
85 97
72 162
87 148
17 170
23 142
40 121
94 89
2 159
58 180
91 29
3 83
12 39
29 56
89 68
13 185
90 196
14 104
52 26
86 150
49 92
85 83
22 158
66 37
14 126
63 15
49 177
2 95
22 77
30 23
79 56
9 21
25 97
70 166
20 112
19 39
48 131
43 96
74 96
6 77
76 17
72 12
36 137
12 160
39 18
38 24
18 21
59 152
66 53
7 17
40 192
10 65
48 56
79 73
9 101
38 92
47 46
90 54
57 52
65 191
9 168
81 157
31 109
50 94
65 128
49 152
22 134
67 184
65 22
93 16
84 10
30 52
2 92
6 67
66 56
36 122
50 32
91 119
59 21
50 135
21 74
43 96
65 141
63 200
68 180
8 92
8 196
89 69
63 194
18 66
49 37
79 85
77 144
4 144
83 129
88 151
28 104
5 172
21 148
85 109
1 81
28 100
44 187
99 197
36 186
68 126
36 122
56 96
90 113
43 72
57 189
2 143
68 92
11 172
29 188
11 185
16 58
6 163
34 83
38 105
13 107
47 168
14 85
18 90
97 32
27 69
90 160
97 104
88 156
82 183
69 105
59 136
46 116
57 76
10 117
39 20
93 127
17 42
90 63
90 22
15 12
