700
24813
20 121
68 66
33 141
25 41
20 81
20 172
39 173
12 15
28 176
72 75
100 179
53 117
95 161
90 176
70 101
8 127
86 50
53 61
38 150
86 182
2 160
56 118
23 149
1 43
92 126
74 28
77 109
6 125
62 89
75 13
94 14
76 145
25 197
78 17
62 88
72 108
9 74
12 18
67 49
45 100
9 151
39 49
11 161
79 137
86 94
39 185
36 174
6 148
96 29
45 112
2 56
20 97
5 171
27 100
59 124
44 10
40 58
86 144
1 145
78 163
21 24
50 21
49 110
69 31
85 170
70 17
80 123
87 38
85 121
11 196
85 60
96 77
88 108
91 130
81 178
31 55
77 160
30 35
71 49
82 107
38 98
27 41
16 99
70 30
37 85
100 49
8 162
98 136
64 36
30 41
19 55
15 151
39 139
70 112
42 39
96 181
16 140
49 144
96 152
96 50
86 185
11 87
98 52
86 92
89 137
90 157
24 77
82 89
2 56
93 128
21 68
53 148
9 49
12 160
97 61
53 126
73 108
58 88
82 141
66 128
92 117
100 11
38 180
41 80
49 23
86 28
25 133
58 119
75 160
75 174
3 62
81 156
7 81
74 31
49 35
87 105
48 200
32 74
51 143
39 156
45 196
77 44
66 168
8 168
48 78
9 17
72 142
8 46
51 64
96 180
71 97
100 156
8 185
30 119
78 188
96 161
76 20
89 184
16 104
46 179
52 145
77 56
4 170
45 56
87 124
55 108
81 136
55 101
79 193
94 84
79 180
41 14
2 38
23 57
65 177
69 81
98 47
4 145
59 185
23 134
13 170
21 189
67 105
95 41
85 127
6 92
35 178
97 133
60 59
35 60
10 29
59 179
85 16
97 63
63 188
98 37
15 111
65 131
26 24
78 163
79 55
6 96
60 153
76 35
73 81
41 40
31 156
74 150
80 126
60 30
81 95
86 145
76 134
69 170
25 11
1 14
45 68
4 32
78 109
15 155
12 53
100 86
9 52
52 55
4 79
53 27
73 143
72 17
59 67
52 58
26 101
54 20
42 113
52 165
32 126
24 113
70 97
36 125
23 31
86 11
96 149
50 148
5 123
54 120
24 18
50 144
28 174
67 200
43 64
46 23
61 46
80 20
82 153
48 132
84 132
5 157
92 124
38 153
60 16
54 154
23 86
6 68
61 66
98 164
13 143
90 28
4 44
26 141
57 75
38 83
65 27
28 50
63 170
13 31
96 41
61 166
28 14
19 103
99 149
5 129
82 54
89 167
75 64
19 145
64 105
40 153
53 25
24 68
83 88
28 165
4 183
52 173
34 25
96 121
26 13
65 157
58 191
5 31
61 149
80 167
17 80
68 81
99 15
43 147
58 98
27 13
12 92
35 91
95 61
71 65
24 92
77 33
39 30
37 99
4 17
1 114
23 170
58 110
96 87
58 142
73 16
31 21
92 190
78 78
41 16
23 131
12 49
7 40
60 112
75 182
90 100
52 14
31 147
31 153
49 44
74 192
5 158
19 155
11 76
53 43
27 96
60 181
4 116
17 77
34 80
70 73
27 113
30 144
40 191
54 137
80 16
48 37
61 56
52 111
86 62
66 140
54 65
5 190
23 142
47 66
43 106
75 26
39 45
27 96
1 39
22 106
19 161
78 66
73 52
94 181
85 197
12 46
27 153
46 122
31 72
66 26
8 90
12 194
33 11
40 108
92 43
29 174
27 126
100 157
20 128
83 156
26 123
4 178
93 81
86 74
17 33
84 107
19 156
100 91
96 38
77 183
81 198
72 35
15 84
57 65
8 85
87 27
28 56
33 167
8 133
63 41
95 145
37 102
38 62
14 68
61 65
33 141
53 124
34 42
90 188
77 88
81 18
20 72
55 108
99 32
79 150
65 137
69 131
21 58
61 94
8 135
95 57
48 125
41 67
8 133
90 76
17 25
84 40
42 56
16 169
79 145
45 192
15 57
4 161
11 176
66 112
63 38
69 138
33 141
14 185
95 127
62 39
25 139
57 101
8 117
62 36
62 75
32 82
55 145
61 181
18 96
100 86
99 116
44 86
86 44
60 92
43 161
14 140
56 26
84 20
19 183
24 98
14 35
39 34
95 167
41 82
45 142
66 115
19 170
31 175
67 87
39 112
64 17
14 42
18 62
76 189
6 129
62 178
23 68
8 166
66 78
96 72
68 39
46 27
10 64
82 45
74 10
31 138
88 112
71 30
67 187
2 183
24 181
56 66
69 124
15 154
32 18
41 175
19 165
22 180
76 55
47 66
70 20
40 182
97 49
49 72
30 116
54 156
78 147
94 123
67 152
54 48
13 16
39 120
1 84
36 127
38 188
59 153
8 136
6 63
94 160
77 72
77 132
71 143
58 46
14 138
45 140
38 85
60 60
89 77
96 193
43 12
49 179
92 126
16 71
73 31
54 43
85 72
29 72
82 36
10 130
41 170
94 171
90 148
47 74
80 65
12 65
9 15
90 81
41 190
81 159
56 137
12 87
32 122
4 25
19 149
4 21
77 19
41 34
59 119
12 71
53 13
16 107
96 50
79 105
81 97
77 156
70 157
26 180
67 90
3 184
44 164
54 100
83 109
10 197
16 71
14 10
25 23
13 99
98 185
54 72
41 147
10 18
58 179
85 83
83 105
40 126
46 194
25 100
19 52
98 43
85 25
41 31
29 144
9 98
64 166
76 129
61 107
100 102
83 23
87 20
98 169
3 99
57 33
93 146
70 144
36 137
44 113
35 14
8 149
14 131
60 51
1 139
70 158
76 93
11 80
60 84
27 21
64 22
29 141
96 145
39 160
77 39
71 111
65 78
25 166
37 146
33 133
75 132
32 147
15 13
64 39
66 49
94 90
16 112
37 60
33 92
19 138
50 155
53 150
18 31
34 160
20 100
14 63
2 21
24 98
90 166
69 175
29 95
25 198
71 181
47 80
58 61
29 168
58 74
41 30
38 137
59 89
58 108
4 135
24 182
85 174
65 102
64 145
55 30
76 129
63 172
93 156
21 167
41 69
40 193
72 94
85 74
40 46
63 155
21 45
81 141
84 183
91 140
10 146
87 190
54 54
34 131
38 162
100 10
56 181
66 13
32 129
42 165
86 122
17 58
23 189
90 54
73 63
62 200
