700
24344
82 159
34 160
64 24
40 192
28 13
99 157
64 187
49 90
8 21
8 156
32 171
74 172
32 136
43 53
45 81
19 181
27 121
86 28
83 75
57 155
46 18
49 138
21 133
85 41
83 46
29 116
6 106
44 109
88 125
62 80
93 118
33 169
4 127
13 13
82 195
75 103
54 136
90 104
67 163
9 174
83 191
14 47
21 116
73 75
16 112
9 155
21 157
41 159
64 54
24 29
88 106
65 183
17 177
69 72
10 34
44 106
88 44
10 131
6 179
94 88
61 163
12 21
64 136
76 128
80 47
52 44
38 127
56 129
65 138
72 128
51 176
20 82
81 42
22 18
6 167
3 161
42 119
6 183
8 93
92 159
69 149
92 28
94 143
74 63
96 177
82 144
74 93
20 88
20 200
80 15
44 191
49 79
67 84
12 155
61 12
33 14
94 175
67 12
32 113
47 129
58 11
26 105
63 153
46 195
48 107
57 141
96 69
2 160
25 178
9 38
81 41
53 192
22 123
55 166
51 134
99 19
19 103
50 197
9 169
43 154
48 67
80 198
3 91
45 42
3 39
77 185
22 51
14 174
61 71
49 37
59 134
7 192
95 171
80 163
52 41
42 43
33 57
90 196
89 151
51 164
93 80
39 184
40 133
32 58
49 35
76 80
84 71
53 113
93 60
14 138
11 52
65 146
95 30
91 74
26 176
76 128
20 197
66 124
5 56
7 152
33 71
48 72
53 149
28 102
97 40
3 180
49 170
48 182
74 133
54 152
95 56
40 143
58 40
91 50
80 50
94 131
88 159
71 11
2 12
44 10
63 24
58 131
23 146
21 47
95 173
10 124
1 127
25 113
69 180
78 155
10 159
65 168
35 128
86 176
54 51
88 172
75 122
40 91
75 147
13 102
20 142
90 116
84 185
56 83
29 58
100 122
72 165
10 95
93 135
75 59
24 163
90 133
94 122
95 68
3 90
11 111
70 172
60 85
76 200
8 47
76 75
74 165
36 175
25 163
28 39
89 75
99 54
32 37
78 109
54 53
74 78
42 199
65 36
8 151
63 141
90 170
44 92
13 62
86 63
41 17
50 83
46 52
36 42
64 182
88 10
85 39
20 109
11 88
32 171
15 24
90 161
52 169
27 152
20 88
57 149
43 37
89 104
52 110
42 168
76 161
69 93
11 79
73 128
64 159
23 146
84 132
71 80
78 67
22 92
6 125
26 159
31 132
29 39
87 39
72 178
63 196
20 199
73 95
79 114
5 23
14 188
56 126
40 188
94 113
96 56
57 102
22 185
64 127
23 112
21 124
99 112
45 146
28 112
73 112
63 124
34 69
10 139
76 35
8 200
63 150
48 74
12 140
94 121
47 100
56 19
92 65
17 42
97 126
3 196
48 50
62 189
46 144
23 144
51 145
63 100
3 74
84 160
97 115
86 138
9 10
100 93
7 126
9 34
20 149
72 115
31 134
10 161
49 49
67 110
61 82
77 93
81 116
82 60
76 71
83 18
20 37
8 126
19 184
40 28
16 32
74 113
39 97
1 174
40 45
19 121
57 57
51 159
35 109
87 82
43 57
58 107
94 33
10 166
17 43
31 127
23 50
11 178
53 144
87 110
100 117
99 15
9 174
66 46
75 120
84 56
43 45
88 168
33 57
37 131
91 142
47 49
44 134
7 50
24 141
73 53
53 196
17 104
52 176
83 12
5 55
97 131
33 35
79 35
66 22
53 47
19 87
63 117
27 198
19 181
62 178
32 132
38 105
39 100
71 126
38 102
29 58
77 88
63 54
49 91
18 55
17 64
19 57
60 92
55 154
53 83
68 126
22 16
46 70
16 145
89 180
91 165
83 77
14 115
10 148
27 104
73 142
45 141
27 35
81 116
79 103
39 121
34 183
31 88
75 198
40 41
96 153
65 127
36 32
28 86
23 79
11 175
82 118
15 79
45 197
26 55
62 30
2 121
91 31
5 177
38 136
55 13
74 92
44 60
26 107
95 117
20 160
39 49
49 83
56 187
9 77
9 14
62 42
4 79
28 133
26 148
4 179
96 49
73 58
66 109
76 109
51 11
4 77
19 149
67 18
92 182
23 38
45 10
36 121
70 182
54 106
60 160
83 79
89 21
72 163
61 31
23 104
21 165
27 182
69 31
35 17
67 67
25 183
11 51
73 36
90 49
35 196
52 107
45 63
74 97
99 189
92 127
39 121
40 31
67 13
26 79
22 98
21 197
10 43
25 140
51 107
12 157
72 12
3 61
84 127
92 10
34 39
45 52
69 167
91 143
63 53
59 47
14 67
56 75
86 98
8 108
30 24
93 195
56 179
89 88
17 11
89 169
70 153
16 176
53 89
31 166
57 130
42 85
7 98
39 158
93 60
61 141
54 49
62 177
56 102
53 120
27 126
89 83
56 76
47 59
69 119
43 132
94 116
45 136
81 28
8 98
44 142
22 182
4 83
26 200
100 170
52 146
36 103
89 160
98 58
61 40
53 121
75 178
34 124
86 96
22 138
14 184
38 43
44 19
52 156
94 92
73 82
72 72
37 13
8 60
51 31
49 140
57 100
97 36
17 131
85 68
30 75
52 176
95 150
45 161
71 124
46 195
15 78
93 109
35 162
74 24
54 91
48 168
64 167
51 80
38 78
88 39
61 21
47 198
58 75
88 161
38 22
11 128
38 12
36 52
64 128
57 121
62 87
80 190
51 58
23 21
81 136
5 35
70 194
16 158
21 178
27 10
99 12
4 14
36 184
41 45
9 187
36 153
31 131
73 111
13 12
97 118
62 120
96 80
84 118
91 89
19 42
84 124
29 21
58 75
25 15
37 44
95 65
28 166
86 25
49 186
25 56
39 38
29 31
84 56
68 37
16 167
49 115
97 18
49 129
22 20
62 10
52 198
91 88
28 92
42 187
98 70
71 81
64 36
68 116
17 140
29 196
2 107
55 127
86 144
38 69
59 42
7 33
98 119
81 38
29 173
27 154
7 136
10 45
28 170
72 157
49 181
11 162
64 161
35 97
6 133
7 57
94 80
57 108
2 18
44 23
49 159
33 112
85 192
9 193
1 114
13 181
81 37
30 18
7 154
22 16
9 13
65 154
80 120
22 15
19 166
3 11
33 29
81 194
37 70
15 77
