700
24484
28 27
4 160
94 42
35 122
54 14
10 12
53 75
96 155
48 173
35 75
52 149
13 96
31 159
64 82
54 170
35 85
70 38
42 29
27 180
85 152
42 32
22 187
55 105
75 37
42 80
78 152
17 84
6 140
89 153
53 12
36 179
88 38
62 47
46 93
34 107
71 135
18 93
40 24
38 200
70 194
25 140
26 189
2 163
47 55
32 16
35 43
27 119
62 30
86 67
34 50
24 23
44 30
33 177
75 176
4 153
31 90
64 101
11 121
74 125
78 17
7 163
19 79
3 149
35 194
55 157
51 26
13 200
51 44
55 95
73 189
22 68
21 76
22 147
95 131
27 196
25 50
21 117
3 35
62 102
56 135
83 190
68 23
44 23
68 44
98 117
56 49
85 103
70 94
27 41
30 65
88 42
19 16
96 104
54 165
6 175
63 87
8 19
68 193
49 40
65 48
86 29
7 189
80 116
20 152
21 46
46 112
7 47
66 148
95 158
76 104
58 28
16 64
36 125
94 126
18 90
42 163
84 112
78 51
13 71
15 180
62 92
5 156
62 22
19 142
39 59
10 134
64 50
99 158
59 182
73 109
10 65
99 85
71 172
45 88
50 163
72 134
15 137
76 197
44 46
1 125
86 35
13 16
31 68
30 182
78 199
3 65
67 175
80 144
88 113
79 21
18 160
94 50
80 118
79 23
59 84
31 187
14 195
76 50
58 31
41 68
9 155
24 77
76 40
39 185
19 75
68 152
23 198
81 150
22 146
58 144
8 195
4 67
59 149
23 83
92 65
71 183
92 111
41 124
27 142
92 196
45 33
54 89
14 25
63 147
38 91
11 56
96 105
65 73
56 41
39 171
82 182
19 118
79 147
41 67
26 196
90 102
39 94
25 136
78 69
43 119
16 177
55 70
1 124
47 66
40 41
91 138
59 148
21 56
31 24
54 171
99 73
71 161
31 66
15 92
83 19
62 10
42 14
51 85
83 90
2 46
44 109
72 39
11 141
79 48
87 186
13 174
50 123
34 145
8 112
60 154
33 169
62 133
90 171
56 12
52 51
83 154
63 128
33 78
89 42
17 146
52 195
54 34
20 43
2 78
95 96
72 175
94 93
90 107
67 76
40 13
73 103
39 159
13 119
49 101
99 90
92 164
49 46
21 168
85 194
97 143
63 21
53 69
19 77
86 125
38 183
33 101
34 71
47 93
50 55
67 75
35 160
22 109
90 56
8 132
66 135
4 38
18 109
40 108
43 79
12 95
4 87
30 118
45 55
60 178
95 144
86 130
96 43
85 40
14 185
99 41
75 172
53 183
22 64
89 70
85 106
75 151
65 131
30 35
6 61
94 170
8 140
20 73
33 52
20 29
44 42
59 39
71 125
87 79
91 81
75 182
12 25
82 180
32 118
34 64
6 114
27 116
79 74
99 174
97 148
6 127
11 43
10 36
58 158
47 49
26 77
54 159
21 36
92 154
25 171
72 119
84 22
47 126
56 12
47 92
6 164
42 44
94 196
65 163
82 162
43 131
24 104
25 39
66 189
100 42
18 34
98 62
26 17
99 45
100 93
98 28
12 73
4 168
30 31
50 151
80 57
46 56
13 118
57 62
16 185
17 152
77 153
3 56
28 80
87 44
75 160
91 12
99 11
7 20
42 177
70 22
27 169
57 12
79 179
20 52
60 132
87 96
37 32
1 169
87 149
76 151
55 54
1 91
63 162
39 136
29 118
79 64
29 49
11 12
9 187
74 144
31 51
89 94
74 97
41 91
64 157
51 142
83 82
52 167
38 18
99 47
81 71
89 23
17 42
45 40
25 55
72 57
85 150
89 137
20 78
77 13
69 185
67 72
35 40
67 170
100 158
15 81
56 195
76 71
94 147
2 146
44 184
15 84
1 44
69 151
68 126
70 88
26 69
66 37
37 128
92 73
13 174
60 15
80 104
32 23
71 102
12 169
18 72
16 64
30 73
5 123
25 166
60 99
52 73
82 188
93 36
65 46
55 67
42 23
9 98
14 153
59 196
96 170
4 107
24 71
65 37
30 86
49 79
49 193
22 59
6 161
58 125
59 74
86 69
11 199
8 24
40 54
60 59
47 123
13 141
58 40
69 34
39 57
38 36
66 104
47 111
53 103
29 198
63 93
3 128
18 78
9 59
72 56
5 96
42 107
93 109
94 150
14 50
78 27
3 117
45 12
30 32
73 161
79 167
43 168
25 111
2 174
69 57
57 128
88 124
28 155
90 108
66 144
81 126
80 104
91 98
79 85
50 111
77 33
5 45
38 34
68 50
36 71
10 69
56 172
55 86
34 22
33 26
18 179
72 36
84 124
96 45
94 127
11 183
1 35
25 104
44 27
60 140
83 68
69 189
19 104
85 70
63 135
13 169
73 33
84 119
100 185
12 112
86 14
24 149
83 143
82 171
18 33
35 33
23 138
21 40
60 182
28 113
8 183
78 98
53 30
94 93
56 75
86 16
92 37
56 138
87 155
9 42
82 21
69 168
96 142
11 74
71 162
33 65
50 19
15 182
10 140
4 169
89 194
99 193
17 130
4 15
27 124
85 184
44 122
100 103
97 45
64 24
40 38
32 15
73 123
61 25
17 26
97 150
26 34
57 141
97 152
50 62
48 198
61 118
17 187
85 35
2 37
5 133
9 187
16 10
68 175
97 178
64 132
61 57
100 65
11 168
20 188
26 55
8 151
85 137
60 50
43 78
47 88
51 95
25 36
70 135
54 43
65 163
12 91
10 87
65 33
78 140
74 14
68 84
5 41
78 142
5 13
31 64
26 173
16 25
47 151
94 89
83 43
70 151
60 84
86 186
34 85
98 103
63 93
81 148
15 176
20 90
24 143
17 151
50 121
88 85
39 174
81 71
70 161
12 104
65 91
51 91
26 33
89 193
47 14
90 160
81 115
95 43
70 171
75 44
27 133
23 36
12 169
97 16
93 84
1 89
72 182
60 148
37 103
43 132
51 200
1 66
94 24
28 109
53 104
76 178
98 165
4 134
61 130
98 145
34 105
89 157
1 37
30 103
8 18
11 116
91 85
47 175
40 107
92 175
7 110
15 168
95 160
18 27
53 17
57 53
82 152
3 53
48 83
78 11
32 130
37 134
78 139
55 79
40 117
