700
25666
54 193
78 10
87 160
53 196
72 93
25 54
29 103
38 141
8 149
67 175
36 123
67 180
56 31
87 69
39 39
88 40
70 166
35 28
56 100
3 30
74 80
20 174
85 64
100 50
55 89
20 84
61 149
8 138
11 87
80 155
33 166
72 31
77 120
66 114
36 127
15 18
20 153
33 69
48 170
87 197
92 123
66 43
50 50
63 53
26 92
94 97
55 156
62 51
76 50
65 149
42 59
94 195
42 174
14 130
2 199
41 52
68 49
2 178
9 137
91 185
66 104
28 192
21 63
34 190
96 184
72 103
71 149
3 138
48 111
3 124
14 123
34 172
46 166
19 121
93 70
68 42
65 80
83 80
19 67
75 60
66 61
90 53
86 115
46 160
27 107
3 10
26 162
94 58
7 178
28 24
21 165
92 35
3 29
18 136
58 21
18 113
24 61
69 23
23 188
63 94
57 76
85 121
28 132
98 200
26 24
72 113
35 18
19 193
8 105
67 186
36 43
49 156
16 118
10 133
69 91
68 166
71 31
76 51
78 72
75 34
66 39
83 15
69 57
73 53
42 158
58 19
67 158
75 111
41 125
44 185
73 38
97 19
25 120
81 157
98 155
82 101
34 183
44 63
50 195
86 200
20 181
98 92
10 27
64 56
94 195
32 123
21 35
97 23
23 77
83 50
11 170
87 97
61 129
84 82
18 94
14 13
1 21
61 24
78 12
34 43
36 128
26 132
38 71
30 168
46 82
85 82
64 189
16 183
45 128
80 149
76 159
76 128
18 183
35 139
41 44
26 148
77 74
63 82
66 126
20 89
37 89
28 198
88 45
20 96
16 71
98 177
52 116
78 138
80 177
79 43
96 16
24 103
83 21
25 131
66 118
4 114
90 183
45 73
41 187
6 177
62 85
31 131
2 58
55 57
11 50
38 52
55 76
56 115
85 94
16 105
90 56
38 200
97 164
99 48
93 195
73 10
81 93
84 31
20 18
97 90
66 49
62 41
84 160
37 128
34 63
16 41
78 118
97 85
94 163
51 103
92 17
26 129
93 141
56 193
83 100
98 141
73 24
90 188
58 180
6 73
36 44
48 72
33 184
41 181
70 100
17 15
68 195
96 192
74 75
62 118
13 99
85 115
67 10
37 90
81 36
97 95
46 24
27 143
14 51
66 69
74 180
50 33
23 45
25 14
57 171
56 105
70 59
67 151
36 183
41 161
9 81
100 48
38 12
17 22
7 57
19 16
80 36
15 64
62 168
68 144
46 168
99 170
60 124
72 123
68 74
19 64
42 78
66 103
28 152
69 99
17 105
12 101
61 49
86 138
2 50
58 141
9 199
23 162
77 183
4 19
9 21
79 187
24 146
96 71
91 133
73 188
38 37
88 68
9 182
37 155
23 193
88 199
72 130
33 46
56 151
72 164
13 168
42 153
3 178
73 200
10 85
83 68
39 136
82 32
68 36
60 142
7 89
50 102
97 38
22 60
65 34
61 40
20 167
23 185
5 122
82 129
28 197
64 132
34 113
49 10
21 31
66 170
4 153
99 192
66 42
10 65
5 68
65 179
10 63
17 80
68 60
67 73
41 109
9 145
68 124
78 106
75 198
23 29
96 79
75 41
40 131
97 118
52 59
51 181
91 154
47 74
88 10
85 165
74 71
74 22
79 93
69 98
13 91
73 77
92 194
37 95
27 115
52 50
100 138
10 187
66 128
14 91
26 95
92 124
15 166
89 45
86 103
7 60
42 128
87 136
5 190
69 70
29 139
99 63
54 148
17 189
27 46
18 112
24 48
18 127
28 158
84 51
48 43
87 195
95 44
96 138
73 93
97 123
98 171
50 151
18 56
85 132
39 18
70 77
88 53
90 107
15 61
89 161
49 143
45 177
48 104
64 146
63 137
64 116
60 66
37 154
41 151
35 134
37 15
74 143
77 149
37 58
73 10
55 92
53 188
41 183
82 199
38 29
10 199
34 126
63 117
81 170
46 159
47 167
24 90
19 87
54 13
34 106
87 90
45 11
90 187
36 100
54 172
33 41
44 50
43 193
83 92
64 63
27 61
39 46
78 159
15 33
55 173
40 53
17 30
43 168
7 111
31 41
26 124
98 95
54 127
82 171
59 91
47 95
28 13
20 24
59 196
55 119
4 167
74 33
35 198
38 156
52 126
3 175
91 47
23 140
36 56
29 150
85 76
77 92
82 57
71 170
26 175
21 159
59 36
78 64
43 172
29 200
20 90
93 159
64 194
18 179
77 181
5 29
23 81
46 99
41 94
6 156
54 45
9 154
6 101
20 132
46 134
93 162
40 114
98 165
72 15
32 53
33 92
91 42
88 51
45 153
63 13
55 124
66 30
2 30
64 68
93 139
3 30
85 192
15 196
10 175
97 127
58 24
30 142
61 47
48 164
61 18
91 91
25 55
52 189
60 43
62 38
42 185
37 35
99 51
4 162
67 115
31 164
63 154
62 161
79 163
86 18
70 128
83 20
94 15
17 115
64 16
15 84
90 136
23 112
56 78
69 200
41 152
83 57
5 108
24 20
7 156
86 30
78 22
42 112
72 63
7 191
67 18
71 19
98 112
27 109
60 72
44 174
45 122
86 47
88 48
25 52
84 179
88 158
58 83
92 182
99 74
71 106
6 65
60 19
20 56
36 110
74 189
86 106
76 76
70 123
91 37
44 87
13 73
54 81
28 189
59 31
11 173
93 91
23 105
16 96
88 42
31 164
68 144
38 14
74 144
26 104
39 147
70 63
20 16
7 139
30 153
91 89
39 147
65 164
40 191
98 53
100 43
49 85
88 47
82 150
19 179
42 100
48 45
76 197
15 123
83 95
52 123
86 33
83 20
33 195
44 155
82 188
33 50
91 153
98 110
99 17
45 58
26 87
17 38
86 64
35 44
56 194
48 93
65 46
11 191
75 80
33 52
58 198
54 46
21 170
33 81
12 89
92 151
98 48
85 65
70 103
82 11
77 38
98 150
43 52
41 66
61 154
69 112
94 167
72 130
12 182
36 36
54 11
69 141
81 197
37 156
29 118
44 155
81 144
71 15
51 62
42 56
36 193
84 106
2 130
73 111
76 125
7 132
3 69
67 127
48 36
86 172
20 16
15 124
11 163
29 83
52 27
18 169
