700
25337
92 139
72 195
100 160
11 172
94 150
90 147
53 189
33 99
87 104
25 178
6 54
14 46
91 59
17 154
15 159
30 128
26 56
66 118
9 162
67 53
45 49
54 141
96 78
96 77
57 19
64 149
32 110
100 129
98 177
63 96
5 71
44 149
22 171
28 50
82 37
39 110
24 154
22 90
8 94
40 37
74 64
92 20
8 159
30 99
93 159
87 144
89 196
69 180
9 164
55 40
49 114
29 170
32 190
70 160
70 158
59 171
77 193
65 45
4 85
77 71
48 200
60 152
83 48
36 85
97 106
45 156
42 49
95 48
69 75
92 149
70 64
29 37
9 192
22 49
38 193
77 118
12 103
22 112
67 153
43 191
5 117
89 49
6 70
59 149
81 126
77 80
97 168
62 65
39 185
21 66
57 43
95 72
63 16
80 53
71 193
58 38
20 127
15 13
14 182
81 16
76 161
80 97
85 165
11 153
13 151
44 26
45 67
83 168
65 107
26 77
47 62
80 193
19 25
22 193
22 118
72 45
83 58
64 185
79 59
60 35
5 67
31 137
93 157
91 138
78 36
56 48
83 110
23 144
4 109
63 150
32 122
71 173
80 164
44 148
56 177
47 177
7 13
71 130
9 84
91 97
71 31
7 188
99 87
49 26
12 14
24 13
96 171
58 33
58 109
88 162
57 131
91 51
15 150
27 149
90 136
35 77
2 45
85 174
78 152
35 144
40 41
43 72
25 39
43 82
64 138
32 82
84 66
46 186
55 77
22 119
20 148
31 16
83 139
23 99
89 196
88 131
30 12
34 53
45 97
78 187
73 90
44 62
8 98
47 66
2 164
53 193
47 87
64 104
22 83
24 129
42 75
83 105
87 134
49 78
45 74
47 139
39 131
10 139
33 125
99 187
42 167
71 56
79 178
13 69
53 190
38 109
27 79
66 112
52 161
40 164
90 97
88 112
83 82
60 166
78 118
55 158
24 198
81 70
54 93
37 151
30 31
20 158
97 17
64 56
92 189
63 69
11 69
86 179
50 126
22 46
17 21
29 187
63 122
19 133
36 180
43 56
22 98
20 66
31 61
68 198
72 119
82 155
67 173
95 158
6 108
16 133
31 139
1 148
23 167
43 188
83 22
19 182
68 14
60 67
36 16
26 43
25 181
17 123
86 109
35 45
9 19
72 198
18 172
66 119
54 145
96 162
40 184
67 55
29 71
45 26
31 162
2 89
5 137
86 100
67 21
22 196
13 41
92 109
23 72
64 28
13 86
93 27
4 153
83 179
7 83
48 197
78 136
46 49
49 110
91 165
75 157
70 200
51 36
32 17
20 127
57 10
34 50
76 64
19 29
42 147
55 33
42 12
83 152
35 135
11 86
10 132
90 123
18 159
48 142
35 160
10 187
87 57
86 12
92 87
31 131
41 167
50 142
5 159
53 69
21 143
11 101
21 64
50 114
39 98
16 43
74 178
81 38
86 195
78 85
35 30
86 155
29 179
77 51
58 15
19 36
50 80
52 48
32 85
41 20
74 60
75 107
55 139
73 44
62 140
50 33
20 62
86 66
4 103
52 107
95 93
12 126
90 113
56 165
50 161
97 125
42 41
57 59
27 119
17 91
33 53
16 90
17 152
73 154
7 153
66 40
38 32
16 21
30 152
68 200
50 137
33 69
79 55
41 81
47 169
68 132
48 16
89 111
11 121
95 159
60 188
73 119
79 69
58 172
85 98
72 200
88 122
92 162
49 24
68 43
59 165
17 168
47 31
56 30
35 99
80 36
22 84
92 93
51 161
91 140
72 94
82 172
10 173
28 197
91 180
79 183
30 36
3 127
11 72
44 173
14 133
3 176
79 90
55 32
89 105
3 137
99 121
50 38
8 141
98 44
32 159
46 121
89 85
87 127
53 97
27 13
93 191
58 18
52 109
68 97
18 169
24 122
15 153
31 170
66 146
97 33
38 122
19 86
27 146
44 62
92 101
28 43
76 92
19 125
46 113
20 108
29 49
57 193
81 52
81 120
61 76
92 68
30 192
68 88
11 174
9 143
77 141
58 156
37 20
16 172
4 54
7 152
83 58
4 65
99 18
14 41
53 97
7 47
42 198
38 168
49 57
38 200
90 14
56 12
56 196
84 17
17 134
98 26
3 69
28 25
62 196
71 104
20 173
8 170
37 22
100 108
63 92
32 123
99 50
67 120
23 185
46 117
28 18
16 96
97 112
96 23
57 94
75 117
96 44
32 64
70 76
24 41
24 111
68 11
87 36
9 109
61 31
58 65
98 107
73 51
65 62
64 56
98 200
79 19
44 111
19 84
12 74
30 126
97 40
91 140
34 14
92 32
21 69
85 98
63 42
5 17
36 33
42 11
13 160
6 184
36 103
90 109
9 41
77 179
36 55
26 53
80 174
17 182
2 88
47 159
53 42
66 144
95 48
5 50
46 121
86 119
70 195
29 118
17 196
22 85
96 78
40 144
30 123
33 117
33 39
90 11
6 21
26 65
35 35
77 65
26 160
75 33
88 82
4 169
63 197
21 160
98 199
21 82
50 127
69 33
85 82
36 158
35 38
26 78
1 53
68 54
53 195
84 26
35 125
100 74
81 131
98 10
3 62
20 101
99 197
25 183
45 84
46 193
2 40
36 105
57 79
79 154
42 97
78 58
17 82
87 178
79 102
54 200
47 132
99 84
53 188
45 171
19 182
65 39
38 170
66 170
45 30
57 48
85 85
94 18
9 89
100 125
83 33
48 132
79 10
48 183
69 47
38 111
98 18
92 163
68 191
86 195
76 105
35 144
81 169
21 185
46 188
57 61
100 171
14 63
62 164
3 191
35 101
84 129
51 195
16 88
85 36
2 159
96 24
96 26
72 86
7 78
72 196
80 16
69 81
57 105
83 132
34 51
63 170
95 14
85 113
83 81
32 53
32 151
97 124
41 192
48 177
22 179
80 21
69 199
33 69
75 115
12 142
41 90
70 59
58 77
28 124
33 190
27 80
40 28
3 194
83 126
74 87
50 132
97 143
67 37
87 136
66 187
83 151
14 92
99 196
24 57
79 66
64 157
2 129
76 109
91 171
24 33
64 135
38 198
66 49
81 42
55 20
63 140
22 28
98 189
27 39
90 190
84 17
66 121
79 90
