700
24285
63 108
54 124
19 164
52 190
71 173
37 19
64 52
8 130
84 158
95 146
13 50
25 139
66 172
52 120
49 76
41 150
98 162
51 75
21 97
82 106
22 92
42 11
99 180
26 166
54 194
74 181
77 83
66 74
29 172
25 82
34 88
18 145
96 20
13 126
9 138
58 196
34 141
87 99
98 52
22 189
35 171
94 131
41 158
23 61
88 198
31 107
80 10
46 110
14 69
17 36
35 173
23 94
14 99
69 15
90 127
43 176
23 68
79 178
92 192
86 161
43 113
55 175
42 24
12 143
51 18
46 15
87 23
46 89
29 162
25 154
23 160
17 55
72 145
55 37
16 133
8 142
48 50
97 23
43 97
61 14
17 10
23 140
93 160
94 124
50 61
65 135
9 67
5 22
71 114
65 84
2 54
70 39
1 138
61 149
54 99
29 50
92 73
77 79
3 148
67 119
51 89
91 84
13 166
75 197
52 142
28 170
53 117
40 171
10 74
59 43
45 96
14 54
33 107
62 161
84 60
34 181
11 97
41 136
21 125
37 80
51 127
3 16
43 140
47 123
98 151
66 38
40 174
41 197
64 115
18 75
99 23
13 22
71 10
20 166
46 154
92 33
100 53
88 158
69 174
37 65
74 43
87 195
39 59
57 137
19 22
80 70
4 50
63 177
99 40
71 45
27 136
49 77
78 150
21 79
59 110
56 81
52 184
88 126
48 178
29 109
73 114
27 165
22 106
22 146
7 120
14 117
56 54
53 134
80 22
29 144
76 114
9 102
32 142
19 62
68 36
67 51
12 115
94 138
37 84
49 47
73 188
33 98
93 76
76 81
60 71
61 146
66 85
45 153
25 165
16 187
4 129
48 128
2 25
99 198
68 189
14 147
24 70
40 116
23 14
29 87
83 165
83 123
13 132
23 53
50 94
93 58
25 32
74 59
99 171
49 144
58 110
99 92
13 19
70 161
89 175
31 11
51 31
55 81
37 74
97 10
65 120
4 121
42 16
19 27
44 157
68 171
50 111
41 19
64 92
63 157
76 49
98 33
43 139
61 82
91 153
89 83
77 48
7 68
46 189
17 18
16 77
84 151
67 148
82 30
8 186
79 159
64 111
92 151
26 110
33 189
11 196
77 166
78 30
89 49
54 101
41 160
59 63
51 180
91 149
72 26
91 54
93 23
31 124
90 155
80 97
20 200
64 181
72 173
73 180
98 61
22 73
18 71
71 174
32 185
40 29
69 190
69 172
27 166
38 167
10 181
92 70
52 199
36 11
10 174
20 131
35 91
66 135
35 164
64 156
5 19
41 112
97 113
71 103
63 68
47 89
60 22
66 167
53 129
34 128
31 160
69 152
53 164
43 103
87 46
89 117
43 155
11 138
1 94
64 196
87 164
28 143
45 169
7 94
46 190
23 181
79 130
17 104
9 178
44 141
7 17
37 117
11 182
21 16
59 128
70 17
27 140
6 53
88 78
13 163
7 52
70 66
79 16
49 146
38 31
54 162
47 55
89 91
34 12
78 110
87 122
89 113
5 40
87 32
22 78
42 45
12 51
36 167
48 110
9 42
68 110
16 101
38 175
57 35
88 33
88 37
10 83
80 129
91 79
28 30
92 126
93 113
28 57
62 145
71 179
52 33
59 160
56 171
93 183
74 145
60 144
33 45
18 192
45 70
83 11
83 177
18 92
56 116
8 123
6 181
16 49
20 117
86 42
28 78
3 46
62 59
28 43
31 136
90 97
69 10
63 71
99 26
82 152
78 68
23 149
87 186
17 15
8 123
43 18
10 133
64 33
60 165
14 101
14 62
10 187
61 80
100 142
86 133
69 26
99 183
90 179
62 131
88 45
51 113
95 63
19 181
5 139
31 101
55 61
85 110
37 178
58 62
26 98
32 160
31 49
3 154
54 101
16 70
17 153
96 46
44 32
83 36
45 40
20 77
47 40
90 89
78 60
26 10
47 106
98 61
7 129
41 164
56 163
95 131
76 134
2 149
54 12
24 25
47 55
100 160
10 117
77 69
13 70
20 105
43 191
51 87
66 155
63 88
55 131
35 192
25 91
21 172
79 185
9 184
3 155
59 92
20 124
64 78
22 171
53 199
90 135
89 68
13 18
28 45
36 27
46 116
25 122
11 111
51 109
2 128
18 162
90 118
65 126
93 19
63 84
7 114
81 172
94 171
98 117
24 95
75 86
91 38
39 50
24 13
81 193
84 52
29 108
8 59
74 149
1 84
52 150
68 21
61 108
76 175
8 148
58 144
90 187
14 71
59 25
29 91
13 101
84 123
10 61
73 161
57 20
68 47
96 85
99 44
63 191
52 39
60 96
66 138
44 26
69 67
6 16
13 122
87 112
71 46
24 103
48 188
30 181
87 196
28 91
25 127
68 25
14 128
60 80
85 83
39 115
96 121
60 187
12 106
60 181
55 70
58 166
52 99
47 123
7 190
91 43
78 90
47 182
27 52
84 111
50 162
61 75
94 196
65 159
20 18
39 36
50 74
100 23
57 112
13 94
6 134
29 86
38 140
41 147
21 37
14 43
49 106
18 42
46 89
64 104
36 58
68 40
53 92
5 78
74 69
9 42
27 146
25 65
35 35
21 113
12 140
97 193
6 189
19 142
46 57
8 161
81 177
24 31
76 64
3 32
85 91
96 108
49 42
46 178
51 43
87 41
18 90
58 63
26 144
59 21
63 64
91 155
51 119
70 69
97 67
93 63
64 147
36 87
23 190
33 83
86 178
36 110
1 26
41 15
54 79
40 65
18 64
67 116
46 57
23 121
69 157
74 71
47 165
79 41
39 183
1 176
19 75
84 145
5 141
1 95
12 81
94 199
100 58
87 146
39 31
71 125
40 122
77 101
85 188
80 76
61 29
86 179
31 15
52 44
22 79
20 95
42 106
45 186
84 39
24 140
8 180
3 131
33 176
20 167
48 122
81 132
90 105
93 93
28 104
97 147
53 100
84 198
24 69
80 173
2 92
6 182
17 151
96 66
43 40
68 118
20 105
12 79
98 193
100 179
25 24
19 121
97 97
73 187
10 49
45 66
2 189
51 32
61 64
15 145
89 106
20 30
30 80
69 10
87 148
61 54
28 197
8 77
30 178
17 192
25 113
60 111
70 143
6 63
