500
17049
25 106
86 48
72 19
5 77
52 182
35 16
36 165
44 17
9 182
92 151
76 34
33 45
88 95
3 109
12 127
18 192
83 53
59 70
69 156
91 176
39 102
78 136
50 118
48 60
43 38
25 188
32 128
19 158
87 164
59 182
39 140
96 30
86 157
73 26
8 42
51 96
95 198
9 61
77 132
91 67
54 111
91 155
57 75
13 101
77 82
70 155
5 85
54 28
35 49
56 49
25 197
45 77
74 90
57 21
77 66
89 112
2 20
53 171
58 84
59 157
82 133
13 125
43 141
29 64
99 59
21 33
79 108
94 169
7 88
54 97
49 36
33 44
10 38
88 62
18 109
12 12
30 67
56 112
78 124
61 174
58 178
26 60
56 155
44 173
24 120
55 29
89 60
96 35
35 120
45 69
26 96
6 163
40 66
53 119
26 190
76 36
58 28
96 175
80 113
6 136
62 171
69 29
5 29
60 64
81 178
77 185
20 112
35 95
4 22
64 90
93 199
36 120
43 135
30 180
56 75
23 162
89 48
37 193
49 106
50 179
1 170
94 140
13 73
72 28
33 84
66 47
94 127
10 31
95 197
56 102
32 53
19 199
26 76
37 148
6 125
97 96
44 114
86 101
29 105
96 14
98 106
98 126
80 91
94 45
51 187
87 115
91 78
68 94
84 165
26 172
96 177
94 127
97 99
65 117
34 120
78 111
41 168
82 36
77 91
65 36
27 170
15 185
57 133
43 196
89 194
7 55
36 190
89 122
66 33
78 88
65 31
54 16
69 177
83 122
34 123
81 67
19 85
6 115
37 10
93 134
35 96
48 14
17 132
72 117
49 149
47 191
59 141
64 152
30 175
53 139
89 12
9 81
18 160
38 81
73 144
97 51
19 123
3 110
38 161
97 142
56 107
69 123
85 57
84 113
68 102
2 18
34 196
8 126
88 132
38 39
37 86
40 191
99 38
5 194
54 57
97 24
18 186
45 128
59 78
14 99
52 75
58 50
11 113
34 48
72 69
59 200
24 42
75 96
45 22
54 71
85 132
32 50
38 115
77 78
87 157
68 77
3 124
58 17
92 34
7 106
54 185
59 178
94 62
3 156
5 130
69 186
32 85
37 115
37 199
87 155
69 182
15 33
70 58
23 24
100 116
86 101
48 148
20 168
21 191
34 96
65 108
52 66
63 98
1 112
43 62
2 151
42 132
20 50
27 131
64 92
18 34
20 188
49 60
68 28
76 172
76 200
27 69
1 126
4 71
36 129
69 88
64 178
83 10
40 134
7 113
77 118
23 34
4 15
4 170
37 12
23 124
1 42
77 190
37 93
90 136
91 178
38 85
12 198
47 52
21 63
54 117
60 114
23 77
4 113
46 156
25 169
56 194
32 152
75 109
94 41
36 81
49 119
95 73
83 185
71 128
48 128
23 29
27 59
13 41
97 87
57 188
99 55
34 30
17 35
34 30
3 131
55 52
69 64
68 24
79 71
7 180
93 175
91 112
45 27
33 94
68 14
84 43
97 175
72 103
18 83
18 192
49 95
4 160
11 18
19 188
63 132
24 55
21 115
17 27
58 112
53 27
36 173
82 186
74 94
23 180
92 32
29 123
29 114
79 38
9 194
32 187
18 196
40 173
92 77
8 172
46 70
42 112
29 154
23 141
42 14
14 197
83 166
23 90
65 96
24 156
24 190
7 24
34 66
19 67
17 109
48 99
62 83
85 136
82 125
21 165
61 155
79 29
1 19
99 41
38 146
9 38
46 170
78 62
62 92
4 53
22 98
20 22
7 96
75 160
98 139
25 18
15 162
37 116
26 14
29 163
61 25
3 152
77 138
45 43
85 99
12 189
52 199
91 154
86 93
45 28
25 72
29 84
50 148
80 32
87 35
58 83
80 179
29 115
57 80
27 134
65 186
58 82
87 139
2 91
98 80
89 25
90 85
54 164
91 34
94 19
71 163
40 65
18 31
14 198
82 107
26 69
13 60
57 184
4 182
9 29
10 61
17 94
61 184
38 40
18 146
95 71
5 64
53 91
39 139
5 103
57 123
19 115
19 57
37 109
49 198
30 115
59 102
93 14
56 118
7 196
27 107
1 85
68 169
43 169
56 92
1 77
41 73
55 134
17 132
46 167
47 14
53 115
48 190
19 45
86 95
49 114
45 136
8 35
79 157
47 50
65 80
41 69
31 96
86 95
6 146
60 107
30 168
40 68
61 191
93 48
43 110
67 156
35 67
18 68
15 191
