500
16926
90 192
52 20
36 21
54 77
4 158
10 189
58 31
54 36
58 43
82 56
13 69
47 21
33 180
100 40
26 125
12 29
73 25
6 160
28 180
35 152
4 167
46 95
97 88
34 54
98 11
7 19
65 30
14 116
69 75
30 114
13 87
66 156
40 65
16 70
48 155
22 46
89 29
53 14
7 146
88 151
90 59
54 20
46 75
45 73
35 122
85 43
23 141
25 186
65 116
98 95
48 62
93 55
74 122
93 166
58 155
78 105
70 186
95 173
58 141
93 23
89 183
58 99
2 81
90 146
98 184
45 63
72 110
61 154
32 108
37 84
19 54
81 195
47 65
41 14
19 195
57 92
41 87
49 94
17 148
91 188
18 10
16 10
2 100
19 152
46 154
66 176
72 48
26 143
8 194
44 112
43 183
47 129
66 54
54 64
30 95
14 27
41 41
4 109
37 129
79 60
55 103
1 123
99 119
81 120
80 135
88 60
71 87
70 81
53 56
5 129
79 27
30 102
12 121
21 96
41 128
76 18
62 99
26 130
23 13
74 78
16 61
29 16
2 16
99 151
32 114
26 10
17 36
56 159
39 193
56 182
12 40
58 50
48 102
38 166
15 178
62 187
48 167
34 158
67 16
65 86
34 104
45 26
71 79
2 132
28 61
49 124
31 163
45 134
35 111
74 157
56 122
22 179
54 135
57 65
11 112
25 153
26 129
8 18
54 182
66 168
48 17
42 173
31 36
74 120
62 29
88 60
70 19
8 174
96 89
21 12
11 66
65 102
80 198
62 134
94 124
15 80
2 142
43 178
40 160
8 133
6 48
93 140
5 108
18 27
78 79
35 98
9 127
66 195
23 87
38 128
20 21
1 53
30 97
73 179
50 165
41 70
19 106
51 167
95 97
27 166
62 104
17 140
79 170
13 34
12 50
94 121
64 187
72 195
12 65
16 115
56 192
55 156
14 50
34 151
56 190
35 183
12 190
59 76
1 195
66 27
95 165
69 75
21 194
25 200
7 82
58 72
26 58
81 18
53 23
26 200
74 190
79 55
100 43
79 173
84 185
69 81
97 163
93 161
20 67
35 154
90 139
34 17
34 110
12 155
100 22
7 177
26 50
62 86
32 106
34 28
80 166
31 170
90 177
2 20
57 96
42 102
29 15
50 80
26 47
14 14
70 69
71 24
86 22
40 35
38 87
21 58
60 15
36 31
92 61
21 75
43 122
12 197
53 62
29 125
58 12
97 193
34 118
19 74
73 146
31 15
85 32
17 44
74 41
23 176
41 22
43 195
8 106
46 183
69 198
19 68
53 31
79 82
36 13
98 114
78 118
84 12
55 21
28 176
75 165
8 116
11 191
72 42
16 174
75 20
65 46
33 50
39 188
6 35
58 128
15 156
31 200
61 30
34 110
77 114
25 72
65 189
95 181
81 10
50 40
97 48
53 140
49 21
3 113
75 115
93 144
83 156
58 35
90 192
84 53
83 155
67 51
49 27
24 58
14 24
95 189
1 188
20 79
39 139
27 154
11 119
71 55
59 100
67 33
26 123
16 24
96 33
82 144
83 64
71 159
5 83
95 148
29 17
100 38
64 190
43 141
34 12
94 54
4 180
22 82
80 15
43 164
18 32
4 172
86 54
72 31
58 189
14 49
35 172
57 185
89 21
60 32
98 94
22 174
35 198
61 70
59 20
41 184
78 100
28 162
65 65
42 32
27 109
57 41
73 42
98 13
75 137
21 56
9 59
68 150
7 13
91 26
76 175
86 72
97 129
72 135
41 193
12 149
59 51
11 133
83 48
88 165
82 64
27 64
19 77
41 176
74 169
22 160
68 186
3 95
98 158
31 101
51 85
44 134
45 28
36 166
11 194
100 162
52 124
91 99
97 197
5 162
94 129
89 140
84 121
83 195
18 11
87 167
74 49
87 113
28 136
80 40
24 159
62 148
8 18
62 172
75 51
84 84
3 128
13 177
84 12
23 200
61 11
14 106
42 55
2 22
23 93
40 64
57 54
46 76
23 63
72 111
78 121
74 169
36 57
37 10
4 174
23 191
45 173
30 179
64 137
21 93
85 70
50 29
54 43
49 38
14 187
62 144
20 73
13 67
22 63
14 85
34 52
15 159
1 86
55 69
42 21
91 167
1 29
19 130
53 60
15 136
99 47
25 27
88 172
55 158
14 81
71 57
63 74
44 14
61 146
8 41
3 162
37 55
23 151
86 30
49 100
52 166
84 165
30 53
94 148
