500
17014
86 104
12 173
40 41
30 165
39 154
90 27
30 188
13 200
91 141
65 112
84 117
1 192
8 95
50 113
26 120
65 20
12 69
15 156
26 97
30 171
76 22
6 89
78 80
51 64
24 136
88 136
36 136
3 113
9 103
35 188
92 118
60 65
3 146
46 112
23 180
22 119
94 125
36 177
12 84
100 162
3 22
46 26
15 103
8 126
23 74
91 136
100 181
51 116
16 116
54 183
45 30
35 93
42 152
51 118
60 190
15 72
51 20
98 67
28 43
49 10
45 34
99 135
45 94
79 68
85 18
57 126
88 42
73 140
55 134
68 85
95 133
60 151
75 27
53 120
76 185
6 196
23 180
2 186
92 84
8 124
42 60
70 91
4 101
75 44
19 63
95 102
15 72
60 108
44 22
20 149
64 83
89 186
15 96
50 106
45 130
1 79
18 110
40 54
22 53
1 115
74 168
35 67
48 166
51 62
61 97
77 40
98 184
89 133
99 17
32 89
40 113
100 171
55 13
14 145
73 14
97 66
100 21
4 13
6 104
58 175
84 28
16 157
94 36
18 171
91 12
32 199
29 177
76 182
85 51
19 23
52 27
86 55
22 32
93 106
56 12
76 93
30 181
99 48
66 93
16 50
8 66
75 56
100 17
89 109
32 138
68 87
91 130
32 183
7 52
57 129
57 165
79 18
27 56
99 178
39 155
39 142
54 13
4 131
86 87
17 34
73 106
80 29
75 151
42 62
82 162
46 38
94 176
25 62
57 69
47 91
33 72
23 78
42 155
41 167
2 34
99 41
25 64
34 173
58 98
29 93
39 113
53 191
94 41
97 85
45 19
59 180
72 135
27 103
34 16
80 177
81 181
36 90
96 136
23 149
26 104
20 135
68 181
19 172
30 83
37 109
32 36
84 66
67 105
50 49
32 90
63 88
32 54
17 132
52 70
54 169
61 186
23 64
64 103
44 142
9 85
15 64
1 109
12 19
23 32
27 74
69 175
90 54
99 148
100 186
56 142
41 22
58 136
33 37
74 188
55 40
54 187
93 115
90 200
20 134
18 87
98 178
69 140
16 180
42 164
13 78
17 22
48 95
26 191
14 144
16 127
89 145
53 200
21 131
46 79
70 59
9 90
67 129
95 147
72 150
18 99
17 94
16 81
24 111
58 97
2 158
35 176
28 71
25 121
31 115
77 119
45 123
8 149
13 85
63 42
78 173
84 101
87 159
43 81
86 82
85 113
90 195
33 31
43 80
42 14
62 154
41 106
42 127
87 40
8 102
58 130
84 121
1 129
48 114
6 121
93 137
83 28
35 137
31 78
98 56
57 137
84 191
31 149
92 130
50 81
85 142
8 151
96 172
63 81
40 47
49 113
74 70
82 107
53 159
12 144
60 41
6 60
51 81
3 171
54 37
37 169
7 110
55 30
40 24
20 126
35 194
51 174
46 54
19 56
24 12
96 49
71 147
10 116
51 32
94 179
21 24
93 130
87 15
91 160
95 193
30 154
73 136
31 116
77 132
93 108
89 183
90 146
24 119
47 139
92 196
82 57
2 167
68 135
13 160
92 20
79 157
3 10
65 44
26 55
46 104
69 129
69 83
71 27
100 186
26 148
79 66
45 139
28 134
87 137
24 113
13 155
1 119
80 180
4 69
85 108
54 90
77 74
54 29
51 89
12 37
33 25
32 77
53 166
21 175
44 138
85 193
78 187
53 183
98 14
50 71
31 65
21 169
65 190
31 59
67 114
5 34
77 17
87 155
62 163
87 87
74 54
19 26
40 196
90 94
92 38
19 163
43 67
34 116
47 83
80 57
58 134
72 176
9 19
44 85
42 85
84 45
42 23
36 172
32 38
35 24
78 65
43 63
99 99
92 117
2 11
3 157
65 42
16 144
42 72
99 68
4 42
3 170
11 123
17 75
81 129
71 196
85 80
41 28
45 116
97 63
71 98
23 156
12 137
32 163
39 30
22 45
70 66
26 51
33 155
100 28
25 155
66 35
56 159
62 24
22 134
32 198
3 37
15 159
28 33
41 74
9 44
15 175
25 62
1 67
10 158
16 37
85 24
80 159
1 104
29 93
24 176
100 164
97 166
15 59
29 47
33 179
69 41
16 63
28 74
92 178
85 52
27 34
42 75
11 82
29 30
59 103
5 197
42 153
2 167
51 35
52 168
68 108
6 198
96 105
3 166
40 127
2 198
21 25
69 88
12 96
15 88
94 124
25 48
14 76
1 83
57 91
