500
17843
85 103
8 107
17 38
28 119
11 51
88 25
59 79
39 71
18 47
97 160
97 119
93 81
92 74
40 137
57 163
17 55
96 19
25 196
26 12
56 131
62 147
97 14
36 157
33 99
21 43
62 196
8 13
41 40
58 198
24 107
32 19
22 198
67 188
71 96
6 133
63 154
40 14
17 15
96 15
82 67
64 84
58 104
90 56
55 164
54 121
19 197
11 170
52 20
65 30
8 122
13 191
12 156
69 135
7 116
86 52
75 90
58 185
23 49
88 182
45 122
6 192
45 53
75 172
21 186
1 154
6 84
93 87
69 96
7 23
79 91
1 10
52 135
89 121
34 52
30 128
63 56
17 31
20 193
75 144
15 14
98 18
27 12
25 105
65 141
68 197
50 128
56 146
20 104
45 91
14 117
26 11
9 34
89 112
24 184
83 22
32 196
60 189
27 188
44 190
6 53
95 67
80 19
80 199
79 160
76 109
98 93
62 157
19 58
12 98
65 104
4 89
63 82
70 124
33 188
75 75
98 125
44 74
38 152
4 84
18 53
10 115
83 115
54 99
73 149
98 114
15 43
99 30
63 124
95 159
39 89
53 131
10 146
16 122
59 18
86 95
27 25
94 141
28 22
87 78
87 23
81 102
44 26
67 30
62 26
20 172
72 117
59 195
47 112
97 158
26 49
15 159
64 147
96 69
51 118
11 175
28 189
59 15
17 63
44 16
60 146
89 157
79 164
32 89
76 97
58 109
39 198
57 137
47 82
34 196
71 142
36 41
5 152
6 192
100 57
59 181
71 133
73 148
85 38
8 12
45 165
50 47
22 141
89 116
5 153
63 52
42 155
72 83
92 136
24 96
20 34
99 27
46 44
45 147
71 167
28 152
66 200
64 97
2 37
66 42
44 155
82 135
37 16
71 179
22 112
67 91
38 27
43 32
43 42
88 156
27 151
73 166
88 157
88 195
32 45
71 104
79 46
17 171
30 22
14 52
11 43
96 52
76 105
1 112
84 93
97 36
17 73
69 167
35 48
28 159
89 17
11 69
77 108
5 112
14 124
3 34
59 118
22 70
55 46
14 144
50 141
29 32
23 45
24 65
32 147
22 179
16 48
89 147
70 117
64 127
27 117
98 50
80 92
68 79
92 112
74 137
69 100
39 176
4 200
29 18
93 177
24 98
31 57
20 34
78 85
67 93
11 138
50 140
100 151
17 59
100 139
90 180
38 140
64 162
31 87
87 197
8 42
77 65
85 36
30 53
95 197
90 182
82 19
87 151
96 118
94 111
53 97
81 35
43 10
94 198
39 34
19 141
81 123
55 169
94 92
88 101
99 34
75 175
26 105
100 19
99 178
15 148
53 125
22 36
7 190
89 46
50 185
91 87
69 63
2 107
7 198
33 120
11 49
62 73
12 169
75 175
32 143
84 47
62 115
100 104
37 177
90 178
16 176
11 181
79 162
29 129
60 130
30 85
84 34
39 193
35 153
21 51
21 38
52 167
35 115
38 66
9 120
70 165
36 120
57 131
57 123
14 106
53 55
12 185
48 25
57 78
59 172
54 153
36 187
23 39
16 89
24 10
34 163
76 140
93 116
74 178
38 31
60 59
26 166
66 141
69 113
67 141
11 47
76 137
4 137
22 96
41 105
6 19
79 80
19 68
55 124
96 34
93 198
55 158
55 17
98 49
74 28
18 22
64 193
99 61
55 133
14 53
97 89
94 140
60 60
53 175
8 78
43 82
32 194
91 79
34 142
34 169
95 97
81 62
66 139
77 133
42 97
82 128
96 181
25 118
88 64
93 143
50 168
42 166
3 181
83 114
96 133
15 143
70 68
31 58
74 113
77 187
88 17
50 58
95 93
43 125
98 140
36 37
14 40
18 75
46 89
48 123
14 146
17 22
64 87
55 184
18 69
57 144
6 122
82 15
38 20
35 99
20 73
13 185
49 57
10 94
53 157
85 40
28 19
71 144
49 92
26 151
74 65
86 10
56 179
5 65
47 173
80 96
34 182
39 120
38 147
71 188
73 58
13 132
70 87
4 153
5 34
86 144
79 183
70 93
70 114
24 194
26 148
62 193
73 122
11 109
76 148
71 31
24 165
13 147
6 187
81 115
80 51
11 191
38 73
17 186
6 120
54 29
16 158
90 72
13 167
84 200
70 17
97 142
53 70
25 110
75 179
73 10
71 116
80 168
79 147
13 112
82 187
44 79
72 197
81 65
92 110
6 149
10 18
60 43
2 185
