500
18084
5 115
82 14
86 53
9 33
70 57
52 120
96 40
39 43
89 54
52 145
79 97
38 184
58 160
1 62
3 81
12 112
15 18
68 149
55 172
7 128
2 110
35 176
5 191
34 78
17 100
32 113
41 32
57 12
67 31
18 174
28 178
90 95
80 90
48 129
98 101
100 21
29 56
100 85
5 147
100 195
25 73
32 96
17 100
67 136
75 117
28 147
91 75
64 116
3 100
75 29
82 91
96 30
23 78
97 75
87 138
50 50
93 87
97 194
91 168
88 123
88 121
76 192
69 23
97 169
92 160
63 71
78 24
56 79
81 23
8 130
1 141
32 132
39 14
35 149
10 101
45 48
34 10
43 156
82 19
47 165
41 85
79 108
36 87
24 97
58 12
76 143
57 132
72 35
66 148
59 158
19 195
47 153
4 87
89 26
92 64
41 102
24 142
85 159
63 135
39 19
73 95
26 101
90 104
47 82
63 68
94 117
35 155
80 162
92 142
33 120
97 50
13 200
50 50
78 22
41 121
60 55
57 163
62 40
36 119
51 80
92 174
5 82
88 146
45 46
2 67
13 140
51 112
61 125
46 129
72 127
59 171
80 166
68 50
58 20
66 131
5 94
13 93
3 126
85 198
2 56
48 127
80 18
77 30
65 86
100 124
78 123
77 198
63 198
49 92
14 62
39 41
48 75
17 144
57 65
54 152
63 121
13 22
77 190
15 55
21 66
27 190
28 61
99 113
58 184
55 143
20 110
4 78
73 153
82 44
94 103
2 64
88 22
24 76
47 45
53 20
41 162
94 114
95 56
92 153
38 145
15 10
75 138
27 91
52 180
38 107
5 23
57 196
33 89
59 84
31 180
99 67
62 16
76 125
64 66
6 88
20 68
77 68
19 98
69 118
97 133
64 66
33 55
28 122
100 196
85 94
93 171
38 39
26 115
66 141
87 68
39 65
7 141
77 45
20 12
83 51
17 137
86 199
72 94
39 104
40 27
30 176
29 138
23 108
69 89
11 22
97 152
3 142
12 26
93 81
67 93
64 14
7 11
7 70
45 30
89 48
56 131
74 30
13 123
55 64
82 11
13 175
8 62
37 134
7 103
24 153
27 57
16 20
31 167
39 152
96 140
85 159
58 54
86 66
23 23
97 40
73 42
47 106
64 180
26 45
45 33
56 59
6 181
84 154
45 108
75 113
59 116
98 132
22 116
74 29
1 182
77 76
11 25
47 191
86 47
57 48
18 58
51 56
69 27
85 39
4 194
52 169
42 59
93 41
1 71
82 47
95 73
25 174
68 86
12 58
61 46
84 111
82 191
20 144
71 58
15 153
17 55
56 63
84 110
86 147
34 81
98 185
37 116
99 148
36 43
74 183
29 52
35 107
14 50
28 198
38 151
54 151
82 71
22 145
36 145
68 109
10 104
16 127
3 50
43 146
58 22
91 103
15 96
23 153
47 192
72 88
70 56
42 176
71 90
76 84
6 192
59 177
35 62
1 41
4 73
37 20
13 61
99 32
54 95
5 100
31 101
99 66
86 178
65 125
92 45
69 68
30 162
35 58
51 138
9 39
63 55
75 133
31 154
90 45
70 71
32 198
67 150
91 186
93 113
94 13
3 118
52 200
11 109
75 156
52 148
16 58
25 182
43 50
61 65
52 187
39 197
63 151
74 23
96 190
98 179
47 181
3 122
47 95
82 180
85 100
55 176
100 59
46 62
16 14
55 137
28 63
10 192
63 113
29 162
25 141
43 126
3 124
77 150
60 108
34 141
49 25
80 95
23 67
25 16
57 111
25 156
44 105
8 63
56 74
37 47
88 183
84 75
35 43
17 58
81 96
71 124
43 101
66 164
77 153
6 72
41 110
99 172
52 38
97 199
81 38
73 90
4 93
94 165
98 41
88 28
36 184
31 187
86 133
8 128
29 63
24 194
74 68
58 135
43 170
28 143
88 121
56 155
46 69
4 148
29 145
87 155
23 20
30 134
58 95
28 152
24 127
30 116
39 59
77 148
78 63
39 149
39 103
98 170
65 155
74 157
16 76
32 154
97 45
78 62
37 152
60 76
88 95
47 31
40 111
32 108
82 38
46 76
58 50
81 42
40 139
6 92
65 20
53 200
41 100
9 20
22 89
85 117
96 18
15 124
69 30
24 162
61 53
83 123
75 192
5 131
14 195
73 191
44 19
11 162
88 38
94 19
72 144
62 83
34 200
64 194
73 182
68 166
83 81
37 38
25 158
76 75
