500
17403
39 25
99 158
82 79
83 118
85 135
48 32
47 180
13 92
71 106
10 124
36 165
70 118
78 178
84 196
68 159
39 189
20 101
55 91
86 141
61 35
42 40
91 132
73 26
9 143
97 165
28 45
2 175
64 138
3 44
17 45
31 182
100 51
40 51
53 18
72 81
4 27
85 162
85 34
18 79
85 27
31 89
51 177
58 87
38 31
44 47
48 22
80 193
59 146
74 121
57 174
72 47
43 88
67 37
7 150
97 17
65 196
42 68
44 200
92 44
46 41
24 20
17 145
20 129
18 36
24 115
52 106
92 75
53 169
52 10
32 112
38 196
54 53
34 71
12 76
69 127
66 35
6 11
51 15
100 101
77 148
63 190
21 76
87 150
15 125
15 41
85 185
88 159
55 82
80 57
23 140
78 200
34 65
13 100
49 36
33 83
2 89
20 21
79 139
55 141
71 64
50 84
32 102
5 190
53 105
17 141
36 49
38 58
94 60
87 111
34 79
23 23
93 31
56 93
44 39
4 91
40 61
41 12
44 177
80 96
26 82
68 60
64 135
93 174
29 61
29 69
5 107
52 92
81 82
86 30
68 40
50 13
25 85
28 151
2 26
56 97
97 97
27 121
37 103
68 79
21 153
59 167
51 168
80 27
21 49
90 188
90 94
81 28
84 56
35 42
87 140
75 79
24 12
60 117
11 132
9 197
85 184
67 148
74 45
10 147
23 71
73 101
61 126
50 200
95 113
96 87
92 118
14 187
41 40
79 102
74 79
86 177
30 138
90 103
64 187
58 112
73 93
8 189
94 188
38 152
73 57
45 85
31 122
57 176
15 25
26 88
93 132
85 101
1 101
64 109
94 197
88 127
90 28
31 126
75 14
42 85
96 152
3 96
73 146
55 96
71 18
34 77
61 146
52 101
38 110
15 138
60 131
57 80
79 108
20 95
4 158
41 58
73 147
26 94
59 24
21 109
28 140
93 161
88 37
40 182
28 176
25 148
40 111
23 165
17 184
26 29
1 55
78 93
22 35
54 32
57 110
8 121
5 20
100 191
90 198
96 162
68 192
28 59
1 83
64 19
29 183
87 29
38 143
25 73
95 181
19 42
93 36
32 79
31 192
10 83
20 115
55 16
14 11
87 98
27 177
53 105
11 86
91 101
32 145
62 82
11 134
50 91
27 37
71 67
33 13
65 85
94 54
79 153
53 167
2 80
90 65
56 78
33 102
29 115
72 81
37 152
29 46
47 154
97 172
10 125
25 22
39 146
71 183
95 175
57 103
96 15
44 73
78 162
85 180
92 44
4 107
48 78
41 18
46 33
10 11
63 57
72 56
46 10
18 96
81 54
57 96
34 25
66 133
29 92
15 96
61 30
48 27
98 156
97 148
46 67
4 35
38 97
64 94
73 131
28 166
56 182
100 106
17 60
13 120
50 95
3 16
35 169
74 123
75 95
49 20
42 167
57 64
88 53
53 92
72 71
28 43
10 198
27 42
12 82
29 129
46 23
27 119
56 121
11 125
3 175
35 52
11 115
66 165
93 60
8 69
77 199
43 138
43 136
37 196
60 35
69 19
89 144
65 115
78 153
17 70
21 12
73 182
99 94
65 112
36 191
30 153
84 102
40 60
43 154
66 29
12 90
78 66
19 68
91 116
24 98
73 69
34 142
1 25
73 199
29 184
7 169
87 88
51 120
33 27
68 98
55 194
46 119
71 107
22 113
6 71
88 137
48 48
84 64
22 198
69 170
8 130
2 11
10 57
65 154
72 11
79 139
34 42
16 195
86 170
6 40
61 159
28 59
90 124
3 62
1 143
100 25
40 46
49 27
3 199
24 73
89 127
69 91
94 74
79 127
29 184
47 24
23 141
5 159
73 187
83 48
65 174
66 149
6 186
30 32
18 97
93 75
27 95
37 187
74 84
55 35
93 15
42 152
18 49
12 40
82 109
21 98
51 26
22 169
65 192
33 187
48 26
70 155
25 138
67 155
35 133
60 143
68 111
24 53
31 15
45 197
57 128
93 100
57 96
49 172
14 136
89 125
77 61
23 102
95 188
55 130
57 85
80 76
27 191
89 112
81 116
69 177
64 134
93 138
52 143
81 120
46 23
52 69
52 195
47 134
41 153
33 63
10 66
14 66
5 64
85 137
41 112
21 78
29 78
1 187
76 109
38 82
31 139
61 42
17 20
85 152
81 197
38 198
61 51
56 123
48 13
13 188
49 157
18 165
5 57
28 162
2 111
