500
17676
100 77
30 116
65 160
95 21
1 30
90 122
18 167
95 45
77 66
37 48
98 27
31 68
97 106
92 110
11 96
38 162
58 88
28 64
85 82
3 34
61 153
31 36
67 102
31 150
86 61
17 68
7 129
69 125
43 10
63 145
46 37
45 200
41 14
79 154
40 145
32 75
23 14
35 27
2 72
17 13
41 35
8 97
9 21
65 18
81 183
81 119
6 110
83 77
72 164
43 168
25 124
90 70
27 74
20 15
48 92
83 156
87 125
37 28
83 138
94 94
85 92
80 11
44 150
79 57
32 174
92 135
97 25
64 57
57 121
54 107
6 139
34 106
88 16
98 32
94 82
59 61
12 150
52 140
47 62
46 198
24 195
17 144
6 27
69 174
72 30
3 153
23 82
17 102
7 151
31 29
20 94
20 196
78 61
37 153
38 190
19 177
20 134
33 170
77 163
22 145
83 22
30 16
72 36
80 119
73 83
18 180
43 10
78 184
86 165
5 111
97 57
100 130
15 108
29 13
79 16
93 82
4 152
16 61
92 92
72 153
86 176
46 14
78 13
58 98
63 138
66 129
80 162
69 105
53 80
18 17
63 65
87 33
31 62
26 68
40 93
26 112
28 77
100 90
59 17
47 154
46 114
65 16
71 50
12 140
71 135
25 181
75 182
97 70
2 64
95 94
8 129
92 13
3 150
21 15
62 76
31 114
85 126
10 139
21 195
9 109
7 147
75 49
39 167
90 82
94 199
60 130
45 115
45 164
74 58
82 135
98 196
86 157
83 50
84 184
21 161
38 193
30 73
32 49
27 99
62 118
90 49
12 180
46 86
51 129
50 129
41 156
24 24
69 46
62 162
88 103
65 199
48 156
38 12
19 172
78 53
34 36
82 150
96 98
49 159
3 163
52 46
14 106
40 36
64 147
63 102
70 98
45 68
41 11
66 143
3 103
23 24
4 93
52 157
29 27
92 56
10 81
32 137
11 129
95 127
27 182
69 166
83 123
36 153
17 75
68 41
59 125
51 156
48 78
84 139
68 34
88 16
72 37
82 186
1 145
81 79
83 199
74 52
33 131
16 183
41 113
20 160
86 43
77 43
83 149
56 135
87 148
55 127
91 70
85 67
47 55
39 103
28 51
55 119
54 40
74 56
69 158
80 23
24 20
64 58
61 22
63 187
21 167
56 83
74 27
55 10
57 199
49 10
80 140
7 108
67 64
48 185
87 52
75 101
9 14
31 23
43 50
17 154
5 67
8 39
79 168
28 15
9 60
35 184
33 84
75 182
77 179
58 114
20 80
50 33
24 165
22 104
97 86
79 194
84 169
98 176
43 51
35 38
95 94
49 29
61 190
50 192
47 153
70 102
50 134
40 136
2 167
72 194
72 49
74 70
20 10
55 22
56 188
30 95
40 83
79 129
30 81
58 113
9 46
48 22
4 168
3 24
21 171
14 182
5 177
30 82
65 14
45 115
18 79
98 180
35 39
29 173
55 123
18 46
57 130
41 83
49 127
74 143
40 80
92 49
92 116
1 61
39 162
16 169
46 166
13 103
47 118
20 196
59 16
94 55
74 128
59 12
60 35
88 24
40 16
22 86
6 187
21 171
68 116
63 163
56 162
90 94
42 30
72 76
95 183
4 141
41 170
82 49
94 120
18 30
4 124
50 168
69 149
35 168
27 162
45 34
99 144
71 185
91 125
6 58
51 127
43 48
80 109
56 40
38 138
83 10
94 15
60 117
70 138
62 74
42 178
27 179
74 137
14 165
83 71
17 100
27 157
50 163
79 178
31 136
60 91
69 108
78 33
79 69
49 57
36 77
7 173
68 196
90 169
16 29
19 167
75 60
97 94
82 151
55 192
75 167
35 123
25 13
44 66
35 16
13 190
81 126
47 195
31 146
13 140
37 51
18 51
99 41
37 194
50 14
90 90
33 53
80 102
66 170
67 174
9 125
25 73
65 91
1 91
49 50
50 173
56 10
4 41
52 44
43 186
56 41
14 177
67 30
55 95
59 87
70 97
36 35
23 119
76 186
53 162
5 190
29 17
28 140
5 64
15 171
9 161
79 114
56 20
39 200
74 150
9 148
32 15
11 84
18 163
93 51
81 140
75 34
14 71
85 93
25 82
81 126
5 146
77 199
44 112
71 81
89 17
25 127
84 176
38 161
10 184
76 11
57 22
76 58
10 127
17 190
40 191
22 36
6 183
36 15
74 80
49 162
85 76
98 60
63 70
77 126
94 56
