500
17622
9 98
86 185
43 76
55 122
58 12
60 22
94 185
24 81
31 120
18 177
2 91
57 14
59 32
44 171
68 91
63 151
30 17
19 48
90 57
41 141
57 134
71 104
83 29
41 12
66 74
23 108
57 69
40 177
90 187
36 60
26 129
40 21
41 126
86 118
37 124
62 198
73 194
4 75
88 14
35 52
44 166
92 20
41 119
99 78
34 52
69 58
57 96
71 103
40 68
53 96
51 18
19 184
31 128
55 134
6 108
17 180
41 82
30 22
96 29
87 135
65 44
43 102
35 158
81 134
69 180
11 154
23 54
74 66
29 175
9 107
38 85
34 43
90 18
96 37
18 50
64 122
75 88
10 128
5 199
73 189
80 160
86 48
17 114
49 39
80 67
52 123
80 35
45 158
59 141
91 117
17 97
92 177
54 46
36 13
22 38
77 42
92 17
69 194
95 139
80 29
6 67
50 142
62 21
14 116
51 111
96 119
67 127
10 68
64 146
70 136
38 173
45 152
89 186
14 49
66 120
74 181
37 123
72 138
56 108
70 182
65 86
99 145
13 50
35 69
29 137
79 162
8 73
40 165
16 118
65 176
8 56
15 135
68 117
94 86
40 113
76 69
82 74
74 155
72 53
35 91
12 167
84 158
61 67
51 200
12 31
44 77
10 183
73 44
19 142
34 32
33 107
70 169
16 197
48 154
82 78
37 33
25 199
59 124
73 16
12 26
40 189
66 103
95 19
67 195
48 141
73 160
72 61
8 146
79 56
21 118
59 92
8 123
11 189
33 137
5 46
50 63
54 96
21 83
65 164
27 71
70 158
9 183
79 60
87 170
18 164
79 123
87 91
60 173
63 142
57 60
59 176
28 99
65 183
82 115
11 54
10 39
37 146
89 52
58 40
71 90
67 187
50 200
26 121
39 168
18 170
72 47
84 90
25 196
46 158
76 187
62 182
17 177
15 183
85 196
80 94
86 105
70 198
62 21
47 38
31 150
88 42
41 48
1 94
5 81
29 45
82 40
97 90
59 11
20 59
39 20
9 105
30 138
18 92
39 33
89 57
59 94
62 64
88 104
88 123
31 165
48 178
97 156
79 58
36 173
57 44
54 128
6 146
42 125
53 89
100 113
44 72
90 45
45 134
90 28
74 123
59 72
68 63
23 132
76 94
49 176
19 61
62 140
80 17
94 166
93 170
100 71
57 154
36 43
75 115
85 67
98 194
78 145
67 15
28 73
90 141
37 44
84 40
25 40
11 111
43 57
23 29
63 155
63 11
68 127
69 96
34 182
75 13
43 83
98 135
19 148
71 60
44 142
72 24
22 169
27 85
93 19
5 52
69 145
30 194
13 125
50 74
90 122
26 123
32 162
6 150
96 103
50 79
3 89
9 109
66 174
51 19
31 50
49 149
33 180
50 172
83 94
4 89
28 25
20 13
15 168
28 33
18 183
46 50
65 84
35 139
6 32
94 128
70 87
13 170
25 169
24 59
68 165
19 166
84 90
76 161
42 152
40 150
51 109
98 132
33 151
34 195
63 32
31 94
58 124
60 101
92 174
2 162
69 83
50 135
46 21
75 117
30 33
95 89
19 28
72 92
48 92
2 63
49 164
15 27
5 10
37 118
27 133
19 173
1 63
66 16
63 17
37 158
92 74
6 61
47 91
88 34
70 34
36 85
14 174
75 74
69 141
26 29
24 185
76 192
22 193
29 108
100 198
6 127
48 19
19 35
4 103
25 123
25 141
61 23
87 181
52 130
61 117
100 123
88 137
32 64
47 12
53 95
16 55
97 129
82 55
30 115
36 86
45 17
37 171
81 66
39 50
23 118
12 22
63 52
40 103
26 151
77 65
84 162
85 145
56 134
83 47
94 168
1 149
98 171
29 106
67 59
35 83
55 170
56 35
93 80
61 100
19 47
16 200
79 167
38 193
80 92
29 29
76 120
92 128
43 156
9 42
63 91
19 91
52 43
73 197
60 183
40 51
65 63
6 33
92 58
52 197
49 104
61 122
95 87
68 62
48 14
24 21
41 81
83 167
37 154
57 27
65 162
59 81
96 78
49 165
62 71
57 41
16 151
93 170
13 24
61 55
12 146
5 72
64 147
63 22
19 132
35 11
33 105
85 70
49 20
44 28
14 64
97 198
15 72
16 140
12 153
4 18
60 33
65 190
1 160
28 32
93 139
8 85
41 137
95 81
90 189
12 115
47 167
96 185
24 52
35 51
18 162
29 137
66 82
8 149
