500
17782
44 65
39 114
38 129
87 95
67 96
14 89
80 186
30 93
92 84
3 57
4 57
50 168
61 85
32 190
99 162
1 19
51 132
56 150
31 90
8 181
37 23
36 132
2 136
97 46
58 184
77 79
60 186
64 104
1 25
7 150
69 158
44 125
58 108
2 35
46 93
59 176
74 200
97 59
62 116
1 96
5 199
52 193
74 150
7 198
69 172
84 90
26 150
46 172
21 39
12 43
9 155
100 98
79 187
57 180
36 48
89 116
97 63
32 164
83 180
20 98
23 84
14 200
59 65
88 143
56 134
93 74
61 175
86 27
24 135
15 63
45 162
75 157
89 192
26 187
57 44
15 22
10 102
24 199
64 16
17 59
52 57
100 86
85 194
83 149
56 55
27 77
44 115
85 132
73 76
15 78
51 119
2 156
28 165
10 164
85 110
81 129
11 10
52 69
46 101
64 15
75 28
38 101
63 164
55 172
71 42
85 143
78 44
13 91
91 11
67 115
28 48
33 95
55 48
44 28
64 36
31 170
47 112
73 92
71 91
2 35
18 164
84 21
60 27
80 88
49 58
98 152
20 169
51 160
45 31
9 86
2 40
9 136
94 48
29 121
85 182
50 137
82 33
46 161
100 119
20 91
11 48
65 123
53 192
20 143
72 104
72 23
88 21
75 90
16 192
39 158
11 150
34 106
88 73
39 118
30 29
62 193
26 98
11 35
61 153
29 33
66 97
50 76
44 125
61 50
91 137
28 92
27 103
50 112
75 91
81 61
80 162
84 178
66 70
27 176
88 195
31 110
73 27
50 30
67 68
78 81
7 97
37 70
88 41
92 92
48 135
80 59
25 146
100 137
72 27
91 81
89 72
19 166
41 85
9 150
97 32
27 109
74 171
56 119
91 55
30 42
78 114
40 94
50 97
45 161
93 147
52 70
18 174
70 20
89 15
34 14
46 135
30 183
63 69
10 92
50 197
73 103
82 198
93 135
95 150
21 157
86 194
87 100
54 162
93 75
80 75
84 142
20 126
41 149
31 170
54 31
32 107
79 197
62 169
97 188
20 43
32 68
28 168
97 48
9 90
56 130
66 52
49 199
90 149
81 164
69 164
30 100
6 22
46 25
24 129
60 18
45 30
83 32
68 130
85 170
81 85
14 135
56 53
78 172
60 181
53 40
38 176
32 167
48 17
50 136
43 156
28 184
12 131
77 185
99 59
64 122
80 32
8 146
41 112
96 36
92 180
84 196
25 54
21 103
68 54
68 128
22 172
98 77
25 128
59 198
74 33
54 72
5 106
82 148
46 45
71 109
19 45
40 102
89 173
59 110
89 172
40 194
97 96
2 127
11 195
66 193
36 54
11 190
95 168
53 197
46 30
78 76
14 87
72 48
33 29
97 48
38 155
26 195
23 17
13 68
53 176
36 46
93 13
30 111
27 199
7 61
97 102
5 43
57 176
40 30
55 61
68 132
4 94
94 159
16 83
12 28
50 67
1 68
9 58
96 32
90 167
55 142
40 181
57 74
46 161
58 45
27 128
41 52
1 52
3 34
78 20
93 164
50 99
52 85
43 147
8 71
2 172
3 156
16 152
5 33
14 112
21 172
63 55
86 31
100 50
28 97
73 96
18 61
8 122
93 73
93 11
39 98
13 15
85 74
57 110
31 200
92 110
59 166
6 90
91 119
59 108
66 41
84 178
13 119
14 105
51 153
100 199
77 134
41 16
13 141
86 78
19 99
64 57
63 167
5 179
95 96
34 36
89 70
25 47
20 34
48 146
87 38
52 109
7 65
99 100
94 104
90 73
42 192
83 180
46 150
11 109
68 81
79 42
82 85
38 102
75 15
9 54
62 141
47 149
65 124
50 125
52 198
9 44
89 69
79 20
73 125
68 189
13 37
27 141
25 110
32 67
59 67
67 165
99 19
57 120
34 109
62 23
28 189
91 143
1 85
13 36
20 20
16 118
14 173
70 182
58 166
23 193
65 93
87 20
5 16
52 14
18 134
83 23
81 176
70 105
36 49
38 156
18 128
92 119
1 52
5 14
94 30
5 80
39 161
79 173
87 53
21 84
54 123
19 121
63 20
2 123
46 39
100 180
9 91
48 64
67 120
89 88
9 165
21 184
41 66
23 148
25 78
63 90
2 59
31 12
3 159
29 47
84 171
45 195
93 165
53 105
98 36
60 87
89 61
78 183
75 199
17 102
45 155
62 103
70 136
35 176
60 87
6 90
20 14
71 159
94 70
