500
17483
23 18
92 66
44 168
7 175
8 145
96 118
80 143
54 172
49 41
63 52
94 179
65 143
21 107
2 159
32 51
56 113
35 50
87 101
87 134
96 65
60 142
96 52
9 198
81 72
90 173
99 121
39 84
65 167
8 30
35 169
35 102
52 141
72 100
77 193
6 138
75 69
19 158
54 30
33 123
63 180
56 179
75 158
41 14
36 158
20 44
82 60
2 200
77 193
21 98
26 114
18 117
68 54
78 199
89 193
15 110
8 199
55 164
64 61
88 71
63 187
24 57
81 180
17 120
95 19
11 80
59 28
25 180
94 141
15 187
4 167
85 20
93 195
81 175
71 158
41 104
57 88
53 79
7 18
64 77
35 173
54 62
64 71
96 146
55 199
23 191
93 50
80 96
54 24
91 158
36 142
45 90
77 56
100 33
58 31
29 34
66 23
23 10
57 97
67 125
37 129
36 119
75 156
59 146
34 57
51 69
25 131
92 60
64 161
44 25
6 182
8 25
83 160
24 24
70 64
18 98
59 75
16 116
18 169
69 151
43 40
96 44
79 109
72 47
68 43
60 28
54 31
82 34
13 127
12 39
14 188
73 156
27 94
40 38
88 115
88 120
94 17
61 145
50 153
84 148
90 10
48 33
47 118
92 116
27 167
98 117
56 21
76 129
33 143
47 12
92 166
6 22
39 153
29 168
87 10
37 35
5 27
56 181
95 134
88 85
79 198
99 80
72 168
88 55
63 81
86 72
43 163
93 112
84 136
46 175
11 19
7 119
15 107
21 21
56 91
85 13
41 142
83 108
15 58
58 46
56 194
23 115
16 74
4 191
3 157
53 128
48 50
86 48
74 109
98 51
23 10
73 102
78 147
49 99
65 77
19 34
59 11
49 85
35 165
72 23
28 123
89 58
46 170
87 197
42 195
15 91
68 112
50 35
8 60
11 194
81 131
58 64
44 125
48 92
40 14
29 28
54 73
5 102
42 95
41 125
17 107
9 119
3 114
12 178
3 136
12 65
47 90
10 81
15 15
62 185
93 95
26 62
95 165
50 117
26 175
48 195
94 58
96 54
88 168
47 163
84 44
45 119
15 106
23 79
78 11
21 60
62 110
79 16
74 142
79 119
50 198
25 170
97 69
10 85
58 133
2 89
48 60
99 144
38 130
51 119
6 41
71 139
41 75
4 24
58 92
18 109
31 132
1 22
42 146
88 136
95 125
54 49
91 171
17 54
14 72
20 141
60 20
61 108
55 68
93 194
25 113
52 145
2 198
13 189
79 59
22 78
23 149
44 188
64 40
80 174
99 112
10 23
8 88
30 160
91 65
69 147
81 120
87 193
57 16
51 44
51 146
46 20
53 60
24 31
28 119
90 196
50 129
28 12
97 195
57 72
20 139
85 177
99 98
16 23
43 146
2 200
46 191
3 13
34 136
61 58
36 191
2 146
27 43
83 63
34 106
9 38
51 189
1 112
23 105
66 36
44 23
38 160
58 92
43 33
66 65
60 86
16 14
37 29
27 36
56 118
4 91
46 107
62 28
4 185
85 147
51 35
21 198
11 191
38 130
100 131
26 76
39 67
86 65
44 152
80 165
77 64
7 128
36 26
71 142
12 180
80 192
2 68
32 15
92 65
68 170
97 96
40 100
20 184
61 184
55 113
69 41
86 56
34 172
13 177
89 144
13 200
69 50
11 176
10 176
7 121
9 172
36 61
75 121
86 118
100 43
80 199
24 193
15 135
52 77
57 59
1 180
94 97
34 164
37 108
35 156
27 139
83 17
11 44
81 85
39 97
43 184
99 106
30 56
41 22
38 19
14 150
38 36
2 137
56 154
43 46
46 132
53 163
21 79
11 39
48 42
29 158
84 107
86 67
10 132
67 114
15 187
27 170
80 51
93 142
47 189
84 144
54 60
49 89
50 150
41 11
15 42
86 39
36 176
41 75
30 12
75 179
42 17
27 146
33 114
18 52
13 116
28 129
98 195
80 44
48 66
37 58
91 63
22 163
37 188
53 165
68 182
3 11
4 137
19 182
54 80
97 117
62 72
33 199
99 105
90 124
33 22
95 87
34 87
37 188
43 51
58 140
13 78
94 79
55 33
32 155
50 184
24 22
44 196
47 64
58 83
88 141
21 111
96 41
34 14
89 175
58 171
42 154
29 118
75 123
61 142
67 29
12 199
64 117
43 97
77 60
48 99
74 74
18 122
47 27
63 97
79 85
63 135
36 168
38 165
99 38
100 57
