500
17101
47 21
59 150
33 162
52 188
4 57
96 71
74 55
39 128
17 21
37 96
94 153
75 105
40 41
28 69
19 47
93 64
59 182
84 22
94 100
92 54
99 120
57 125
42 101
58 30
76 120
91 110
83 129
12 159
37 10
17 194
37 173
59 109
56 77
6 70
73 35
7 150
96 75
28 20
45 167
48 62
60 33
17 39
44 127
78 94
36 41
71 90
6 62
27 43
13 95
16 83
16 76
28 191
27 182
13 187
18 133
56 132
4 160
26 175
50 107
92 170
4 62
39 53
30 17
40 111
72 130
4 143
70 155
41 193
1 34
62 29
17 168
91 187
44 95
60 58
15 85
55 94
6 63
13 172
24 151
8 153
57 143
44 52
69 126
21 102
17 70
23 12
67 103
6 85
74 73
97 145
24 134
21 150
91 56
72 34
35 96
8 180
62 109
74 118
73 171
96 72
1 105
43 66
25 178
67 34
18 114
71 108
39 167
17 168
52 164
13 149
7 149
90 44
48 22
24 142
97 84
87 148
29 143
84 131
4 21
68 177
29 52
65 154
24 177
65 41
71 175
11 14
27 118
54 11
19 59
39 133
99 195
77 23
80 122
98 72
6 160
28 182
91 139
29 120
46 63
58 180
35 176
66 190
7 177
40 56
5 24
44 192
62 36
52 116
59 30
7 16
20 45
33 77
52 36
58 58
6 104
36 87
47 74
83 61
60 184
78 70
18 108
9 16
22 163
76 49
69 98
39 58
26 122
67 137
64 107
1 127
30 62
13 100
99 200
29 183
99 49
61 111
25 163
59 47
100 192
37 155
42 32
79 10
68 44
79 95
56 141
37 62
98 84
9 118
44 47
35 125
37 109
74 47
90 95
78 158
79 195
24 19
17 31
73 47
31 172
41 93
97 192
71 51
41 37
33 161
25 176
69 128
13 52
41 196
28 118
62 160
86 19
75 38
88 91
43 56
83 156
47 186
12 179
2 50
56 74
67 11
15 158
50 174
9 144
38 22
32 15
60 144
13 54
63 12
84 135
57 74
27 53
1 57
84 74
9 110
6 12
98 113
3 81
42 194
99 62
18 121
18 177
74 159
42 117
45 196
35 144
9 197
16 53
43 154
96 192
12 113
37 127
66 27
87 173
84 173
91 14
1 156
31 123
40 104
27 172
49 129
59 170
61 41
78 59
65 170
73 154
50 127
69 200
43 56
32 180
97 54
2 48
82 91
76 127
65 117
55 115
33 125
36 143
83 166
2 174
68 94
58 62
32 173
12 162
33 37
17 114
32 116
13 113
93 43
16 141
54 11
77 57
73 162
6 151
65 186
36 89
7 125
92 146
7 38
58 137
14 167
50 169
96 188
76 38
96 184
80 104
89 171
25 62
23 85
58 118
25 171
48 133
72 114
22 140
7 29
92 177
82 134
83 104
13 110
87 66
21 27
45 32
94 169
81 184
13 81
33 152
82 81
94 88
68 151
16 200
7 56
81 154
52 97
80 90
69 170
15 150
39 58
38 152
56 168
45 147
7 174
22 103
34 196
50 41
26 111
8 194
60 31
85 117
57 153
98 60
88 117
4 18
81 73
99 58
35 42
54 107
8 181
85 160
98 153
58 151
3 149
47 165
50 130
40 31
99 136
10 147
91 61
14 81
84 54
63 17
22 143
95 78
21 26
54 105
53 122
28 160
31 162
79 123
17 77
73 179
2 187
47 199
94 133
54 60
93 37
15 132
93 170
72 70
58 132
65 162
45 14
55 107
41 197
27 43
99 13
77 184
23 130
86 187
81 132
46 182
87 46
57 146
7 61
67 43
10 76
69 127
1 76
95 28
43 12
13 155
53 191
23 18
54 198
48 73
14 25
75 82
58 160
42 155
3 134
55 172
49 178
76 95
96 76
56 94
78 162
70 105
85 155
38 32
83 171
46 188
29 58
79 96
14 64
31 45
37 197
14 187
12 20
77 38
35 74
44 116
26 135
1 126
64 189
11 95
59 62
44 121
60 187
20 59
43 90
13 37
22 196
83 154
3 92
94 29
85 165
30 54
90 113
24 112
45 146
69 45
2 177
66 22
50 77
100 116
87 196
45 137
7 25
25 142
76 176
16 74
27 86
65 96
29 167
68 152
70 160
81 23
20 36
13 33
90 140
54 189
90 57
56 136
59 113
29 194
49 91
58 23
51 91
21 19
76 22
55 96
85 85
32 12
78 109
35 37
54 87
83 109
51 158
74 28
80 22
22 127
90 38
