500
18069
18 171
76 72
7 121
31 172
1 58
17 15
6 198
64 12
5 86
18 145
64 177
85 11
11 148
55 46
9 31
33 146
6 179
33 103
38 136
42 26
25 195
36 120
18 182
11 179
79 90
66 120
3 58
25 149
32 188
40 47
93 44
55 49
51 106
86 26
8 86
90 54
45 102
92 167
51 146
53 82
11 156
75 139
98 54
82 193
100 25
96 30
5 95
23 47
90 31
29 114
4 84
77 100
34 61
84 47
34 21
10 50
91 180
90 57
100 91
25 75
54 64
46 179
22 112
98 119
40 24
47 175
29 149
93 21
60 81
39 61
60 109
44 25
84 139
68 61
47 88
65 103
67 136
10 74
1 156
38 112
53 171
44 94
53 25
57 149
50 129
65 29
2 183
95 175
53 68
55 35
74 79
43 89
4 115
71 32
99 75
70 134
71 48
6 60
50 114
10 152
98 104
88 106
90 10
41 26
1 92
85 188
28 170
86 167
57 134
47 178
47 62
93 79
20 13
24 179
51 193
4 23
94 36
28 153
51 71
17 37
81 43
93 164
26 42
99 164
8 123
20 53
36 121
78 117
96 21
41 161
72 194
53 53
86 34
45 62
98 69
51 172
25 84
64 179
17 187
32 94
81 97
81 151
70 47
2 140
97 83
72 112
69 116
79 57
71 76
34 165
7 128
67 139
35 156
80 67
90 21
67 159
11 135
23 170
17 27
74 158
43 150
43 58
60 86
10 69
23 117
90 103
19 156
90 73
98 45
14 163
80 28
93 148
4 167
47 156
38 50
100 43
43 111
98 200
81 115
81 107
35 42
16 80
43 170
37 20
68 188
17 92
23 196
98 66
21 23
30 71
15 119
40 27
50 174
30 83
6 19
94 57
10 128
6 197
81 145
98 52
58 40
54 159
16 13
46 168
46 45
93 159
48 35
99 160
64 29
86 29
97 170
63 166
70 16
68 65
49 44
3 142
10 43
33 79
13 100
73 108
79 58
33 111
55 184
11 159
23 103
83 151
27 123
31 120
98 97
27 123
32 133
88 94
76 19
81 109
35 45
68 177
16 54
64 186
43 167
65 107
39 74
2 90
21 176
73 70
10 71
61 189
24 155
34 193
69 194
16 95
15 181
75 125
53 183
11 162
83 154
11 23
26 54
3 169
80 39
63 54
63 121
19 93
4 119
18 183
28 189
61 159
54 133
74 72
70 164
14 60
50 85
20 94
68 166
7 12
24 57
29 21
76 10
79 24
100 130
27 117
59 67
64 65
14 155
90 151
54 108
96 36
71 62
19 157
86 130
100 111
6 108
78 174
8 38
78 97
91 129
87 107
81 98
47 30
23 15
77 134
89 193
31 133
42 123
74 33
40 97
10 95
56 112
5 190
35 114
85 13
88 195
62 35
54 112
69 26
13 83
31 88
86 19
74 154
44 55
59 62
30 159
3 138
96 116
68 92
88 105
54 49
61 185
57 78
12 49
19 149
72 166
78 54
89 72
100 163
33 112
70 21
35 155
45 23
75 79
55 194
92 31
8 26
46 126
93 37
70 93
17 44
38 163
89 186
11 191
100 155
32 67
17 139
45 57
94 197
85 196
10 23
61 191
9 186
89 137
98 66
48 95
53 164
88 180
75 106
53 145
85 149
89 119
70 118
42 78
59 106
96 152
54 135
100 186
60 55
79 152
52 200
62 108
22 181
84 183
6 49
46 77
48 40
46 121
80 60
62 36
72 44
68 59
68 38
61 164
88 159
13 118
61 132
32 23
12 176
11 59
5 83
84 189
35 58
68 108
52 163
11 145
45 91
82 138
67 163
1 192
68 12
55 194
83 88
58 121
77 131
68 170
75 165
78 115
74 26
83 93
99 38
65 111
35 85
47 173
30 129
2 139
19 100
20 84
76 41
15 155
64 105
57 28
99 179
92 193
15 185
85 15
41 28
22 39
86 118
38 189
40 93
87 168
45 142
56 93
5 17
12 117
33 41
20 132
67 49
13 149
19 60
49 108
86 57
31 26
92 158
93 138
60 130
1 10
47 197
52 169
71 80
73 99
21 66
73 15
78 21
97 47
68 26
2 74
60 103
83 37
26 197
49 53
25 12
88 198
77 148
44 93
93 76
80 121
5 49
93 35
77 67
43 189
22 157
14 25
21 96
81 185
99 89
42 155
79 72
29 167
75 129
41 141
18 193
43 20
9 23
2 129
58 33
59 35
94 63
42 34
11 117
55 151
74 116
33 94
16 183
