500
17874
57 66
65 155
27 71
59 17
9 98
15 172
1 56
37 146
29 111
77 142
81 72
17 186
86 17
79 153
13 126
95 117
98 32
63 118
27 144
24 101
36 128
42 120
38 107
12 138
42 48
48 96
11 50
18 80
31 52
51 99
77 78
74 133
71 53
25 199
36 143
48 171
69 63
34 43
66 176
83 46
4 148
28 75
32 69
41 97
44 157
69 95
1 106
61 93
36 155
19 26
100 47
21 69
56 77
62 62
57 77
73 122
9 99
80 47
67 91
42 137
91 107
63 122
32 177
89 50
65 95
32 52
62 47
13 179
62 37
18 70
80 31
41 187
51 180
9 49
15 111
61 25
79 24
28 174
87 62
63 85
84 153
45 28
23 19
51 195
1 93
66 92
21 172
9 155
20 65
70 127
50 112
35 160
78 177
73 152
52 137
92 14
74 169
15 163
45 73
37 58
100 19
41 24
21 94
82 188
80 121
79 161
97 174
66 187
92 171
42 132
15 179
56 98
99 159
96 100
61 155
30 108
41 68
63 167
65 71
5 176
3 131
10 30
31 86
89 179
33 56
74 145
83 76
19 187
99 140
58 18
29 166
63 176
34 182
5 183
94 32
13 182
80 137
100 38
52 76
96 39
53 58
46 144
43 45
70 53
95 193
55 114
86 89
32 166
66 154
71 190
71 199
13 28
91 44
35 158
81 78
59 65
82 138
52 55
99 97
23 69
69 111
82 111
50 46
18 160
90 53
32 82
59 59
68 36
52 193
49 105
31 131
3 118
19 66
54 15
55 156
28 23
58 59
82 18
26 192
76 103
84 66
70 34
62 142
5 139
19 124
96 142
4 69
86 150
27 109
82 114
75 186
58 187
14 49
48 143
49 142
64 146
45 39
83 186
78 34
25 153
72 30
48 36
56 146
28 94
87 117
5 145
90 24
95 137
86 47
72 69
40 147
35 11
60 149
90 180
12 155
49 144
48 17
55 87
93 19
41 165
55 177
39 189
81 165
93 20
68 39
87 136
2 93
70 155
14 130
6 164
99 143
46 28
70 143
32 117
34 170
12 130
73 63
43 56
4 160
48 149
60 160
55 155
18 47
76 39
68 13
15 118
91 58
13 48
9 179
14 145
6 173
90 144
84 46
37 149
3 70
38 173
3 13
54 64
93 161
17 110
75 183
5 80
54 96
38 95
47 140
30 174
3 157
21 177
7 125
18 23
51 92
74 14
29 153
8 114
3 19
21 131
75 83
16 32
25 74
96 92
79 160
56 133
77 71
90 36
15 48
92 92
89 199
12 198
78 93
11 110
87 16
15 70
12 59
35 104
85 91
50 187
6 190
76 77
98 49
8 93
63 39
9 81
90 51
91 122
31 185
100 113
40 83
34 11
47 132
10 63
87 198
76 93
75 174
25 160
41 93
8 124
29 28
12 42
20 58
20 105
16 32
24 195
52 55
60 146
83 191
18 77
100 106
85 146
9 54
46 101
44 106
88 183
6 159
82 34
23 45
94 55
29 192
55 112
51 64
35 166
82 166
41 182
12 182
88 175
79 59
21 147
93 185
60 164
96 185
10 73
6 29
64 187
15 40
99 145
90 91
4 73
12 99
97 81
47 200
40 94
69 61
18 187
74 131
48 67
70 132
57 81
49 116
28 75
82 65
48 138
34 117
34 12
66 196
88 117
38 143
32 16
85 176
20 170
63 163
87 91
15 54
42 107
7 33
81 143
69 128
33 81
99 194
57 176
16 198
98 103
18 91
71 186
54 34
57 17
71 87
78 90
57 94
17 161
48 75
84 156
36 67
18 39
86 160
97 123
51 74
99 88
66 69
95 53
70 77
28 73
29 59
41 15
73 16
74 135
76 149
96 144
26 71
95 99
63 47
12 77
40 30
26 124
72 119
85 21
25 176
28 91
37 178
24 90
65 200
32 98
91 52
19 43
36 158
15 45
52 118
30 107
71 126
45 64
55 142
8 58
92 85
52 98
41 143
8 69
38 183
67 106
35 132
10 54
64 188
29 194
57 77
92 143
32 164
91 71
94 160
55 16
93 91
26 177
83 35
71 135
34 13
9 190
73 132
4 104
69 124
62 49
99 17
93 168
63 127
6 23
31 149
20 61
13 47
96 24
77 25
49 117
69 95
92 56
66 130
8 18
98 64
87 30
90 142
28 99
37 141
45 192
66 111
60 149
7 144
46 101
51 43
51 159
26 36
68 112
70 46
97 135
33 140
48 65
16 139
37 33
