500
17514
10 168
29 20
43 105
84 58
24 189
36 180
52 189
40 99
91 149
44 109
51 155
76 180
93 19
51 196
91 170
92 96
44 52
73 48
20 84
46 22
1 179
2 131
18 162
9 17
21 82
85 112
22 88
64 70
17 12
90 10
29 158
14 160
86 167
99 67
31 46
21 72
29 138
85 25
11 93
67 151
11 41
18 157
36 76
49 182
95 119
43 183
73 75
24 162
54 136
26 11
15 168
82 28
64 92
62 143
92 95
9 25
83 186
57 83
67 41
65 107
86 108
78 186
29 92
67 199
8 113
80 185
14 46
93 21
65 185
71 73
99 183
75 171
61 177
52 32
4 147
68 158
5 58
41 79
89 107
14 58
29 97
30 76
100 186
99 92
77 184
61 107
49 79
35 157
13 147
53 187
25 113
67 12
94 62
19 112
22 110
75 71
94 199
35 102
81 14
61 94
66 67
25 133
71 66
95 106
14 12
15 57
92 67
28 191
86 108
8 186
20 118
57 164
96 72
73 77
23 165
3 14
61 73
68 156
29 121
62 62
81 85
1 67
74 183
18 185
88 33
39 15
55 154
4 51
46 60
82 34
55 165
100 24
48 120
63 38
79 97
27 183
21 24
30 11
86 152
8 186
51 48
19 96
100 178
81 108
33 169
77 57
91 186
71 191
74 18
28 90
17 94
13 115
45 38
24 197
64 100
18 22
66 190
25 134
63 62
47 142
59 185
84 186
31 107
29 108
4 192
97 134
56 160
33 144
6 42
92 28
46 195
32 188
44 140
2 189
76 87
68 171
36 95
48 82
80 168
30 84
79 147
22 172
95 175
20 200
99 120
22 37
1 183
41 71
19 88
28 41
3 151
16 68
57 130
57 112
48 74
70 171
36 124
53 95
23 27
61 56
80 85
9 20
54 85
61 175
45 44
85 127
1 73
11 55
22 155
44 96
66 72
89 165
27 103
58 59
9 164
8 64
57 149
79 52
62 61
85 29
3 191
81 127
2 129
54 69
52 18
5 30
81 103
25 115
100 96
25 73
26 140
91 23
87 120
68 88
89 103
2 81
6 81
89 71
48 18
93 177
46 11
83 21
74 155
71 100
75 76
88 77
67 18
5 110
55 92
86 148
29 35
49 41
28 196
41 62
38 155
83 33
30 186
83 83
54 29
83 121
85 53
53 184
90 155
6 141
61 45
31 43
25 112
43 69
5 62
28 27
45 61
85 163
50 166
54 97
68 126
90 28
18 167
40 64
58 29
74 126
77 172
2 72
48 199
30 129
83 76
62 182
35 35
58 193
59 109
84 30
91 100
55 142
12 152
22 39
5 15
89 111
25 113
48 109
56 132
21 82
28 64
44 12
48 109
80 43
39 54
77 114
44 73
39 179
59 178
87 160
100 114
74 169
15 69
28 45
22 180
50 55
80 29
90 50
97 190
68 167
27 50
44 137
76 102
22 22
60 90
90 41
34 110
46 56
6 56
99 150
44 13
6 14
76 118
66 77
23 157
38 175
72 189
66 40
74 92
12 141
90 28
34 124
7 97
42 162
39 80
15 110
16 74
2 187
16 93
82 124
59 186
45 134
97 81
81 194
49 74
23 29
15 24
37 57
43 160
49 36
73 177
63 90
91 107
11 122
95 134
91 181
63 81
73 57
90 158
35 116
47 163
44 106
11 20
30 40
91 39
4 103
7 33
94 94
96 94
31 119
76 185
51 36
58 172
7 157
98 108
60 118
25 108
60 117
47 198
43 47
66 43
10 196
4 190
8 192
43 74
33 150
37 60
90 116
30 58
49 61
60 108
17 51
61 67
82 43
64 14
13 103
76 46
10 139
91 159
26 200
93 69
28 12
49 193
36 162
44 83
22 119
30 136
68 29
32 195
24 176
12 34
89 165
82 107
81 192
78 23
10 41
11 38
14 22
37 93
45 54
17 70
10 152
48 169
10 165
20 123
79 79
97 172
63 86
48 128
89 113
34 102
84 114
83 141
56 77
69 116
99 188
1 29
98 95
100 194
35 175
86 123
57 149
74 155
84 153
25 186
66 189
93 92
93 69
17 62
28 21
23 174
2 184
35 35
34 188
19 125
58 104
71 53
11 155
53 34
4 178
24 93
38 110
22 80
60 66
5 175
1 99
89 55
42 13
100 163
100 196
83 126
66 151
75 185
29 190
57 45
14 108
21 197
79 197
4 94
95 59
74 56
92 47
46 100
55 18
36 176
7 76
53 76
40 87
52 194
18 118
