500
17240
63 165
78 151
37 103
47 173
89 154
15 110
82 78
82 72
31 139
61 60
7 102
35 15
94 129
32 14
9 161
52 182
78 120
78 188
5 179
6 158
74 187
96 37
57 159
39 13
32 36
12 45
47 136
80 172
6 64
44 61
38 133
19 17
91 43
71 134
81 197
98 75
37 109
74 121
59 55
41 113
32 167
60 107
5 160
8 46
81 167
29 111
5 106
1 121
28 169
90 48
88 92
7 122
30 141
10 131
75 64
61 183
62 14
55 197
4 137
70 147
13 34
24 191
66 84
20 15
29 200
26 13
11 119
5 67
83 23
83 73
96 16
16 91
78 149
68 22
51 28
90 148
25 200
8 67
3 14
8 50
36 119
77 186
53 67
6 181
96 32
11 54
56 76
80 189
17 152
75 43
60 111
67 22
68 142
49 27
72 26
59 111
97 102
36 193
4 26
93 33
9 80
81 191
32 152
35 105
14 65
11 151
16 25
97 67
32 112
76 25
21 95
39 165
37 12
79 68
43 125
77 45
7 34
34 65
55 123
6 41
90 143
52 118
95 81
29 95
1 69
41 157
54 183
20 111
45 94
97 152
54 98
27 159
2 27
59 145
83 10
45 50
3 136
63 27
20 162
33 180
26 147
13 78
74 177
66 153
37 110
22 59
76 115
34 111
43 82
48 83
84 193
98 96
74 106
65 183
86 120
19 190
39 128
51 128
71 126
46 80
21 51
2 45
68 108
46 58
14 105
60 117
82 54
13 11
70 17
76 42
10 58
55 110
86 79
17 64
88 82
100 29
46 53
70 94
7 168
32 142
50 152
33 116
12 101
37 40
70 92
74 68
52 199
36 105
4 172
63 75
30 37
32 153
58 178
57 81
96 197
26 33
45 109
19 200
42 30
54 133
77 136
26 116
66 60
66 47
9 151
63 166
52 56
54 59
28 157
3 128
14 62
92 75
83 19
66 157
94 79
10 24
24 200
38 175
18 87
71 104
39 78
17 109
92 109
52 199
95 142
18 130
73 155
71 114
50 28
15 39
45 45
82 153
20 18
82 124
33 107
37 35
98 151
95 45
83 102
21 169
80 90
25 50
10 153
50 130
78 12
50 138
20 62
30 126
87 172
40 119
12 54
85 125
60 88
63 136
6 186
100 109
14 155
66 141
96 97
18 77
67 162
59 42
61 179
94 127
49 108
13 190
75 179
50 54
74 62
38 104
27 114
90 154
38 83
89 34
77 64
32 187
40 107
53 116
96 183
75 51
98 186
59 90
78 103
19 178
29 54
35 103
70 23
66 126
11 12
93 39
26 38
81 101
76 135
95 163
81 128
64 63
19 191
100 65
52 26
62 161
16 190
37 146
77 71
74 133
1 77
56 172
32 103
55 181
71 10
80 123
42 154
50 27
95 160
47 165
21 10
23 28
57 63
56 103
8 168
28 83
80 80
21 50
5 82
10 126
82 62
36 59
86 56
77 167
60 157
95 87
33 90
4 97
24 190
21 163
19 82
75 96
91 75
69 152
10 47
48 148
5 69
68 71
22 49
82 26
48 66
45 47
77 171
12 75
28 160
58 143
85 27
79 24
36 50
43 118
13 100
79 25
21 40
23 74
37 147
81 188
76 54
87 83
17 184
97 98
3 57
91 34
3 96
62 68
26 153
64 134
74 74
7 141
85 115
6 81
95 161
35 186
24 97
14 190
1 23
48 172
50 113
39 152
35 176
69 106
52 15
93 131
34 15
97 18
89 75
6 153
86 22
63 145
63 178
1 42
95 129
93 24
82 195
36 41
39 44
85 134
25 138
93 143
56 30
64 183
53 80
80 96
94 161
45 125
66 118
2 107
89 134
44 30
31 187
38 41
25 140
79 169
28 90
33 14
61 141
46 174
3 51
48 154
19 107
54 148
64 78
25 67
27 57
50 71
48 25
68 82
17 30
5 128
39 102
84 81
16 78
93 84
70 91
42 120
22 200
92 29
5 123
22 159
16 143
97 42
76 51
35 184
32 36
18 119
77 53
72 47
17 41
46 153
79 129
65 10
18 186
53 74
35 79
54 191
49 189
17 192
9 64
91 91
56 180
58 133
2 129
14 175
27 55
29 67
60 27
8 114
87 159
86 66
95 162
69 155
9 186
41 64
19 27
75 45
55 171
42 162
48 13
10 96
5 108
35 143
43 54
77 129
51 106
86 59
44 189
65 39
99 81
60 136
84 45
84 114
70 168
32 77
11 144
21 129
89 27
21 104
