500
18286
47 112
70 110
40 33
17 159
63 148
42 98
34 182
71 88
44 152
45 72
47 148
70 129
78 66
11 137
67 90
63 32
10 131
64 169
70 171
34 116
96 172
36 53
13 138
54 148
72 76
26 168
59 193
66 90
80 44
20 38
61 133
30 146
55 166
84 118
52 107
21 144
82 164
85 60
19 113
79 89
38 18
72 99
15 59
26 187
80 121
95 155
15 79
76 46
56 119
49 146
38 179
64 31
89 45
15 147
22 49
79 166
78 120
24 84
17 98
14 175
2 114
30 44
19 69
51 58
76 168
55 69
7 98
14 185
81 31
64 49
23 63
35 39
57 77
17 129
8 77
33 24
97 81
94 192
18 44
32 176
28 146
96 156
25 35
76 197
79 46
30 144
95 66
73 177
15 32
55 103
17 40
70 51
33 163
12 79
66 166
73 139
62 166
58 193
24 50
82 96
35 112
55 189
10 149
23 166
73 102
82 29
39 145
80 175
11 123
17 188
88 135
40 96
64 114
26 156
57 74
36 196
57 105
99 142
1 102
94 122
67 143
99 91
27 145
36 106
62 13
95 42
7 185
85 23
77 198
67 74
81 145
43 28
39 126
35 124
11 85
14 150
41 58
69 101
25 126
15 177
74 168
4 16
81 200
12 106
34 171
36 149
5 51
2 53
50 38
37 173
79 46
81 46
64 161
82 14
98 119
49 61
2 32
93 115
94 133
82 76
16 192
46 89
71 186
93 173
21 183
97 96
13 94
80 100
7 161
2 92
23 28
18 46
1 120
76 52
75 77
5 71
20 158
65 17
3 87
24 66
96 132
28 66
97 20
19 44
47 119
66 24
61 149
8 185
47 156
21 114
58 103
74 76
53 111
76 25
80 97
71 139
79 141
93 169
85 137
20 51
32 30
83 164
94 80
1 99
84 144
97 72
72 136
86 125
31 65
72 168
89 137
80 106
44 56
28 128
34 123
37 71
62 29
66 21
51 149
42 91
52 98
22 36
77 169
6 31
14 147
2 38
93 76
57 87
45 169
91 71
21 152
25 80
48 185
73 192
86 85
30 49
44 40
76 110
24 137
18 81
36 156
55 133
78 75
29 110
81 102
94 147
92 13
33 182
73 156
89 26
58 194
93 46
44 176
24 81
65 128
16 97
76 197
5 125
25 42
87 12
72 200
71 34
11 145
59 99
37 146
97 65
50 172
80 60
95 197
85 21
85 57
82 46
23 174
81 69
49 24
94 54
81 197
29 162
25 82
17 51
5 198
7 25
100 41
36 54
48 94
26 144
86 63
11 160
84 147
4 38
73 82
95 18
49 10
31 159
38 146
72 60
34 23
70 32
70 53
4 135
39 102
100 54
89 188
14 117
83 136
48 24
65 154
67 159
80 95
62 144
100 184
84 72
9 34
43 59
20 46
4 118
48 55
4 122
94 186
70 35
4 19
72 186
3 173
86 77
36 111
32 22
98 200
27 32
54 49
53 148
29 59
37 118
87 156
80 133
52 154
67 132
24 22
71 10
17 151
38 194
80 200
52 92
78 137
9 17
54 150
93 164
13 19
64 173
67 19
42 80
99 151
73 105
94 163
95 117
47 158
28 20
31 11
60 39
47 33
67 126
49 169
34 142
96 114
19 129
1 85
51 134
99 57
9 39
3 87
94 124
88 66
54 159
69 137
9 191
25 80
71 43
42 189
62 171
74 41
92 75
75 152
94 79
53 143
51 83
98 157
32 92
39 141
68 152
52 158
12 20
69 105
95 89
82 46
30 100
34 96
44 97
65 91
35 32
14 160
31 121
85 70
21 145
50 71
99 64
77 51
48 53
44 109
99 21
52 41
37 127
69 178
94 195
19 171
60 53
67 98
68 127
75 54
25 36
68 168
77 195
58 109
16 62
74 25
82 93
37 81
19 53
40 60
37 93
80 121
91 83
19 33
93 127
28 179
84 134
78 64
1 142
48 37
65 109
32 159
42 58
2 24
75 190
39 61
37 163
81 88
99 115
51 119
18 86
37 139
14 69
56 146
20 190
78 179
62 148
18 82
5 41
41 182
92 175
2 120
50 148
79 154
85 108
79 46
84 163
97 14
22 126
97 98
58 144
40 200
38 190
68 118
66 120
43 154
20 188
19 31
17 139
60 28
58 149
79 176
59 130
31 170
91 122
70 196
47 105
82 94
72 182
52 141
1 66
22 113
33 89
91 188
92 115
77 149
85 155
22 40
17 110
94 28
94 61
44 82
2 28
