500
17666
90 120
25 57
95 27
35 128
17 79
93 113
20 81
10 126
54 173
6 49
18 169
46 46
94 172
92 177
46 143
33 13
82 163
31 124
60 192
63 118
37 156
58 146
75 58
76 128
13 68
31 132
73 64
16 24
80 87
69 165
51 108
58 77
31 127
84 70
70 150
84 127
83 89
68 125
83 45
41 51
93 61
10 167
20 165
9 146
17 198
3 156
51 196
42 159
8 149
12 127
71 189
13 197
8 111
53 157
40 124
52 69
68 36
24 35
68 53
49 156
30 189
47 27
23 80
86 197
11 183
12 87
72 164
9 32
75 153
83 168
58 19
16 177
89 27
28 17
76 187
85 65
51 162
22 198
61 169
78 134
48 162
8 67
61 82
40 80
57 47
6 131
68 136
44 26
66 12
78 73
69 195
46 166
59 148
12 145
8 38
100 179
87 125
1 140
66 39
88 10
67 191
60 39
37 180
82 103
52 102
74 140
17 194
49 200
66 136
37 146
18 199
45 152
27 13
71 83
18 179
20 44
73 101
81 109
42 187
81 137
60 71
78 17
39 79
3 99
15 132
68 66
14 50
3 137
33 194
72 90
70 197
94 60
42 96
75 171
66 90
61 194
81 41
48 76
91 126
74 68
33 155
18 35
68 118
63 28
92 132
72 71
100 200
38 27
56 110
93 42
38 179
10 142
33 120
45 30
63 128
41 131
82 78
66 78
81 101
74 188
30 83
86 117
77 157
52 117
71 109
75 50
3 87
72 85
19 62
65 59
61 44
15 185
76 172
71 105
91 52
23 46
54 164
63 108
15 137
97 45
43 112
87 51
39 197
79 120
12 172
32 186
7 132
50 75
91 151
12 193
71 43
80 99
58 152
63 117
84 87
5 199
99 102
28 126
93 55
67 107
42 112
21 91
15 115
12 178
44 69
14 87
63 106
53 139
48 108
77 150
15 18
60 75
69 119
42 161
76 155
36 109
20 119
48 49
94 124
51 100
60 104
9 130
95 169
10 114
31 194
48 95
56 116
21 33
69 46
87 137
70 152
98 72
63 122
78 13
16 88
20 181
14 89
78 77
38 98
17 82
29 166
36 170
24 106
5 177
45 145
11 82
93 72
60 174
49 110
9 200
16 156
99 146
56 30
22 110
52 106
34 125
51 168
80 39
13 79
14 59
64 152
90 153
83 50
6 34
75 135
73 14
64 134
69 188
14 181
30 111
57 112
36 116
89 56
1 149
87 184
20 99
70 72
72 186
33 198
9 125
53 27
8 189
57 129
92 157
83 199
62 177
5 59
87 26
83 17
6 25
40 66
95 199
79 101
77 147
50 146
39 126
2 88
53 29
91 37
40 22
79 144
31 174
77 129
36 82
94 104
33 110
40 36
8 68
55 153
13 45
58 50
5 58
76 156
13 155
51 40
24 171
96 181
5 130
74 189
77 120
60 113
100 189
26 70
47 191
11 42
38 178
34 134
90 74
91 29
39 154
78 134
77 114
18 19
5 64
37 104
17 139
53 88
88 19
11 168
28 103
89 27
42 75
84 160
28 173
94 181
91 24
63 100
43 77
37 118
26 81
59 36
20 41
15 28
28 167
21 61
22 174
81 108
79 59
46 115
63 90
18 191
7 145
2 22
11 44
23 142
46 75
34 81
52 192
7 34
32 103
45 93
60 137
14 70
13 174
46 58
54 69
90 148
57 80
93 123
53 174
1 136
68 106
85 92
100 24
28 28
19 111
27 112
70 162
79 176
19 15
70 34
64 96
23 154
4 110
94 170
21 178
87 102
42 183
36 165
5 129
48 114
86 82
54 104
86 196
32 133
91 120
91 118
97 192
54 122
47 62
8 121
30 76
21 185
25 138
69 177
53 110
12 128
75 33
6 183
85 147
30 47
12 65
17 121
14 141
73 160
79 110
43 147
14 112
61 37
23 66
12 165
84 106
58 14
88 161
86 29
5 39
42 30
30 27
89 19
96 73
100 101
15 22
94 172
63 130
82 115
62 87
22 152
71 176
10 157
95 158
18 156
82 59
94 70
90 13
2 38
93 102
43 188
45 182
4 139
29 25
26 65
45 104
94 44
5 118
76 64
90 158
29 152
72 196
91 88
81 72
75 116
14 63
16 153
56 97
40 153
23 29
61 185
47 22
67 111
46 193
27 52
37 172
85 93
94 151
76 76
32 72
44 180
3 199
28 16
68 32
49 37
70 172
94 154
84 157
57 34
95 189
87 136
71 22
31 63
57 179
