500
17999
5 22
44 154
89 106
24 139
17 58
58 15
41 194
70 50
44 123
100 110
17 94
76 108
6 41
21 128
88 93
47 188
47 60
91 115
79 143
8 146
57 43
55 90
46 136
17 183
9 116
41 133
18 46
15 198
50 112
4 158
23 24
92 112
61 187
85 113
49 17
79 37
11 168
25 62
79 125
8 43
73 71
95 134
51 200
22 147
80 62
77 138
55 183
22 99
87 14
81 115
97 77
50 125
48 57
34 190
56 134
19 24
35 99
80 79
23 59
61 161
86 90
91 87
26 96
82 94
42 24
71 119
36 149
49 91
14 21
52 187
5 83
14 120
7 50
76 15
10 194
41 166
79 60
39 137
55 49
8 195
96 161
38 20
34 119
37 38
35 81
60 185
97 140
97 30
15 53
69 198
96 179
39 191
46 143
15 187
2 132
50 57
38 136
38 118
24 113
92 134
70 66
37 162
12 151
73 80
100 145
26 189
16 176
90 156
70 115
88 173
3 184
43 110
89 38
50 63
35 177
83 96
74 133
74 25
98 34
85 188
96 64
77 57
43 161
18 125
89 68
27 94
9 171
63 116
4 186
41 156
3 112
1 133
14 73
79 73
55 67
56 28
26 47
42 177
79 114
33 149
36 159
39 71
85 125
24 106
22 133
11 133
2 151
95 196
88 186
12 15
14 30
1 110
61 70
45 81
92 147
59 189
2 49
66 161
30 139
61 182
99 162
54 119
48 76
55 115
100 181
2 84
54 160
48 37
97 91
83 98
50 78
36 18
86 51
90 26
46 109
59 34
94 25
89 13
29 131
98 151
46 13
97 135
93 192
31 164
8 72
88 141
8 70
58 148
70 74
89 62
25 103
66 180
41 167
13 92
10 178
7 134
45 98
3 69
33 26
90 56
1 53
32 136
92 158
73 73
82 66
14 99
1 106
46 61
66 10
26 48
56 83
72 164
84 24
47 164
74 195
41 152
57 190
30 87
29 69
26 18
74 173
10 130
5 184
25 141
96 57
73 196
35 62
83 97
12 64
33 45
76 134
55 46
70 89
88 53
82 33
66 186
98 105
59 141
83 41
73 109
11 96
62 154
45 151
24 199
40 59
19 48
5 85
8 151
74 199
51 151
26 175
87 82
2 124
71 62
34 134
77 132
86 87
95 88
6 28
19 22
3 137
95 85
11 26
41 178
69 15
86 87
31 122
45 107
5 98
86 148
98 71
50 106
82 197
80 191
90 52
82 165
15 136
71 125
95 136
82 53
29 69
73 49
88 62
1 173
5 167
38 158
61 112
40 61
23 82
56 40
11 169
14 150
92 109
72 94
16 14
93 113
16 150
34 176
37 108
39 16
70 64
22 93
22 135
60 91
17 183
86 21
47 46
10 148
66 96
49 55
78 181
67 121
71 167
62 49
39 164
17 158
53 38
22 124
68 172
29 91
71 170
84 148
35 118
9 150
69 34
79 190
56 56
51 49
17 112
87 193
55 184
86 173
94 45
47 177
12 138
35 178
52 163
97 178
86 44
54 121
11 67
2 98
11 128
31 50
33 174
55 172
67 180
45 88
42 166
22 24
46 171
96 148
30 50
21 176
79 188
98 92
20 48
36 196
37 15
23 104
41 148
31 25
99 51
68 39
68 64
96 191
46 168
60 187
76 62
75 98
73 106
12 78
78 15
24 141
98 157
42 189
63 144
18 15
91 104
57 11
2 37
96 130
100 118
93 54
45 14
7 194
100 78
53 129
24 40
72 119
95 159
76 123
100 18
6 94
66 72
76 119
52 156
97 56
87 12
3 83
1 189
65 41
75 20
23 25
56 109
12 112
31 189
26 128
72 93
25 154
47 155
11 25
51 55
54 62
75 180
64 87
41 116
90 132
83 101
87 40
83 134
51 116
99 179
63 106
77 40
43 198
80 176
99 35
85 44
27 32
75 45
65 84
56 144
77 175
90 86
89 28
93 182
58 63
64 170
48 16
19 196
59 146
96 187
1 190
55 10
82 73
8 173
62 63
85 147
63 140
29 180
27 150
67 79
23 116
85 170
67 115
56 76
37 126
74 147
32 83
13 23
89 30
38 70
60 52
15 60
78 113
5 36
18 106
4 187
64 102
8 22
28 197
9 92
45 29
62 96
33 101
31 72
84 91
6 40
88 180
68 42
24 41
78 24
27 14
94 18
100 71
17 121
76 30
96 89
32 120
82 157
13 160
50 163
31 101
36 119
14 78
39 171
19 193
70 93
90 176
