500
17504
66 65
96 157
9 197
67 40
63 124
71 123
42 27
17 188
58 157
71 106
3 24
97 124
72 27
83 115
62 108
99 61
80 155
25 173
15 165
62 185
93 98
28 149
96 83
42 105
68 56
13 13
72 120
76 25
24 135
75 157
92 145
22 61
36 66
88 39
45 29
31 76
96 168
22 21
17 119
37 183
33 66
32 82
21 153
87 138
92 101
74 108
66 88
51 101
59 75
17 159
50 45
81 15
62 168
11 187
51 77
82 42
26 152
64 177
82 127
47 175
100 25
62 12
68 120
22 196
68 192
28 70
32 57
5 63
43 62
83 95
22 155
86 162
31 49
15 150
30 132
75 143
100 196
14 135
62 25
17 101
9 149
44 26
66 11
23 36
10 191
74 14
51 85
16 77
1 84
71 175
16 147
39 72
1 125
90 167
68 101
67 72
4 16
63 11
17 117
2 54
99 167
1 29
39 97
58 119
64 186
83 91
32 101
3 163
93 98
63 43
15 174
39 73
65 21
17 99
8 169
98 13
79 140
50 130
62 190
68 102
11 57
69 144
42 101
35 95
23 171
30 179
32 32
20 163
31 44
83 176
82 31
78 194
9 139
66 148
21 138
70 22
34 13
91 178
45 153
5 86
86 172
54 80
32 54
77 93
65 22
83 47
23 57
70 27
14 72
13 14
13 97
31 179
55 128
47 18
8 54
44 164
65 198
92 184
23 20
26 84
73 36
35 40
64 184
87 87
52 90
35 62
55 25
87 69
99 45
39 33
17 111
1 40
73 198
54 166
12 22
65 43
96 172
98 99
50 108
81 152
3 79
73 127
23 102
55 142
52 139
59 27
14 117
54 53
60 70
49 95
41 123
30 165
4 44
64 135
3 47
72 109
43 89
96 20
53 138
79 29
74 111
44 16
48 117
17 53
13 164
57 160
12 29
98 153
79 13
39 196
27 99
4 168
48 88
90 140
51 188
71 19
95 73
59 109
2 192
12 115
23 15
92 183
50 175
27 19
92 162
81 181
20 188
79 102
72 76
49 22
66 142
92 159
55 21
37 172
49 122
27 142
45 155
94 184
46 145
39 74
70 190
25 144
31 136
16 93
63 96
28 78
75 139
19 111
41 81
60 122
74 165
36 158
26 55
5 174
43 50
33 21
63 132
55 127
14 128
90 26
53 32
9 128
25 164
56 74
62 93
87 191
24 191
21 65
26 98
76 30
5 174
53 94
89 78
78 19
38 157
95 193
85 70
17 172
93 68
26 170
19 169
23 111
34 127
39 84
2 64
64 125
21 160
79 161
93 148
31 93
85 60
87 80
12 184
46 48
2 115
13 136
15 198
48 171
70 85
100 85
94 125
53 148
1 81
70 109
73 41
99 31
9 52
50 75
28 86
52 187
51 48
86 149
63 133
66 48
57 86
89 188
65 59
67 187
2 94
35 93
25 175
68 168
84 140
42 115
88 119
38 114
4 198
66 41
29 191
34 95
14 43
94 47
53 31
7 200
42 84
62 173
55 107
75 65
4 30
66 124
43 130
13 136
93 169
81 46
74 104
98 194
81 99
88 177
65 159
82 41
55 166
57 184
10 78
10 71
85 14
23 43
70 43
51 18
82 131
61 112
37 198
16 123
60 82
5 48
92 120
63 144
24 36
59 142
70 25
6 27
13 67
81 130
20 143
9 85
40 72
22 180
7 191
83 166
27 76
79 140
62 23
26 104
58 146
57 127
70 189
77 186
88 107
37 102
53 181
54 68
77 134
88 171
41 190
45 164
76 109
75 188
17 181
28 20
52 184
81 121
77 145
58 50
23 181
86 52
1 111
49 194
93 53
8 176
75 177
22 161
35 198
77 44
25 44
63 102
81 146
100 89
94 196
80 173
38 104
89 32
14 28
46 16
81 59
7 167
77 171
2 64
97 77
80 182
17 45
57 184
87 65
93 15
22 39
48 176
3 166
49 73
29 13
36 52
55 123
25 95
89 15
65 122
39 51
26 31
61 121
35 176
95 18
25 183
50 180
64 101
79 144
73 198
27 139
13 33
25 89
4 91
18 37
68 46
54 194
50 164
53 191
38 41
19 136
95 75
7 46
43 81
12 149
62 126
14 195
87 145
92 61
55 90
15 189
51 96
58 100
76 12
60 186
8 129
5 138
94 184
30 179
76 104
23 157
77 94
88 141
13 17
98 153
68 136
96 57
23 39
29 33
11 15
67 104
12 90
58 189
29 158
2 183
91 190
42 43
23 47
