500
18502
38 18
69 77
47 43
52 25
7 134
35 195
74 48
28 89
7 51
23 155
70 111
22 67
85 46
42 118
1 195
66 26
15 46
39 193
73 194
63 100
25 113
4 118
84 62
32 174
58 57
93 158
55 94
91 50
30 155
80 183
98 31
73 66
84 20
36 48
52 147
4 135
16 136
28 38
76 178
51 158
39 178
23 168
96 123
56 46
57 154
26 182
42 85
31 76
18 52
82 159
10 154
83 20
96 157
95 95
19 87
79 25
32 172
73 180
69 140
21 116
7 99
47 11
90 128
64 53
31 187
30 40
98 89
83 107
88 176
100 39
49 140
12 112
31 148
100 132
86 41
90 29
17 59
45 73
96 153
46 94
32 13
7 79
53 23
76 79
11 107
49 117
44 119
9 11
37 69
8 181
80 128
100 185
69 124
37 140
48 42
66 172
9 84
28 134
90 98
46 138
69 70
87 151
82 118
15 96
8 169
87 32
56 146
91 130
81 132
10 87
10 46
71 105
16 115
39 102
60 184
65 19
94 42
28 116
35 169
94 55
33 93
13 102
31 62
49 104
73 136
66 73
28 72
62 195
99 142
17 74
40 181
65 137
1 116
98 62
53 68
37 41
79 99
30 27
27 10
71 186
62 193
41 107
54 154
63 156
15 164
9 174
91 103
62 187
88 126
75 198
76 43
76 161
40 25
84 135
62 59
20 179
43 134
25 33
19 115
47 46
90 84
21 171
44 39
93 52
53 71
55 128
47 102
65 115
72 130
53 86
90 103
88 144
91 181
38 27
27 41
37 61
75 40
44 113
55 92
90 80
57 89
8 166
43 27
73 26
29 76
16 89
36 158
57 152
51 27
20 180
9 124
56 47
41 75
45 164
89 186
64 50
93 92
58 72
7 147
48 83
80 177
31 48
90 194
70 111
56 93
75 33
83 178
61 156
71 11
76 118
75 56
43 169
15 94
55 65
10 96
91 46
36 14
42 146
86 186
85 141
22 93
25 51
81 50
17 78
87 191
57 34
85 51
5 184
68 194
72 19
99 45
89 41
47 84
97 114
41 93
62 77
78 177
22 178
83 87
66 185
75 131
77 165
85 16
69 154
73 121
97 178
85 131
78 72
11 60
1 135
88 44
17 93
71 131
67 158
18 16
27 103
55 139
74 97
16 144
83 93
21 136
43 47
13 67
49 60
64 68
71 49
59 69
8 63
3 16
89 176
71 168
92 149
34 82
20 43
42 92
71 125
16 169
52 138
70 178
92 127
73 116
32 192
64 47
97 54
52 199
30 198
50 163
58 192
13 164
94 11
24 66
72 95
28 122
32 178
80 155
83 67
5 58
14 154
25 151
42 124
17 148
94 28
76 130
49 54
81 194
65 183
71 168
41 57
1 117
69 170
38 182
100 22
10 182
89 128
1 164
60 103
46 60
93 164
15 155
81 191
48 94
44 109
11 196
46 39
62 16
84 20
20 157
97 152
75 49
8 177
71 68
20 22
96 102
62 112
42 152
10 91
76 43
69 70
36 170
17 111
88 16
61 101
46 152
95 169
90 57
82 183
5 71
16 141
67 11
80 182
50 75
24 21
53 152
47 116
74 181
1 106
79 142
16 192
12 107
35 163
91 109
58 193
93 183
64 93
73 114
43 173
78 170
24 95
56 143
24 124
28 197
62 31
84 52
49 130
69 186
49 145
6 47
45 113
69 10
70 113
90 45
51 192
3 29
44 26
59 99
25 10
52 143
93 133
33 24
27 156
88 181
88 113
86 60
27 184
84 180
40 52
32 21
55 88
34 179
59 15
29 64
14 11
84 134
69 118
24 167
47 122
55 155
78 176
39 187
31 36
78 176
50 82
11 10
4 66
76 177
34 29
76 142
22 166
16 26
10 136
13 38
41 109
58 120
25 56
38 162
84 55
99 97
57 151
26 117
58 99
3 192
64 38
79 28
3 53
30 73
94 148
66 116
55 93
10 11
45 176
48 90
22 185
27 149
76 168
29 11
8 151
89 54
50 153
69 171
50 24
66 139
67 109
5 59
68 67
53 35
54 21
19 118
88 80
39 69
93 86
25 145
47 142
52 62
64 10
99 82
44 15
51 19
13 58
22 143
90 171
7 149
75 183
92 175
78 136
77 87
45 143
51 98
62 149
66 33
60 164
54 188
63 48
66 27
19 67
83 67
95 129
96 127
7 170
81 46
88 52
64 112
41 46
82 57
70 174
70 107
69 41
57 65
18 33
78 25
98 105
