200
6998
53 178
9 86
62 39
80 77
88 86
13 31
83 18
83 139
44 128
44 102
77 140
94 117
20 132
19 25
1 13
41 159
58 162
39 49
73 11
35 171
83 148
46 130
64 83
83 68
24 63
52 119
9 84
56 80
89 173
25 86
18 172
91 47
14 162
23 68
16 187
80 81
13 132
1 53
33 14
52 34
45 95
81 28
72 133
31 106
57 187
7 40
83 128
1 169
78 176
48 170
23 101
25 65
5 186
25 21
22 177
30 23
89 63
63 93
32 130
62 46
9 80
44 26
34 53
42 82
22 116
95 19
34 173
50 168
96 157
23 102
64 92
60 170
61 31
27 181
24 132
26 95
66 164
22 108
53 166
12 92
73 56
27 13
91 77
77 129
27 95
70 85
19 57
62 162
9 39
32 107
11 171
66 161
93 89
63 122
87 188
48 90
72 179
24 47
22 19
16 48
24 14
31 179
43 80
53 113
82 172
63 165
70 117
14 46
10 115
98 13
51 160
14 87
100 135
9 18
88 60
33 21
1 128
42 157
88 27
53 115
88 95
52 23
50 102
76 167
55 62
18 189
66 33
86 63
22 200
23 94
17 51
8 144
47 151
97 87
49 123
30 115
85 45
68 95
52 90
16 25
59 25
57 78
88 55
24 175
98 133
94 64
93 94
11 57
48 35
92 77
30 181
39 196
75 148
30 138
86 12
84 73
68 113
63 139
71 119
37 86
11 15
55 161
40 97
52 10
80 148
79 82
66 153
95 30
31 47
88 126
46 192
62 11
78 35
97 156
12 95
25 182
65 131
51 13
62 34
66 124
35 24
78 67
63 169
37 68
24 98
28 74
72 42
45 82
17 194
21 46
45 82
33 195
98 159
2 25
70 71
72 36
36 182
96 35
92 169
34 193
