200
7260
6 196
13 152
51 37
68 140
74 109
95 11
55 48
44 122
31 200
57 26
27 167
83 79
17 19
8 148
89 98
53 86
25 27
95 11
42 76
94 41
52 141
30 102
82 191
46 139
70 29
69 119
13 156
69 107
17 179
88 200
88 79
23 36
84 59
86 134
12 87
10 171
86 127
26 160
99 39
43 61
16 164
61 182
40 144
76 200
26 137
94 19
13 139
89 40
14 161
93 115
72 193
96 60
67 195
4 48
51 159
38 159
7 77
52 50
46 184
25 21
54 197
85 13
91 84
46 70
54 135
3 20
89 59
30 70
39 153
20 59
40 154
22 59
40 56
84 190
88 98
39 33
14 62
68 17
35 118
60 100
37 84
17 92
48 128
83 50
100 39
79 90
78 12
35 78
53 171
24 131
2 40
8 54
54 149
68 12
19 83
100 159
35 194
73 110
63 118
38 13
31 34
11 105
51 18
25 111
2 40
77 21
29 113
22 56
47 10
70 87
89 140
78 74
25 30
19 33
87 51
91 41
3 174
57 106
37 49
34 163
77 58
76 87
70 69
3 73
80 46
6 141
64 146
56 150
22 99
76 105
70 90
71 108
16 179
9 56
50 92
90 150
15 177
89 180
11 158
80 51
7 132
20 160
69 97
69 19
31 66
55 146
21 37
46 92
22 55
61 70
27 164
21 13
51 154
98 71
79 158
78 140
98 21
62 45
57 20
9 135
63 10
63 27
11 114
46 77
69 31
20 181
47 108
71 45
66 21
98 27
62 126
52 178
46 89
75 21
65 176
23 106
74 38
55 84
79 79
73 89
34 128
20 177
90 125
49 13
72 116
72 48
63 91
23 176
84 33
5 14
61 136
83 54
63 78
87 51
90 195
32 121
83 25
96 164
24 45
71 19
