200
6976
51 77
15 119
73 111
25 87
95 116
100 122
98 72
13 187
21 80
23 155
11 105
49 71
12 58
60 186
90 118
81 164
50 156
49 179
42 45
98 150
44 73
87 142
84 154
98 13
93 170
13 80
71 24
92 31
27 192
67 58
73 19
78 178
79 114
86 60
37 97
72 177
50 182
12 121
45 100
29 15
58 58
39 83
34 14
20 122
22 144
8 24
72 176
49 121
81 141
97 116
38 43
8 125
22 47
28 132
34 85
93 192
12 48
25 122
57 90
66 148
91 30
92 57
30 99
67 50
68 143
21 161
47 100
31 94
36 138
7 105
5 115
61 92
37 155
93 61
46 15
28 148
40 106
31 183
4 40
60 108
6 172
30 45
36 63
91 114
95 38
45 177
7 197
77 59
14 131
16 158
24 129
30 120
13 15
17 137
25 23
89 160
12 167
32 177
100 36
95 130
77 153
92 155
54 86
92 122
77 198
45 22
24 168
94 190
27 198
51 90
25 59
90 156
33 72
83 178
45 138
72 76
14 77
24 89
88 71
83 54
65 86
51 133
49 187
56 157
51 17
38 40
15 84
34 196
30 28
28 152
92 76
11 162
46 30
38 148
23 11
12 130
6 119
45 118
69 39
87 42
1 138
26 100
42 121
51 192
31 170
54 82
18 192
25 91
9 102
92 79
84 149
75 197
9 40
16 161
73 199
67 26
83 100
27 16
82 164
67 179
11 123
80 134
96 74
95 21
1 88
63 68
16 11
92 194
81 58
34 113
64 194
63 55
47 145
64 148
26 96
4 27
26 20
38 36
93 171
40 83
82 188
59 43
3 27
85 137
53 37
82 37
15 84
49 165
87 146
11 170
92 94
2 190
79 58
16 125
55 15
66 101
44 188
40 181
47 83
93 31
