200
6810
63 24
76 126
64 34
44 154
56 190
84 139
57 173
69 38
24 189
70 95
10 104
85 30
39 17
20 187
20 30
96 124
58 14
63 68
36 24
92 51
54 188
20 89
29 140
62 23
11 149
33 197
56 128
50 69
67 67
47 18
40 200
81 177
18 70
26 20
25 61
24 178
95 67
90 152
80 151
19 23
6 117
29 146
68 52
50 88
48 25
40 36
36 22
74 133
31 16
6 131
74 22
37 41
68 45
88 130
59 113
48 35
75 110
52 193
8 140
61 200
70 49
98 133
83 62
34 35
60 99
93 166
25 175
28 58
6 12
18 17
22 30
62 111
70 92
67 181
19 10
38 74
90 72
38 177
18 159
7 101
74 17
35 22
31 123
79 100
62 128
12 27
56 89
49 102
4 173
29 16
82 71
31 144
85 102
2 158
43 161
11 26
31 31
32 97
31 192
63 49
97 192
4 18
35 49
48 191
23 72
27 44
57 96
48 97
59 113
66 154
72 191
44 98
99 47
90 67
17 173
32 160
70 163
19 121
19 130
49 21
14 54
96 80
39 186
28 88
55 173
66 29
60 179
54 182
24 38
61 190
44 132
28 189
35 22
12 199
72 64
92 140
17 176
52 45
98 194
54 192
25 162
19 101
74 79
20 118
31 148
29 72
54 109
75 53
40 27
24 125
44 33
1 137
67 45
98 35
32 15
82 102
98 107
66 200
40 110
8 101
85 34
97 148
33 153
91 17
39 120
85 35
59 138
12 47
37 140
46 82
2 56
8 110
11 114
9 83
36 160
28 179
72 184
17 42
77 21
87 118
93 101
37 62
64 45
31 166
21 14
19 109
87 89
52 49
42 152
76 147
70 165
63 116
45 175
10 33
100 160
84 72
1 110
7 52
99 28
95 119
