200
6839
80 41
75 55
99 155
47 50
94 147
28 129
12 182
43 24
31 109
85 131
29 72
69 26
75 168
45 129
39 59
83 16
93 66
4 23
49 103
50 98
94 58
91 111
78 70
16 129
27 122
93 187
7 136
91 143
53 102
33 108
28 38
19 141
32 177
72 102
94 87
6 151
36 41
52 128
76 138
12 72
20 146
61 130
15 95
23 181
82 95
12 11
81 191
14 42
16 84
7 122
84 89
93 48
72 190
21 147
37 81
21 143
46 122
24 35
19 117
45 162
75 191
78 76
77 175
71 169
35 84
31 52
5 43
22 12
30 175
34 189
30 60
12 16
37 52
46 47
80 125
56 27
43 33
6 13
50 101
93 87
67 112
64 164
20 198
94 143
42 185
32 127
77 41
46 144
10 80
60 168
66 31
81 133
20 128
50 118
3 183
29 57
12 16
59 192
6 15
33 114
39 147
41 126
37 59
32 13
2 128
80 50
86 73
93 64
98 109
70 193
15 19
95 112
86 15
49 56
47 57
40 103
80 22
11 86
88 168
66 67
100 144
31 198
90 185
76 92
19 16
47 25
75 92
4 165
43 85
30 149
16 111
37 17
70 95
67 113
83 177
15 117
5 92
51 119
3 43
93 191
66 113
26 151
11 53
61 91
58 103
37 139
13 124
27 150
93 40
12 188
9 26
90 78
98 165
10 187
32 55
11 162
14 85
50 170
47 164
75 84
30 65
79 185
100 38
32 120
36 100
43 89
12 136
56 57
47 182
10 54
85 161
18 188
85 16
16 21
54 100
32 34
49 103
55 113
85 148
67 16
41 71
23 54
31 113
33 93
97 153
92 19
83 148
1 198
55 184
26 138
35 158
85 121
88 200
22 41
98 167
76 16
33 22
64 161
95 94
36 17
