200
6712
8 24
48 164
33 84
20 28
73 143
90 130
93 59
30 141
39 37
51 107
77 167
49 188
81 173
27 148
31 23
50 129
9 83
70 91
41 90
17 159
38 161
36 44
86 154
78 25
74 92
62 137
75 48
80 155
72 123
54 88
57 84
64 156
2 24
51 98
1 130
81 129
40 159
16 45
38 28
86 19
42 23
35 11
73 79
97 11
99 52
95 19
81 52
87 29
80 57
34 41
96 136
11 163
96 27
94 124
97 130
41 199
35 109
45 41
44 63
66 129
76 66
43 38
31 158
4 65
42 107
19 122
5 14
18 97
37 142
67 192
61 35
90 188
7 15
2 66
22 86
76 16
64 170
40 29
88 37
45 97
46 134
2 45
13 189
1 107
26 64
33 130
34 187
48 178
34 189
53 175
3 32
4 90
26 103
6 116
64 51
44 160
32 59
13 118
71 15
58 22
14 200
36 183
85 76
81 80
64 41
8 10
28 47
28 160
39 86
48 168
9 68
21 121
62 149
98 191
55 39
66 157
69 43
8 89
67 24
39 122
5 87
45 148
81 147
40 69
13 108
100 185
12 169
25 40
21 54
96 173
72 22
90 153
39 142
72 74
58 163
71 145
13 100
22 137
65 14
19 95
55 120
52 129
32 132
88 43
48 21
63 103
69 55
76 110
97 73
52 13
48 168
89 169
15 71
74 157
5 25
93 66
53 99
11 50
17 87
49 170
24 193
89 71
84 98
60 100
11 143
48 78
54 190
9 25
31 57
18 85
16 187
69 153
4 77
37 41
62 143
91 109
83 170
66 85
8 143
62 60
99 50
6 114
81 55
43 71
35 157
37 89
5 113
49 188
50 31
26 117
49 30
36 53
84 94
47 170
77 128
1 180
9 127
60 136
4 51
71 26
