200
6496
71 57
78 41
72 22
36 31
59 194
48 12
4 53
53 115
40 134
7 184
44 39
66 186
57 15
56 30
85 154
7 198
86 40
100 132
42 162
38 117
12 140
97 71
56 177
31 125
26 72
18 24
45 87
70 134
73 29
57 87
89 74
81 19
94 160
9 118
17 28
45 174
85 166
24 130
90 33
98 96
89 66
15 54
80 106
53 21
2 133
66 55
15 79
1 99
17 76
54 189
86 44
59 46
44 69
24 157
6 119
56 19
89 118
8 117
3 198
14 50
27 132
25 122
10 80
99 10
2 33
65 123
57 39
64 168
45 33
43 198
3 166
11 128
29 152
31 13
84 167
4 190
3 32
47 151
30 12
81 197
65 65
87 192
94 76
84 195
9 47
16 197
14 126
13 133
34 150
61 125
56 119
88 94
90 60
24 141
25 80
51 173
49 41
56 92
42 186
8 127
79 94
6 65
94 185
32 109
59 35
20 125
93 17
8 10
93 186
66 27
7 77
99 114
56 81
81 33
8 49
49 187
1 61
1 106
32 74
22 66
99 167
82 60
53 185
100 133
50 165
24 81
54 157
10 55
93 92
57 32
42 58
81 131
92 45
30 165
17 77
27 30
32 45
69 93
53 187
3 191
37 29
44 78
6 90
26 22
82 65
84 24
60 44
94 191
30 189
22 82
14 200
75 153
67 114
52 142
12 184
35 134
14 153
10 200
84 180
34 45
95 60
28 108
74 141
40 109
34 145
83 17
6 73
11 179
23 60
35 79
22 102
60 115
92 44
12 140
15 87
9 150
50 181
78 56
62 83
91 174
65 174
30 175
42 71
24 80
5 10
46 24
91 120
11 39
37 148
6 134
74 68
81 48
31 65
52 118
48 63
85 170
11 146
34 15
54 116
4 63
