200
6485
67 92
20 116
56 174
61 176
39 35
96 140
67 120
68 27
30 64
70 195
8 128
70 18
93 47
50 65
35 65
5 199
56 195
78 196
29 152
37 129
39 116
52 176
49 55
52 174
18 47
78 80
64 198
2 90
86 25
9 95
69 32
22 169
15 161
46 105
69 94
19 138
6 82
78 138
2 100
87 96
20 193
27 190
29 148
31 129
54 77
33 190
53 37
43 121
5 119
77 180
28 147
87 71
46 22
42 115
70 61
64 162
58 195
91 65
23 164
52 104
65 58
64 141
2 108
95 176
69 55
48 41
23 142
18 168
38 167
66 53
22 39
28 32
50 179
93 146
80 61
14 188
10 32
42 118
1 25
41 138
14 89
31 200
38 32
74 149
5 171
66 11
17 14
9 199
37 56
1 90
93 118
28 49
57 10
35 83
48 105
17 35
59 171
67 70
73 95
97 138
28 17
48 198
81 51
27 127
16 58
36 46
31 189
29 195
75 48
64 186
29 13
81 176
4 41
83 134
100 37
95 66
23 172
12 114
46 115
48 141
10 61
60 193
84 63
39 122
45 10
53 112
82 69
33 23
68 138
5 136
54 139
48 126
66 129
18 148
4 135
25 92
29 89
80 185
81 187
83 50
43 58
66 175
98 196
39 22
39 103
14 75
38 168
94 87
84 15
54 173
12 46
77 65
76 182
20 109
31 20
5 40
12 57
78 30
5 29
27 153
93 130
6 106
64 138
41 44
83 199
69 31
22 93
60 148
48 111
20 196
35 185
38 199
7 87
24 84
94 103
99 92
39 114
84 180
5 169
54 25
55 151
10 75
58 152
78 143
73 170
2 143
27 146
73 192
26 54
88 147
21 190
1 110
18 116
62 118
82 99
73 81
16 76
18 149
19 75
80 64
