200
7632
48 114
18 162
34 37
11 200
11 150
99 92
24 82
72 13
71 197
96 50
50 11
93 197
37 158
82 14
99 37
92 91
18 200
86 84
66 138
77 151
38 25
61 42
11 77
94 105
58 186
12 16
54 134
20 129
97 45
32 164
5 173
77 141
100 42
45 180
82 48
70 108
19 38
19 146
94 155
78 122
50 179
74 51
13 54
30 49
19 63
34 184
33 62
85 126
18 179
18 146
96 139
62 121
73 178
82 86
55 68
84 197
70 22
31 161
67 187
47 190
68 123
31 74
43 10
14 25
16 105
53 164
99 154
38 48
17 96
42 42
52 86
35 100
87 192
100 117
59 160
73 176
52 155
39 109
79 143
44 34
34 105
94 59
77 122
53 194
94 56
67 147
73 12
84 136
66 84
80 149
23 159
87 78
62 55
58 70
22 112
38 134
96 115
89 118
40 168
58 31
84 171
5 198
47 87
7 67
63 48
27 105
5 84
64 178
9 59
24 125
22 167
100 17
66 98
7 41
88 82
52 85
39 140
43 99
62 42
94 166
4 26
60 26
48 38
29 122
26 133
45 187
74 38
51 46
26 114
87 121
83 84
20 192
6 123
74 174
54 46
77 94
20 37
32 152
8 144
27 31
68 185
61 158
73 146
77 83
16 189
95 185
64 194
86 146
71 20
28 113
96 188
44 106
60 120
20 46
37 169
36 41
67 39
98 182
8 61
74 130
95 77
15 180
70 39
49 161
87 87
1 83
59 130
99 79
58 27
92 15
95 198
84 87
98 49
51 53
44 30
80 165
70 145
45 52
2 129
52 93
38 124
53 85
77 158
7 103
87 95
89 126
36 156
24 21
95 143
46 173
36 151
98 71
37 56
36 131
88 132
13 197
74 25
5 141
76 115
78 47
