200
7118
70 113
86 54
95 126
84 67
32 43
65 134
67 59
50 110
52 179
11 150
70 199
31 91
15 58
31 111
56 152
49 121
59 34
57 114
45 135
56 128
92 123
88 82
70 191
55 153
85 33
80 63
48 22
35 148
39 24
33 58
44 68
61 156
69 143
60 172
83 17
16 101
91 42
46 87
51 41
29 137
68 143
24 176
47 132
9 60
67 98
88 168
85 161
63 45
62 148
62 91
73 128
35 22
47 156
30 40
70 98
32 66
38 32
17 119
92 59
62 140
18 196
41 160
35 28
85 82
99 30
72 159
83 163
61 76
1 46
21 19
1 70
10 179
93 27
60 192
40 167
65 34
100 161
83 163
54 170
16 93
55 94
57 191
79 56
94 176
54 87
86 184
15 113
39 158
11 98
60 130
71 168
11 108
77 192
99 56
20 138
16 23
93 45
41 184
67 73
88 24
21 76
37 71
76 21
60 74
51 63
27 63
49 141
23 115
86 77
97 161
65 47
41 32
67 56
64 162
36 180
27 134
75 158
96 44
93 125
55 126
9 115
46 123
7 97
66 14
61 17
71 146
14 194
29 182
82 113
29 59
47 128
36 85
14 137
18 44
89 143
8 17
54 42
62 148
4 128
7 172
12 79
49 27
42 40
3 10
76 187
92 114
23 161
57 27
16 137
24 118
28 117
12 181
15 108
41 130
6 66
83 93
10 78
70 156
33 69
38 184
73 28
53 167
87 134
64 185
13 27
91 158
57 76
61 166
59 56
56 190
47 102
15 151
26 195
48 62
65 140
43 30
45 175
95 39
99 28
48 176
60 199
47 78
100 59
79 10
8 151
32 151
7 161
31 138
75 122
68 84
86 151
6 198
51 91
9 145
40 23
27 144
17 152
30 153
77 11
47 113
