200
7600
75 143
80 182
12 130
22 115
34 171
78 196
26 130
24 134
99 137
70 175
19 29
88 47
71 17
41 179
17 27
41 71
66 161
79 117
85 129
83 29
69 74
19 65
50 126
4 169
36 50
47 108
12 184
5 170
43 133
72 168
89 46
56 33
6 142
97 151
5 52
65 66
91 152
74 34
5 17
74 130
98 43
35 48
21 123
58 29
90 43
30 25
39 117
77 90
80 79
79 142
13 129
91 187
76 61
82 145
77 153
37 53
82 94
69 154
80 33
56 200
38 36
6 172
100 156
46 81
40 53
96 103
51 69
19 114
3 94
4 36
30 54
57 16
77 84
59 81
87 100
79 46
20 50
69 197
82 114
32 41
3 111
48 101
75 48
86 54
34 47
73 135
76 34
39 36
93 47
88 127
32 123
44 110
26 91
89 113
99 105
98 192
71 48
18 87
68 30
38 89
75 183
64 53
100 127
55 85
27 162
74 64
55 181
54 156
39 150
99 13
62 161
39 149
16 117
9 160
6 176
79 50
75 12
7 193
96 38
47 131
35 19
59 176
76 150
10 31
45 71
38 121
23 109
28 112
83 113
43 190
15 163
2 158
88 142
19 169
73 22
88 113
31 113
64 177
51 76
28 15
31 58
25 193
95 48
32 125
66 150
39 61
83 157
46 40
84 25
90 69
61 111
11 138
91 124
71 126
99 166
93 160
52 180
23 74
14 169
38 179
91 190
53 49
67 131
29 52
30 114
80 52
85 84
95 34
91 194
66 193
52 104
33 72
94 132
27 183
88 32
48 100
76 132
99 90
55 71
7 13
95 106
68 111
52 76
32 75
43 129
13 128
86 93
33 169
99 103
43 95
76 55
85 86
4 167
26 141
16 47
13 57
55 68
16 85
90 17
34 112
