200
7312
38 193
24 119
32 89
66 73
83 170
50 56
83 66
38 76
83 198
98 174
16 145
20 148
63 44
9 25
42 15
32 21
50 67
8 16
29 168
90 163
10 163
63 199
47 75
88 106
55 43
26 77
96 97
69 73
1 134
21 173
7 139
92 93
13 177
59 160
43 197
39 84
75 188
30 168
35 192
12 25
61 155
50 163
29 94
62 17
79 186
82 34
83 105
58 182
84 167
47 105
10 192
34 72
91 121
76 102
56 89
52 27
92 45
39 41
9 107
40 124
27 36
78 45
33 28
57 55
85 79
64 137
77 63
29 63
51 33
58 99
43 95
91 27
19 108
25 60
57 173
4 115
30 117
2 143
82 17
37 72
44 165
75 144
93 19
87 128
8 59
22 137
55 67
26 154
87 136
65 146
52 41
18 97
96 82
11 177
94 77
49 95
2 119
54 62
40 166
77 55
89 174
22 143
84 54
26 117
100 145
26 57
33 171
62 178
77 50
65 144
82 115
42 200
41 108
76 66
64 149
47 76
89 172
45 131
32 162
27 31
48 196
40 22
23 140
96 137
1 196
99 154
1 176
26 25
75 68
99 48
63 75
34 167
96 132
92 117
88 117
18 136
31 55
75 121
32 110
69 195
52 113
83 33
83 20
43 107
61 36
91 171
61 157
40 122
97 131
76 98
78 131
70 50
17 128
83 41
79 89
28 120
60 140
10 175
56 59
11 143
79 88
58 141
41 103
42 96
9 58
65 183
15 121
52 160
6 132
66 72
89 150
87 195
42 168
68 126
96 126
75 187
28 163
10 126
74 90
71 17
94 16
44 32
23 46
79 84
19 200
13 175
18 173
91 137
53 34
46 138
75 166
26 115
87 72
31 199
93 151
28 49
8 63
34 172
58 129
67 11
