200
7408
92 166
69 95
63 178
96 169
8 188
94 144
35 114
72 168
68 77
15 83
72 105
79 14
37 137
24 48
43 73
76 133
70 131
97 112
72 34
26 92
94 163
30 41
90 176
50 145
83 165
97 109
98 180
60 182
79 25
78 36
96 116
85 15
56 50
78 70
24 138
11 149
23 112
76 200
87 110
59 12
94 57
79 23
47 26
92 110
3 190
62 64
10 113
24 161
7 150
90 141
5 68
68 71
76 160
13 104
99 130
23 143
10 151
19 170
27 48
18 66
66 115
79 109
52 82
14 35
72 52
46 64
72 80
38 163
84 36
60 164
42 42
96 13
50 30
18 105
10 199
58 132
69 158
81 181
67 189
82 89
69 127
18 35
36 134
53 152
77 160
38 81
7 43
63 35
32 178
35 156
37 107
81 141
61 190
9 97
62 40
49 70
62 65
100 190
43 101
79 147
14 75
58 144
60 164
85 85
17 197
69 108
37 64
86 50
63 24
79 123
82 104
84 173
27 103
73 140
4 119
91 157
48 26
56 193
44 159
21 152
44 108
65 81
34 98
24 74
27 184
38 106
11 190
71 166
15 43
20 159
29 37
19 12
64 78
44 184
53 133
3 161
99 74
92 53
63 102
35 115
19 49
63 58
66 54
44 25
99 169
21 128
100 147
21 132
48 99
10 146
7 94
92 10
87 143
37 56
70 142
28 94
47 177
38 176
28 116
32 70
28 137
14 134
53 49
40 16
44 128
37 196
98 52
78 116
42 129
74 162
33 98
62 147
93 88
64 20
58 105
68 125
54 151
33 163
4 140
79 74
30 100
73 145
40 185
62 75
26 96
49 181
57 71
88 14
5 27
56 196
47 105
22 94
72 115
6 107
71 101
60 28
83 136
9 125
81 29
90 120
