200
6932
4 70
52 117
54 185
99 72
52 113
63 65
50 19
63 50
51 70
4 178
92 119
39 102
92 79
11 34
8 46
62 51
17 103
45 51
70 166
6 158
95 144
30 192
12 102
57 152
85 149
41 32
35 103
96 165
25 188
85 22
86 122
37 80
58 31
5 118
83 48
62 48
88 31
57 130
5 84
44 194
48 29
66 172
92 149
93 86
62 31
93 54
50 112
83 86
25 122
51 43
39 60
84 62
54 186
44 111
96 177
82 53
27 52
69 23
53 89
47 82
76 60
46 165
28 74
38 17
29 197
2 13
90 30
83 16
56 24
6 70
60 185
9 42
18 189
41 170
63 161
2 145
42 104
7 134
28 13
8 186
4 147
41 161
42 118
58 78
52 66
45 170
46 28
37 99
95 16
52 86
13 37
53 123
81 25
56 114
79 99
67 34
86 64
77 92
61 162
8 192
79 119
91 149
54 156
26 146
61 60
55 140
15 135
19 132
44 150
58 143
12 53
78 19
1 58
54 66
74 22
33 80
12 159
41 65
81 20
98 190
44 34
58 173
96 159
24 77
16 31
49 147
21 70
66 44
36 73
46 123
21 68
52 106
63 160
67 55
67 55
45 69
88 150
18 56
65 124
24 72
59 40
14 147
68 160
15 70
11 157
11 111
1 184
6 42
49 129
23 156
12 197
73 88
88 85
5 62
9 132
39 154
79 156
97 196
68 62
26 126
31 148
29 128
74 55
78 40
96 55
15 96
99 186
36 149
8 85
88 171
55 151
35 142
30 48
87 142
15 58
90 20
48 17
98 151
55 83
4 71
26 54
77 101
79 39
10 155
54 86
88 131
64 76
11 121
34 173
50 74
88 74
24 173
94 191
10 80
61 138
95 42
64 56
8 148
72 15
56 58
