200
6999
10 119
93 100
82 191
58 179
78 41
6 185
25 183
18 16
24 77
54 40
42 112
52 130
30 197
13 142
85 118
10 47
44 72
33 72
23 17
7 24
52 73
67 127
86 117
81 81
26 14
100 91
35 88
61 181
73 49
94 121
94 114
39 115
14 54
99 31
14 63
9 33
79 41
76 30
87 171
20 162
44 132
10 90
40 28
29 84
18 159
28 151
53 90
8 64
80 127
73 118
89 37
88 99
41 161
35 178
59 10
42 43
70 36
86 197
10 148
67 101
16 141
50 13
6 66
84 83
21 79
71 90
84 65
26 109
2 157
62 12
34 137
50 110
29 46
71 76
27 61
89 125
56 163
97 30
32 152
50 127
34 171
96 170
12 174
35 25
16 156
25 139
93 145
66 74
55 102
56 145
49 32
25 190
86 83
59 188
92 71
72 174
51 39
43 136
38 198
89 166
12 86
86 24
86 192
91 123
7 139
44 134
75 45
54 73
28 166
68 134
71 32
17 81
23 79
97 150
99 24
1 67
6 116
94 27
46 64
62 181
85 108
39 27
83 191
74 191
50 46
72 137
48 10
2 96
21 43
78 16
26 67
66 195
99 163
98 77
82 123
40 59
82 129
13 41
97 19
83 64
50 33
39 71
54 187
95 192
3 103
81 196
18 171
33 143
1 74
10 28
71 27
94 16
29 107
85 120
24 163
8 178
83 96
45 119
72 179
34 62
6 84
61 84
5 84
56 76
33 194
79 82
16 107
20 103
87 43
69 179
20 61
40 73
7 47
98 75
16 186
14 35
94 30
16 159
67 72
69 166
67 138
25 26
17 127
49 111
28 197
55 62
18 56
11 16
71 65
42 175
49 171
82 172
35 75
15 50
56 50
43 43
41 49
76 71
99 130
1 20
