200
7639
13 172
27 122
80 62
26 131
68 37
69 156
96 148
45 147
55 92
48 167
97 64
25 130
25 97
61 47
1 62
49 41
34 94
87 151
78 81
93 14
15 51
70 19
47 89
16 131
64 136
87 23
31 13
23 131
59 189
38 101
6 13
89 146
21 54
74 91
78 123
74 99
52 22
76 64
100 89
86 88
64 156
32 188
92 123
89 163
90 50
40 15
96 132
29 101
78 197
76 92
12 146
96 26
60 158
44 123
69 14
88 86
69 74
6 74
86 122
71 132
53 29
39 183
57 134
63 113
66 120
56 103
36 89
60 50
46 137
33 169
44 101
68 62
9 59
65 130
71 162
59 192
85 11
63 104
74 29
83 41
49 113
53 90
67 107
26 80
47 68
34 92
73 93
96 97
67 179
59 198
97 12
53 56
68 180
74 96
30 181
53 104
95 99
79 107
86 186
31 144
70 24
77 19
60 153
68 154
10 80
22 73
18 164
90 169
22 18
44 149
58 149
96 145
3 183
58 116
25 186
82 106
8 159
27 126
20 41
39 129
72 139
30 44
27 171
65 78
7 43
50 46
70 31
48 14
88 36
64 37
11 25
75 42
86 169
51 32
47 73
54 110
15 163
80 191
67 32
13 182
78 62
67 67
23 16
21 27
98 89
5 130
9 99
89 59
89 96
84 168
48 150
17 15
47 129
36 58
66 146
82 110
47 166
81 85
75 149
39 69
82 26
99 70
8 122
16 14
16 92
67 61
78 187
46 190
18 190
5 122
42 118
69 97
98 148
93 16
77 24
79 110
90 44
100 76
10 117
56 193
23 196
72 116
45 138
69 47
72 54
70 18
39 138
50 133
5 133
52 192
44 19
80 129
28 183
18 165
69 17
45 187
85 19
9 118
23 90
11 159
