200
7017
51 18
44 68
33 108
1 175
6 34
9 185
89 124
53 152
58 94
56 193
35 99
20 25
82 74
45 138
69 183
39 160
89 148
40 97
82 183
100 61
63 74
13 81
25 93
4 172
42 122
18 105
37 124
12 30
58 81
91 129
72 64
19 107
42 33
96 70
14 36
91 81
40 61
27 54
10 117
16 66
93 98
75 14
70 124
74 73
83 29
94 136
14 147
20 65
39 70
100 94
15 196
46 107
30 171
42 31
64 99
25 41
99 88
76 188
50 168
95 57
82 135
27 78
82 61
89 134
3 36
29 50
79 146
19 147
40 163
61 15
86 151
58 172
54 13
75 42
58 85
70 74
18 87
20 173
76 85
37 158
73 173
37 33
69 175
4 146
49 100
86 17
22 121
80 33
13 125
13 23
29 136
69 136
9 189
26 176
17 124
69 31
51 61
93 170
87 27
75 161
53 129
23 46
95 49
81 177
87 108
75 49
56 54
4 160
48 83
21 63
58 46
91 172
14 144
20 88
84 183
57 76
24 171
40 79
43 120
48 195
37 107
65 130
72 193
61 94
87 102
84 156
20 137
16 162
48 96
67 58
76 120
66 72
69 195
36 83
21 19
80 154
2 173
51 39
61 88
18 97
12 10
16 23
18 47
45 39
38 39
89 59
1 160
79 62
100 26
63 12
15 73
93 148
32 121
34 13
30 69
28 102
88 188
36 69
23 143
60 142
95 119
70 143
86 109
83 75
1 112
67 53
16 75
62 167
48 96
83 115
19 110
97 194
95 197
13 179
11 28
79 162
27 69
34 61
48 145
49 169
9 116
73 82
2 88
57 181
7 17
97 63
74 196
14 176
32 177
82 103
48 32
27 188
48 192
11 173
8 27
84 164
90 176
90 132
91 77
10 157
