200
7452
54 37
99 158
9 42
76 184
99 83
65 134
23 127
100 48
15 175
55 113
84 180
14 99
91 34
34 48
90 19
49 70
76 36
25 87
19 32
48 37
68 39
37 169
20 123
4 151
8 135
30 148
36 75
62 119
1 46
53 45
99 146
19 87
70 68
90 59
40 188
34 42
7 95
43 71
79 123
95 126
90 104
84 85
94 110
62 64
26 59
52 53
46 83
15 165
45 142
97 161
57 46
85 61
51 82
64 22
98 59
46 139
56 139
25 89
55 63
72 81
31 189
63 188
52 165
43 178
63 86
60 108
63 17
83 131
39 145
74 31
41 107
6 95
61 106
82 194
36 93
88 50
77 52
81 15
70 70
69 147
8 176
36 199
95 173
31 163
73 174
43 106
37 132
35 58
36 145
54 68
63 103
61 34
65 196
65 175
53 57
68 34
21 32
60 17
23 132
63 121
11 120
90 27
92 162
26 123
3 27
79 23
17 70
71 115
37 64
12 25
73 29
80 193
52 85
16 135
29 139
37 15
37 108
45 129
60 73
62 36
28 169
85 91
13 84
97 92
78 19
71 161
12 146
36 77
79 156
14 35
49 176
49 183
62 107
77 143
32 101
72 165
70 196
45 157
57 187
43 85
77 89
40 183
1 23
97 82
46 35
5 182
96 83
32 52
4 159
22 11
80 186
18 124
68 120
20 75
15 122
62 46
91 101
92 197
37 59
61 116
69 36
98 113
47 198
72 47
99 158
72 101
13 152
74 94
27 23
7 64
64 30
40 190
68 167
89 43
42 199
76 161
56 117
14 116
20 132
11 75
92 11
72 141
97 44
49 164
42 54
68 145
67 99
71 123
67 74
28 167
6 66
24 46
100 121
45 65
5 168
69 12
61 97
79 35
84 163
89 84
