200
7039
41 42
15 184
1 96
19 125
82 64
2 122
75 72
26 130
51 35
63 96
13 94
97 109
7 14
84 77
52 124
45 124
35 49
5 198
6 114
38 101
91 45
83 42
88 68
5 48
40 159
80 31
49 83
48 86
72 131
76 104
95 167
32 183
28 11
63 16
57 13
74 28
82 150
59 59
19 113
60 98
12 171
2 180
82 90
46 128
28 125
60 28
70 165
55 176
56 133
79 80
16 145
32 28
36 115
77 102
24 15
42 86
37 76
23 50
22 104
8 88
26 82
35 27
91 140
15 129
65 125
41 104
28 12
97 92
73 98
91 151
35 158
19 164
6 94
57 149
55 188
42 143
46 188
27 163
79 26
57 52
59 57
61 63
70 199
98 160
69 66
18 191
51 198
52 29
68 56
11 111
64 169
70 142
16 61
60 115
41 200
73 94
83 138
50 173
15 148
39 12
45 157
95 37
76 31
98 153
3 82
21 73
81 200
38 155
40 60
68 165
39 137
75 104
56 112
89 144
32 89
71 21
94 185
3 76
80 64
11 178
96 138
17 29
13 165
97 25
80 67
88 106
1 36
84 36
38 59
41 95
96 144
26 193
77 114
93 169
16 122
77 110
46 109
50 132
82 136
71 117
42 50
82 164
8 183
73 137
51 47
61 173
32 154
89 69
62 64
70 50
45 144
42 198
69 97
47 132
53 63
83 108
16 13
50 31
23 45
39 67
28 49
56 118
75 117
44 160
34 131
91 163
34 91
76 178
48 84
33 140
77 131
83 128
27 194
71 108
9 62
31 104
21 41
32 200
67 199
43 40
39 130
14 179
52 111
30 68
73 196
74 144
8 156
27 135
32 78
26 86
79 117
91 124
32 179
96 196
55 20
58 74
6 101
61 65
35 105
30 136
