200
7858
74 31
41 41
15 191
48 158
72 80
65 60
63 120
44 104
99 66
57 99
97 29
97 167
83 104
76 63
64 168
61 200
30 188
14 187
99 157
78 198
71 155
84 171
94 63
31 69
17 171
63 138
36 80
97 171
1 200
71 23
2 111
66 51
31 164
70 30
6 59
15 17
38 128
13 107
71 91
79 178
42 82
53 120
31 130
68 70
88 17
79 181
82 124
97 192
59 137
69 44
54 32
86 110
21 172
15 173
35 76
8 101
64 103
64 179
60 194
97 120
73 11
76 111
51 50
68 38
89 176
69 81
23 14
94 95
48 79
52 198
98 42
9 138
25 180
97 25
65 174
88 140
67 90
24 143
38 74
50 82
82 61
99 103
93 138
99 35
35 34
41 116
65 120
1 59
10 44
55 120
73 179
29 153
15 195
80 50
99 82
89 24
57 57
27 196
14 126
37 140
40 171
72 131
57 193
77 72
45 147
99 70
97 65
10 27
98 80
76 53
94 91
35 22
63 40
68 143
83 62
97 76
77 129
33 187
8 89
86 192
25 63
77 77
50 29
44 117
41 108
52 17
48 131
44 17
33 146
94 183
72 157
48 115
80 54
93 165
59 32
8 24
46 161
76 168
38 56
37 157
75 98
56 197
57 48
87 93
50 153
85 185
50 189
19 165
32 84
91 148
24 108
64 193
70 161
35 196
80 28
66 94
10 133
83 180
67 96
27 46
78 199
81 10
53 23
29 64
32 129
86 74
64 192
21 178
85 17
92 112
95 26
3 135
55 196
99 144
7 120
10 174
17 41
71 198
59 190
75 52
40 37
17 33
19 35
34 81
15 170
92 35
20 151
41 65
47 43
95 113
88 92
20 145
20 28
89 19
6 116
58 24
51 68
14 145
57 179
74 138
