900
31633
53 57
16 161
41 137
66 82
19 162
13 110
95 171
55 137
71 178
35 143
59 153
48 60
68 12
95 28
11 69
26 184
80 200
58 48
23 36
43 73
98 102
66 25
85 129
24 126
32 174
93 76
52 80
8 140
89 73
62 192
47 111
77 109
5 15
56 123
49 174
12 49
60 82
32 28
12 100
4 95
76 61
30 30
79 163
35 54
15 99
21 111
4 143
28 100
91 38
15 35
50 110
3 142
34 145
84 129
2 162
69 101
16 154
86 71
23 25
86 130
57 164
36 39
96 25
4 81
72 51
38 77
89 22
92 13
31 162
61 162
52 100
90 136
93 13
90 54
71 15
35 80
15 150
14 11
1 151
95 80
58 67
66 36
51 173
58 94
69 48
17 150
26 62
73 80
96 121
91 138
23 10
40 29
63 140
17 119
1 158
83 133
46 133
60 166
27 119
20 42
87 51
61 41
3 106
42 40
37 115
63 36
17 99
12 144
49 160
6 18
7 11
43 35
11 184
87 164
53 43
100 46
86 82
67 53
35 84
12 29
11 197
23 137
39 194
35 100
39 156
75 43
18 137
49 11
4 50
42 75
40 98
67 98
48 72
90 12
78 139
100 25
1 55
28 20
45 188
92 191
77 102
9 26
72 121
51 98
21 103
73 164
63 156
98 13
86 132
35 62
20 13
27 131
76 191
85 184
69 181
33 187
90 130
30 117
28 74
63 57
97 135
47 38
38 61
29 97
79 23
40 179
79 115
54 167
29 11
38 14
39 105
60 22
4 37
78 57
38 186
17 100
51 16
13 170
57 85
21 76
29 146
13 104
12 58
16 125
10 26
75 124
87 187
47 138
16 157
73 83
51 84
33 46
69 132
17 193
14 175
12 198
2 127
84 169
82 102
90 51
6 57
100 157
63 43
77 32
65 69
5 84
10 194
48 51
35 146
98 171
88 168
88 30
3 61
7 73
38 73
50 33
1 27
29 15
37 142
21 87
66 16
21 14
77 46
65 159
96 26
46 162
16 127
41 188
22 122
71 76
56 38
70 187
92 187
64 174
20 178
24 79
41 160
28 85
51 106
64 85
82 168
46 93
24 129
43 37
21 152
79 135
93 167
8 174
87 114
74 79
52 191
39 15
11 58
93 106
22 173
29 104
53 147
69 21
48 157
4 58
89 109
22 130
100 76
35 49
58 197
56 21
30 134
68 124
93 185
70 146
4 159
35 83
6 198
63 130
11 35
55 174
38 99
21 127
47 18
49 76
70 179
17 133
93 82
51 127
46 43
9 137
14 103
58 184
5 179
80 171
92 31
7 63
74 125
71 17
9 25
33 154
67 185
19 10
39 29
58 149
30 37
5 43
34 85
39 98
77 115
15 155
55 160
41 33
97 196
47 148
68 149
98 111
45 140
56 24
19 143
35 131
14 130
20 120
4 140
70 132
24 132
72 112
60 169
66 51
83 133
17 175
65 166
70 192
66 149
90 22
45 33
45 133
93 159
47 12
7 77
44 71
3 73
39 145
40 123
18 93
96 133
14 60
76 197
64 120
67 33
16 102
81 194
73 87
58 185
53 50
91 55
15 84
27 19
4 126
64 146
18 189
81 68
13 60
45 24
93 64
10 12
96 105
53 172
20 62
70 16
59 41
75 105
24 163
30 112
67 72
58 189
76 68
83 112
68 173
22 90
77 190
30 161
9 36
36 46
59 165
94 102
96 77
89 40
43 83
47 151
97 151
18 104
57 14
53 114
64 110
71 47
84 12
12 72
78 168
60 173
88 191
32 71
100 166
5 24
83 183
71 191
85 42
75 121
80 187
77 97
12 69
84 131
58 143
80 136
16 149
94 36
32 62
16 171
90 160
5 184
7 192
18 157
45 26
60 109
97 10
88 82
68 113
63 90
96 34
11 174
39 100
54 130
58 198
99 159
79 47
24 129
23 15
63 83
8 88
14 190
92 25
10 78
100 158
2 170
5 18
50 74
5 133
82 93
28 196
15 145
64 143
49 180
77 93
97 131
61 180
2 135
60 186
80 168
70 109
39 44
3 107
70 62
18 137
50 62
64 113
26 23
53 127
84 25
23 97
43 80
87 23
69 125
20 59
98 182
64 19
22 167
10 39
17 120
61 100
39 182
62 66
38 93
78 77
68 41
94 61
2 129
43 70
4 88
88 31
62 40
45 11
23 133
75 85
2 176
87 115
40 96
5 138
15 85
34 157
65 38
50 34
52 28
40 96
41 28
97 32
32 71
49 48
79 27
99 55
89 20
48 157
32 31
36 118
54 136
7 11
3 99
34 81
78 83
65 101
71 75
79 45
67 77
4 24
85 111
87 16
15 187
74 124
78 130
19 143
56 163
32 63
90 182
93 128
62 124
2 171
96 185
78 25
2 108
92 94
98 73
100 167
15 73
95 26
1 58
68 12
62 51
36 27
73 94
12 160
91 146
95 168
82 144
48 79
1 165
31 170
9 40
41 132
83 80
13 56
80 102
68 164
87 146
15 101
76 137
21 83
35 53
8 101
59 164
64 63
39 86
10 49
18 22
30 77
21 38
8 49
23 48
50 195
12 70
90 127
83 32
100 111
40 134
34 138
31 74
21 196
61 80
33 41
79 151
21 117
45 129
14 153
59 134
66 174
83 145
2 98
100 33
68 63
93 66
95 145
17 57
54 141
81 107
24 113
48 121
9 192
66 184
4 137
9 169
25 77
60 185
84 168
58 135
71 145
99 162
89 16
8 166
38 56
54 99
32 134
97 188
71 149
28 154
63 83
78 139
17 106
72 118
73 84
98 135
42 61
30 21
34 103
60 58
15 110
75 169
5 139
41 32
5 110
30 95
70 111
19 134
99 82
36 92
100 43
99 75
75 184
88 175
58 145
95 173
96 67
65 138
64 177
19 135
99 75
94 174
48 154
28 49
82 107
67 115
12 12
84 12
60 99
37 181
82 19
43 83
89 186
86 189
40 182
97 63
98 17
23 11
51 85
4 120
65 110
54 126
86 90
70 169
35 168
56 105
51 127
89 188
10 103
32 81
16 178
21 34
3 160
9 137
2 105
38 98
77 80
35 188
65 101
98 33
4 78
53 153
62 175
69 13
12 166
52 64
29 138
92 148
67 29
20 112
63 134
76 20
65 151
29 144
86 30
5 128
66 30
4 78
32 73
55 48
100 177
56 156
82 176
90 42
24 169
46 95
78 38
2 190
89 31
78 164
34 80
75 54
10 64
50 165
69 172
4 177
65 28
45 172
7 194
26 25
9 153
21 38
23 199
100 81
67 187
34 180
87 44
37 161
24 104
23 88
83 192
93 131
3 17
30 23
47 54
36 156
23 23
3 32
47 58
35 82
20 92
56 28
87 10
39 61
71 53
30 103
96 162
10 158
51 13
69 194
87 175
4 35
78 113
35 186
14 46
10 60
72 133
69 186
99 193
63 12
75 45
61 111
98 41
43 88
10 24
98 11
94 152
33 172
89 119
54 133
25 161
51 192
54 200
15 172
1 195
28 94
76 158
59 116
93 28
12 138
89 173
78 93
27 99
36 55
50 168
92 175
67 27
54 147
48 24
69 16
56 61
24 156
95 100
12 64
1 113
8 118
29 182
36 111
35 22
84 82
58 177
17 137
16 165
72 152
53 20
55 159
21 189
38 35
68 82
15 132
43 136
77 185
48 164
22 171
33 187
65 11
14 76
73 49
76 180
60 26
81 56
22 32
37 175
13 171
89 124
37 14
85 37
100 183
72 159
58 160
70 97
9 126
75 31
54 77
84 65
57 95
73 62
18 23
52 139
93 197
26 173
72 180
66 40
30 160
87 35
13 48
70 175
18 58
87 200
77 174
31 133
30 83
58 100
26 33
26 31
8 26
39 180
98 43
81 76
16 33
67 28
51 74
69 159
62 139
65 101
95 119
59 65
54 69
11 167
100 78
72 80
41 61
76 34
2 187
52 94
90 54
36 121
22 153
15 191
84 32
54 189
1 52
79 16
56 183
73 33
60 149
80 181
33 79
74 31
31 171
49 183
38 46
95 78
