900
32204
65 28
73 85
37 97
92 44
24 197
36 199
38 165
74 148
7 106
15 14
53 11
22 51
3 136
25 188
94 112
4 189
11 139
74 171
56 52
87 90
15 106
37 87
6 181
54 187
24 194
80 92
83 143
12 187
60 128
28 154
5 109
53 196
81 112
27 172
20 171
1 30
96 25
13 163
91 138
47 149
94 69
90 80
39 184
51 42
58 158
14 102
55 139
38 180
58 90
83 112
97 143
59 103
20 132
84 88
39 125
26 184
75 174
51 171
39 168
68 134
56 144
21 29
45 153
50 100
48 65
45 121
69 196
24 120
90 94
26 16
12 188
77 130
79 41
28 99
72 100
23 54
74 77
75 182
23 137
73 164
75 152
17 36
14 33
83 153
19 157
7 137
100 121
50 19
58 121
49 150
47 55
67 13
69 65
54 61
13 179
91 59
17 105
29 17
96 31
35 199
94 73
52 30
12 111
75 59
58 60
4 178
100 115
20 77
44 165
17 141
40 98
75 193
39 87
70 183
44 30
30 58
91 159
86 199
7 46
88 194
90 177
91 160
97 37
37 51
40 120
32 101
22 78
16 74
65 111
8 112
46 190
9 107
2 193
20 163
12 64
25 95
68 129
57 104
88 86
85 108
53 23
70 137
78 102
38 28
48 159
18 36
21 15
99 185
12 71
16 71
72 143
34 61
67 34
82 162
54 82
13 154
34 114
7 137
86 197
67 68
73 122
86 183
10 20
9 131
81 198
78 19
91 163
40 66
42 109
66 89
10 181
41 133
22 182
77 24
66 58
69 193
62 35
32 91
48 29
74 161
84 11
40 28
7 164
40 90
77 90
53 58
4 59
25 14
48 187
43 52
11 53
46 111
18 126
9 85
52 128
8 23
55 71
75 196
54 117
48 134
86 42
57 50
60 26
50 155
80 113
16 186
40 75
6 34
59 26
13 46
87 147
5 103
83 167
96 189
61 82
63 173
44 174
32 37
29 152
6 13
40 88
92 189
7 164
86 119
99 80
71 157
60 82
36 159
20 43
81 47
32 68
99 177
83 142
34 73
82 188
80 82
56 109
42 128
23 115
55 23
21 92
50 89
77 11
12 186
35 155
94 124
73 90
32 75
96 34
35 23
6 166
34 90
90 38
7 63
34 98
60 175
86 180
31 153
34 169
39 78
82 70
23 77
95 127
4 165
24 67
28 169
43 77
6 40
99 159
61 160
24 71
60 93
45 24
10 140
76 144
21 60
16 153
17 25
60 73
50 130
49 68
81 110
33 38
89 174
78 97
70 169
60 11
4 139
87 22
65 124
85 145
81 124
19 130
47 187
8 167
87 24
58 147
82 69
7 103
37 166
24 11
22 91
67 89
91 131
77 76
46 92
32 48
14 39
79 169
50 25
25 83
12 66
29 193
36 107
72 195
45 93
93 160
52 24
52 132
75 60
48 107
37 18
67 135
59 78
72 181
11 60
94 26
74 104
74 184
52 31
54 51
64 64
77 55
38 51
44 174
58 133
70 98
34 97
71 181
13 41
4 112
26 138
86 100
53 179
12 90
80 72
31 56
82 104
64 195
95 68
94 106
23 71
77 149
99 87
35 50
47 129
53 167
96 177
32 158
3 184
100 200
39 156
17 185
38 25
33 144
32 38
89 31
54 21
72 66
31 143
18 158
84 114
72 117
8 47
38 28
19 62
89 85
96 138
54 17
17 135
17 139
19 186
22 99
98 139
89 101
11 196
21 13
65 177
87 73
45 198
80 24
54 39
38 96
39 147
38 109
63 12
13 189
6 85
81 99
17 86
35 84
64 52
40 57
74 39
66 143
86 95
37 122
63 65
58 153
91 192
54 47
74 32
55 35
55 178
91 47
76 48
81 86
94 137
40 60
69 136
74 30
28 70
17 174
8 61
13 116
28 58
59 150
26 16
31 33
34 82
74 157
24 142
48 48
39 105
9 51
57 140
100 194
5 27
6 131
70 123
41 122
35 179
56 46
68 39
69 31
4 91
66 92
12 12
26 179
98 182
23 87
75 93
76 80
29 36
17 162
38 19
50 23
62 142
30 127
48 90
60 137
86 41
46 71
4 59
98 125
76 188
1 90
23 35
63 17
18 72
67 198
99 161
21 119
27 63
71 71
16 180
63 38
16 27
31 118
20 182
97 55
3 151
69 33
99 139
31 183
60 118
44 147
8 155
85 47
9 174
51 64
52 46
29 27
71 20
75 19
80 157
58 136
72 123
9 13
82 109
100 182
58 166
5 97
56 164
14 104
93 36
98 24
74 81
18 10
100 183
35 94
73 13
15 14
43 61
26 106
26 45
89 83
3 27
71 54
16 38
86 155
3 160
25 200
70 145
38 27
8 91
45 193
31 124
89 125
82 56
90 91
93 173
11 156
43 172
45 42
93 110
56 25
93 200
46 157
4 162
69 87
56 179
54 82
31 164
20 145
51 56
99 115
3 145
80 171
69 86
28 121
48 140
10 137
20 131
53 82
62 132
9 185
17 176
71 159
88 69
85 31
36 125
26 83
22 73
73 54
100 152
64 14
27 127
20 21
73 98
83 102
56 22
14 13
35 157
78 108
95 46
70 116
35 196
75 170
60 159
96 112
89 82
73 159
63 19
81 116
89 187
40 196
71 24
50 190
46 109
49 186
43 111
24 163
71 174
23 67
20 167
98 139
18 114
23 97
86 146
57 105
25 23
11 39
80 117
43 134
14 11
31 70
85 11
62 149
74 100
81 107
49 161
7 183
28 96
85 190
3 181
96 163
15 197
33 199
92 189
48 114
11 141
38 131
93 199
58 198
89 93
27 171
35 122
100 193
25 188
26 94
85 153
65 77
82 76
62 13
68 42
99 153
14 193
5 88
43 142
80 141
43 167
67 97
17 75
99 187
25 28
88 188
27 173
49 134
37 124
83 73
77 134
95 44
65 139
56 91
5 165
21 138
49 200
65 154
36 51
2 65
84 83
3 141
16 122
74 64
33 33
27 51
13 117
57 33
24 90
28 130
59 50
67 164
61 167
5 161
96 169
37 126
54 131
94 49
68 152
87 142
6 19
30 175
56 14
25 147
97 188
12 156
8 28
64 170
72 143
15 191
72 178
57 89
27 121
16 42
76 182
68 150
67 36
99 148
95 148
29 178
62 70
52 67
26 57
23 64
63 180
25 116
23 70
52 157
13 68
77 185
22 30
92 116
90 56
16 192
88 87
89 29
52 82
55 199
1 148
17 184
82 151
95 168
55 156
3 12
99 34
98 170
9 64
24 57
39 170
52 102
95 150
100 147
57 146
68 164
15 131
26 54
96 43
65 139
86 115
54 35
41 109
65 71
50 189
76 169
3 44
21 50
37 29
44 32
72 12
55 103
5 87
69 114
60 25
85 179
63 166
33 82
40 88
6 131
79 129
77 14
62 99
37 160
35 160
82 72
58 15
47 87
81 20
81 24
50 194
57 42
86 84
73 111
53 96
64 76
18 140
19 64
61 138
23 110
70 14
76 116
68 161
98 33
17 11
82 125
34 102
67 112
72 140
100 68
83 162
5 143
68 151
14 149
22 83
7 188
32 100
95 40
65 108
1 54
91 189
91 46
97 68
26 124
37 74
16 106
6 158
4 102
55 103
18 62
58 62
85 74
81 120
44 109
17 145
21 183
8 28
26 91
92 157
94 43
12 189
41 61
80 20
79 180
96 54
84 126
24 131
65 35
95 70
78 83
85 10
78 137
72 141
56 156
68 185
25 161
80 89
60 22
87 155
5 179
33 143
65 101
73 103
71 38
43 171
47 21
79 43
58 190
35 155
37 76
10 72
83 113
47 116
27 166
57 14
62 108
68 128
48 153
54 161
40 130
31 114
15 33
17 177
70 168
95 28
95 191
54 67
88 161
29 52
66 150
27 112
79 152
81 124
52 162
100 51
73 70
81 192
19 197
44 123
22 123
81 134
1 91
21 176
30 64
82 127
39 61
85 108
98 66
46 145
38 138
75 12
82 34
83 31
96 183
60 66
57 89
74 12
90 52
24 37
10 22
39 67
