900
31848
47 158
39 112
27 56
1 129
7 170
20 36
36 130
32 163
65 176
18 171
25 119
33 91
99 87
3 170
45 125
74 109
10 165
16 33
54 14
75 65
15 194
40 86
49 178
46 31
73 22
52 69
13 144
43 128
68 14
77 153
71 56
26 31
12 200
74 72
60 179
18 52
31 39
93 110
30 126
59 45
81 77
98 68
45 23
76 88
45 23
83 42
92 15
30 71
92 197
2 152
98 33
29 139
35 99
77 11
12 33
18 111
32 144
39 22
38 184
50 39
25 57
12 94
6 154
66 196
2 124
4 59
94 179
74 103
72 195
61 125
95 45
21 158
62 38
69 144
42 73
99 179
68 125
99 29
9 197
22 168
78 180
61 67
17 88
14 89
77 176
42 139
35 102
46 85
26 133
67 100
46 47
41 165
3 170
91 196
58 114
35 66
85 90
76 149
99 58
64 90
17 112
80 140
31 172
67 196
22 104
90 169
73 98
86 194
79 144
96 152
58 26
45 171
75 89
76 154
49 56
29 72
26 197
28 92
87 143
11 101
50 162
34 184
84 66
65 105
33 40
64 98
49 20
16 157
18 46
100 101
24 101
66 81
56 60
29 103
79 52
2 17
68 100
19 144
65 121
88 31
5 132
56 113
19 144
72 135
45 85
41 103
87 193
27 39
24 64
13 78
79 166
53 158
92 77
45 144
35 74
27 41
62 20
39 137
8 119
93 36
61 107
77 18
30 74
21 101
74 119
57 160
1 55
31 33
81 155
66 66
29 86
30 174
74 185
72 47
48 190
31 93
75 52
52 79
77 59
59 121
31 90
58 173
99 11
80 44
78 51
38 104
2 23
55 40
95 42
19 107
90 168
85 39
99 12
52 96
54 175
28 64
74 12
52 52
79 116
19 124
27 132
83 118
7 18
43 156
6 46
50 166
63 179
97 170
63 133
24 20
43 173
33 106
2 185
50 29
78 125
90 94
47 129
31 181
5 63
97 165
53 97
71 183
25 176
5 169
99 170
95 42
94 140
74 138
19 120
33 93
44 60
87 128
91 59
74 154
35 38
17 133
47 89
39 82
47 22
17 178
38 172
33 131
34 82
99 118
100 38
51 161
85 87
29 70
48 10
97 80
19 111
32 64
67 197
11 161
86 42
45 197
85 66
6 71
21 99
79 200
100 73
77 91
26 155
22 186
40 31
28 169
38 47
86 13
15 61
75 75
88 53
55 22
99 157
84 83
2 106
67 189
21 119
83 33
32 55
63 16
61 31
59 79
26 30
23 132
84 190
16 87
87 198
82 180
48 166
41 32
15 151
74 106
33 56
57 38
33 199
23 181
5 168
85 72
49 23
30 169
73 163
62 127
32 68
61 152
81 133
99 176
95 80
37 77
55 47
40 12
22 151
86 194
44 95
17 145
95 54
77 49
12 197
68 171
3 199
17 83
67 43
70 117
25 182
98 194
78 65
16 78
53 165
61 178
91 39
14 64
49 189
10 94
37 79
75 141
66 138
74 156
49 174
41 61
87 46
70 77
66 68
13 124
9 92
45 116
8 167
91 57
86 105
45 39
78 140
13 175
13 33
28 17
68 176
57 86
61 103
25 124
81 164
60 152
77 149
72 149
12 51
33 118
37 63
19 163
95 153
80 26
33 126
36 69
8 199
49 192
23 47
66 174
100 92
54 192
88 12
96 111
12 66
99 150
84 130
36 75
20 86
54 184
77 143
62 139
1 178
59 74
97 140
13 50
46 25
81 62
60 156
73 129
52 14
35 75
21 59
68 190
59 126
92 12
56 23
46 17
53 34
8 69
95 149
81 186
15 120
54 27
12 181
76 66
86 60
55 192
49 82
62 88
94 61
61 91
25 162
34 36
42 119
61 98
15 29
76 126
25 49
98 161
86 141
1 35
50 50
55 174
36 64
89 143
42 35
47 61
4 133
25 96
26 97
40 164
37 142
67 157
41 144
53 39
29 16
12 133
78 176
87 33
3 156
7 32
19 103
10 82
84 171
72 58
24 178
28 192
62 167
89 58
42 43
30 178
82 85
78 106
8 25
56 99
87 176
65 133
59 188
5 94
72 167
17 111
14 19
22 74
56 37
26 22
57 90
73 188
46 194
45 143
28 128
91 109
27 115
19 186
36 178
50 22
19 105
67 29
91 162
84 20
38 130
9 36
36 53
89 196
37 129
2 61
26 165
35 173
18 139
91 76
48 51
74 68
88 100
8 120
60 194
29 158
73 51
6 94
1 11
73 123
23 28
84 21
65 58
2 84
98 183
32 172
96 134
91 39
5 157
63 106
74 14
18 55
7 114
26 199
27 97
3 144
56 173
63 198
65 10
61 122
2 179
47 162
26 49
66 104
49 117
76 79
9 112
95 166
5 63
8 65
2 121
33 133
81 62
85 65
24 181
89 19
41 85
4 115
73 94
13 197
26 77
61 157
95 184
12 140
35 126
35 129
16 136
56 108
39 106
83 79
28 83
38 172
59 155
12 39
61 160
69 91
79 44
58 105
70 192
12 17
56 67
23 159
34 131
63 44
48 123
50 117
4 89
84 68
8 46
90 138
6 126
10 27
89 63
59 145
98 143
96 191
47 181
40 130
98 91
65 109
81 76
80 112
72 177
86 101
2 99
91 141
75 89
48 99
9 155
49 17
9 25
44 55
45 108
99 37
2 141
31 76
19 90
62 124
30 25
26 26
88 105
33 90
54 155
54 15
79 155
7 172
1 180
27 193
20 157
78 59
10 101
68 122
100 43
59 127
42 163
57 49
1 48
70 12
65 68
76 79
90 119
25 80
65 108
68 10
58 69
21 46
43 73
26 28
47 147
29 177
57 86
36 70
32 68
83 93
93 116
80 83
21 66
91 194
74 11
95 45
88 92
63 121
1 67
48 151
89 154
29 112
32 88
65 45
78 100
100 115
61 164
80 178
23 95
86 71
91 186
42 111
14 81
31 29
64 85
37 38
58 124
68 16
88 65
14 23
10 69
41 169
21 147
100 28
81 21
44 161
45 104
48 24
84 136
70 180
23 193
77 145
91 198
41 24
67 129
52 154
22 147
99 53
92 27
19 153
19 161
31 117
21 119
95 148
71 28
58 96
93 97
63 53
92 28
7 121
25 94
62 189
93 36
29 126
3 73
47 198
86 104
80 22
24 184
52 160
95 173
28 79
52 51
87 169
6 71
54 47
18 20
68 92
34 33
87 98
95 19
88 168
81 164
52 45
57 47
49 104
46 48
85 101
65 115
41 117
62 60
9 165
39 190
34 142
54 163
78 41
27 83
34 115
67 47
51 147
64 89
67 36
56 66
44 190
34 176
64 38
13 100
27 121
32 55
87 48
96 144
41 83
36 97
41 109
14 200
59 125
93 13
55 72
67 134
36 131
28 37
10 120
51 93
31 10
68 43
7 39
4 89
53 46
100 113
42 11
35 199
34 91
30 84
53 156
55 138
58 107
49 78
67 151
24 67
32 98
94 41
41 12
59 134
73 60
62 83
41 93
57 179
22 139
46 28
62 39
44 164
85 73
71 77
87 184
21 163
97 172
40 183
82 75
41 36
93 154
54 48
39 124
73 77
37 70
12 95
99 130
74 171
15 64
12 125
75 77
62 12
96 136
10 13
77 112
64 182
40 64
75 174
42 72
40 14
46 22
33 177
10 80
69 160
95 11
87 92
81 133
54 49
1 35
20 150
1 171
35 85
79 128
85 153
12 32
55 195
34 199
49 121
73 139
47 175
64 101
88 33
56 58
60 122
64 183
22 44
49 49
86 196
71 96
35 159
85 55
70 50
66 174
53 13
46 50
40 37
82 79
48 103
18 154
19 44
39 140
81 134
3 101
31 70
29 173
20 35
37 148
97 132
28 154
80 131
12 162
48 59
82 46
35 77
64 71
93 98
92 88
35 103
22 93
97 21
28 172
81 25
25 188
40 11
70 97
7 97
67 64
10 153
100 189
19 96
6 176
58 62
56 110
4 194
93 40
78 99
16 137
4 126
64 194
25 79
27 33
29 194
13 17
3 112
28 117
