900
32034
28 101
44 67
43 105
66 103
75 116
19 73
34 30
10 54
12 73
59 18
47 141
69 162
74 158
44 50
95 129
85 38
32 131
26 171
59 60
36 172
41 113
6 34
81 70
50 66
83 150
9 91
72 90
58 172
42 51
4 188
96 122
20 100
26 125
5 13
84 138
45 148
47 168
68 91
58 162
3 50
37 138
65 119
10 104
17 14
54 44
78 55
93 66
82 75
58 47
1 166
57 154
21 184
53 156
97 44
88 37
36 86
5 87
57 157
49 108
54 15
50 64
75 92
56 134
78 22
12 175
4 150
2 178
26 167
90 161
43 48
96 26
72 194
30 162
7 25
14 197
94 117
54 177
7 138
39 56
49 133
100 57
60 45
10 79
36 46
32 90
95 91
27 152
43 116
75 81
93 80
48 56
62 149
82 156
35 132
44 54
3 51
54 63
87 158
95 95
77 175
24 81
52 140
16 165
67 19
57 30
69 92
4 27
34 184
46 78
23 10
45 100
93 104
56 75
55 192
74 34
58 75
9 80
22 83
33 58
87 86
37 115
74 146
71 102
16 108
78 156
48 198
25 89
80 156
62 197
89 84
19 79
65 78
19 31
10 142
69 195
26 80
42 154
91 30
18 174
10 24
39 68
21 152
75 46
40 178
68 131
43 160
34 33
49 41
61 196
30 135
12 11
98 93
37 102
96 68
69 115
92 70
55 187
67 178
99 102
52 160
71 197
96 103
7 170
68 193
68 162
14 156
49 139
48 111
33 53
62 64
89 174
77 117
35 28
8 141
89 126
39 18
70 57
12 85
81 138
32 187
48 91
39 105
65 50
44 14
49 111
46 73
11 45
10 22
21 113
8 124
1 78
84 182
58 40
31 148
7 43
1 96
89 84
48 70
72 90
90 98
95 34
36 42
67 165
28 145
11 106
29 78
4 14
93 83
62 179
23 37
16 164
80 195
74 59
100 123
28 158
100 130
30 72
81 135
65 166
59 127
22 174
38 79
30 59
50 174
69 114
64 139
58 166
73 192
47 44
4 21
89 117
89 66
24 61
75 119
66 109
87 40
24 141
29 155
89 25
5 140
2 155
89 197
82 197
33 115
81 32
85 31
48 94
27 72
1 94
33 198
12 33
49 176
12 151
100 145
99 136
55 71
82 159
51 91
74 145
69 81
9 48
37 141
15 21
6 101
89 200
14 145
45 192
14 143
48 85
38 80
72 78
64 107
36 136
70 113
22 11
47 184
54 168
2 200
76 32
79 111
46 80
39 73
84 156
79 51
46 97
60 26
14 95
70 188
95 186
88 62
65 170
55 35
17 179
41 160
93 96
100 37
97 149
55 71
97 146
50 52
24 97
71 72
85 36
39 184
39 83
98 117
53 64
57 135
67 138
31 107
90 114
43 12
43 139
94 147
20 89
44 41
98 167
69 149
74 71
98 130
30 88
2 159
84 34
10 37
90 197
49 199
72 33
23 155
87 162
81 191
80 129
75 21
47 107
68 194
28 105
16 78
90 74
24 103
74 59
75 67
40 181
89 14
36 33
93 35
21 99
32 34
60 16
56 54
9 112
68 151
1 111
67 49
71 75
60 13
88 99
82 12
47 145
60 91
16 156
44 193
43 106
2 114
66 137
94 101
68 192
47 109
56 118
43 183
69 92
90 85
100 29
3 39
29 114
20 22
7 14
77 76
30 24
29 140
48 86
94 34
52 154
99 100
88 153
42 30
26 193
6 27
32 23
66 107
60 42
90 76
41 35
91 143
37 95
19 66
11 28
53 102
31 46
89 30
96 32
12 137
81 47
28 29
9 146
82 81
40 97
5 128
31 119
26 191
54 10
34 33
77 172
78 39
28 198
57 33
80 64
68 106
8 93
19 178
92 20
15 61
27 15
47 27
69 15
29 125
94 24
16 136
54 172
74 165
26 24
43 192
86 74
62 95
100 44
86 118
32 180
59 72
65 120
7 136
95 174
84 20
34 29
20 105
43 74
71 167
87 38
56 118
73 101
34 124
45 171
99 25
1 62
66 160
76 84
37 53
14 113
52 127
84 109
78 154
47 47
17 58
72 141
61 180
37 182
5 149
43 116
73 111
48 165
76 44
48 101
29 191
92 124
75 178
22 16
69 31
36 137
3 164
70 187
24 109
44 87
63 45
18 94
81 95
20 85
99 127
87 198
83 195
90 112
3 169
39 133
31 177
97 129
67 36
24 56
55 25
28 59
80 166
70 14
31 83
22 148
95 151
68 39
4 25
89 56
77 51
62 194
71 146
49 17
20 21
77 87
25 169
99 160
28 94
20 37
67 69
32 56
17 167
44 119
83 174
42 84
28 139
90 83
13 77
42 198
49 37
3 79
78 198
15 48
29 66
1 187
37 75
57 185
38 110
58 18
12 158
24 74
41 43
93 102
56 196
16 165
56 54
65 175
5 38
56 43
93 15
37 70
87 75
54 82
52 150
11 127
82 142
7 199
38 49
38 65
61 127
52 181
61 69
56 113
32 127
74 133
3 144
67 132
23 161
75 186
56 35
38 74
14 91
29 41
18 47
75 165
47 42
74 111
40 72
66 185
58 148
40 80
78 76
63 153
88 117
87 185
97 174
32 39
75 136
97 193
15 161
42 81
29 107
52 85
39 73
34 170
3 12
64 143
88 100
84 46
25 192
20 197
20 167
82 104
21 180
73 120
22 65
44 58
44 34
48 43
13 123
28 170
22 113
16 31
47 39
32 187
41 127
79 131
60 40
56 13
34 160
5 41
25 193
38 37
34 181
68 162
43 20
2 181
15 192
17 193
57 31
45 36
59 156
92 149
45 77
2 18
78 110
33 34
10 112
94 175
20 92
60 146
82 142
89 43
4 142
36 199
27 72
80 110
78 61
19 66
46 98
88 46
56 123
41 93
72 111
76 190
18 98
6 180
72 65
69 35
15 196
52 21
49 133
46 147
13 13
98 46
29 21
64 127
81 106
90 91
98 166
77 90
58 178
71 170
95 27
69 122
18 191
22 131
45 189
25 44
51 44
54 50
62 51
64 106
44 14
89 119
63 195
89 108
42 160
46 67
96 168
44 51
78 118
17 102
72 63
34 50
76 151
37 192
22 52
25 49
12 72
52 156
88 172
29 120
2 44
39 13
37 146
87 192
60 132
63 36
97 121
83 100
21 183
33 33
52 90
53 112
4 126
91 118
11 15
85 165
3 140
70 37
22 147
19 166
44 136
49 123
30 78
76 118
83 169
99 133
22 133
96 155
8 135
97 194
30 85
31 77
37 179
6 152
58 173
9 145
100 154
43 148
34 182
1 47
67 44
73 52
46 178
79 156
75 178
54 29
51 126
60 25
74 155
7 185
82 160
76 115
70 85
69 192
78 115
62 68
91 198
2 131
90 104
30 183
47 70
45 107
6 156
81 161
93 129
9 21
23 74
17 97
5 67
96 140
81 92
12 174
20 87
53 112
46 134
77 10
75 19
85 67
88 178
41 37
74 59
12 136
41 91
20 51
16 18
90 179
95 59
20 127
71 156
40 199
96 81
35 17
60 129
53 181
41 123
3 183
74 110
17 73
85 178
1 163
80 179
78 115
75 129
29 96
27 92
31 102
34 151
62 15
84 184
48 142
74 138
53 12
57 33
59 73
38 130
30 58
52 64
65 58
92 71
68 156
39 18
71 142
87 144
10 116
73 185
38 59
34 161
69 181
15 185
91 64
84 163
78 100
42 129
75 112
32 46
45 89
33 116
88 146
94 30
36 107
40 18
47 100
96 22
8 138
33 71
69 98
48 57
48 104
91 138
42 106
38 193
88 146
98 129
16 26
78 63
14 94
68 74
20 51
16 170
60 116
58 67
76 54
74 181
38 132
14 49
24 43
37 132
76 190
93 163
94 48
78 172
8 44
68 43
36 196
2 65
22 40
3 91
58 20
67 114
80 33
44 80
63 13
12 187
18 199
17 32
91 123
75 34
46 15
76 181
94 11
41 57
38 200
58 112
2 133
71 119
14 114
41 57
71 66
57 30
16 97
11 89
1 115
81 141
