900
31360
23 101
92 184
44 119
84 54
88 130
45 103
73 69
96 181
89 67
12 171
61 190
99 105
86 189
10 78
67 132
58 22
3 195
76 159
85 128
33 75
56 186
28 22
89 137
29 82
32 28
93 21
17 127
38 115
36 142
64 98
62 91
67 68
97 179
62 95
94 64
83 60
18 160
87 101
10 45
12 46
58 20
49 130
34 125
55 114
62 147
48 132
99 52
65 195
84 164
79 124
54 40
17 47
4 117
72 163
26 147
20 46
11 98
83 178
92 122
24 83
6 109
72 144
30 58
15 173
76 78
60 181
72 113
63 78
15 184
4 50
44 111
15 156
77 19
34 178
61 80
65 85
32 29
15 90
97 47
56 55
5 186
32 45
33 29
90 126
10 53
47 173
23 181
2 93
40 164
3 175
27 106
2 82
20 162
16 104
65 23
97 143
15 38
50 168
58 39
77 105
70 103
70 97
60 185
19 111
79 166
57 21
40 177
11 60
61 154
87 89
39 134
67 56
28 149
25 123
4 19
18 44
98 15
84 39
1 22
25 74
65 133
49 67
37 111
38 185
19 129
25 171
20 162
97 36
28 17
2 133
69 47
99 152
90 148
79 195
8 12
17 65
92 158
11 198
86 97
98 125
85 181
41 182
43 72
49 24
14 13
30 27
43 40
97 93
45 35
22 122
31 40
51 143
9 129
64 178
6 144
43 123
95 87
85 189
56 177
70 17
60 181
79 134
56 88
67 61
51 16
60 151
51 88
84 92
88 117
9 54
11 75
21 89
50 117
93 59
82 49
6 108
58 46
55 174
79 42
47 109
98 178
84 175
30 139
23 51
87 113
24 146
26 163
96 52
91 145
32 67
21 112
34 88
70 108
56 84
24 172
43 132
80 153
2 96
23 135
3 172
57 144
41 153
28 30
61 175
77 42
62 156
33 80
53 64
43 141
26 190
84 137
43 20
17 31
67 124
98 68
55 16
38 125
47 121
63 86
8 16
26 100
90 51
62 59
96 70
53 133
59 52
86 158
2 75
65 33
16 56
24 119
21 36
3 98
42 157
82 86
100 32
48 62
58 131
46 34
100 115
11 137
90 99
81 128
62 71
49 158
64 138
62 177
47 115
86 188
32 95
54 46
95 36
48 87
11 89
58 109
97 191
80 76
37 35
36 163
41 114
84 109
13 135
29 162
26 12
64 199
88 189
3 178
69 88
20 131
98 73
42 83
62 135
75 194
43 21
82 36
57 135
19 158
10 173
57 111
24 103
22 69
19 52
20 127
92 58
7 128
59 194
76 162
84 21
62 113
51 166
46 64
19 40
63 182
20 181
31 119
49 15
65 146
25 143
91 96
11 91
60 101
43 25
31 55
93 35
43 64
88 117
50 103
57 29
48 22
52 136
26 36
4 47
20 45
70 160
12 132
77 136
55 122
9 98
57 159
7 111
44 164
88 12
91 195
18 28
57 116
100 66
7 168
90 100
85 186
15 185
16 142
80 173
14 17
62 142
61 173
43 190
75 131
12 199
84 82
94 69
1 12
39 91
48 11
85 49
65 189
86 56
78 178
32 90
77 60
71 92
22 181
39 60
17 106
10 22
96 183
29 160
57 24
23 20
3 98
75 119
57 144
4 163
50 120
55 58
89 77
21 123
86 123
45 196
58 13
88 150
32 100
49 144
53 197
52 143
92 156
64 20
18 81
39 91
56 186
20 172
32 109
45 14
7 13
24 72
64 15
13 154
15 117
69 199
21 116
38 50
51 180
32 188
89 15
29 14
24 93
86 31
69 65
96 32
63 74
21 160
9 83
12 198
25 39
30 176
85 44
38 167
89 119
74 71
98 102
33 139
88 180
95 53
38 162
94 182
20 96
47 62
24 90
25 81
25 57
12 161
32 29
86 180
9 176
91 48
14 40
35 27
7 40
62 54
53 169
13 21
73 38
20 128
11 165
47 98
43 115
70 52
3 157
89 167
40 111
53 195
93 97
91 172
68 69
28 153
65 11
48 91
26 51
33 168
81 41
19 19
52 150
55 180
79 109
31 156
27 109
17 14
59 59
25 12
8 136
2 65
17 130
13 96
65 28
73 127
56 193
12 76
95 166
52 179
82 51
31 99
39 78
29 176
93 184
64 117
8 38
67 158
67 148
28 25
54 101
67 143
85 60
59 70
18 43
5 38
65 71
17 166
32 132
60 52
44 66
31 40
13 119
79 139
3 156
35 131
31 86
81 77
33 154
81 104
36 131
59 177
33 176
47 136
26 73
41 132
54 92
68 151
28 48
19 61
27 116
99 33
30 74
41 152
87 116
61 193
18 54
88 73
37 185
51 62
46 62
31 50
5 37
18 92
33 53
57 125
30 163
38 110
97 159
19 115
25 74
12 175
1 10
46 103
3 169
21 18
66 96
77 142
79 65
43 74
77 128
51 110
35 171
45 109
36 161
26 71
10 62
90 21
18 101
92 41
42 33
12 179
24 103
9 148
40 199
99 127
89 167
64 93
34 23
32 43
46 22
76 31
42 56
5 59
66 54
47 191
88 20
8 169
46 176
36 112
28 101
41 85
73 162
23 33
90 112
70 30
93 195
66 184
39 176
76 76
77 20
24 126
13 171
82 81
22 93
66 143
82 189
91 18
15 190
84 64
32 47
49 117
65 23
10 71
72 173
80 53
36 58
90 72
81 136
30 191
9 119
26 77
57 191
34 59
74 87
48 40
21 81
29 12
70 133
3 200
34 27
53 154
97 113
100 81
71 29
1 45
81 136
20 105
96 186
82 101
89 48
76 170
5 179
24 130
13 144
33 83
61 30
79 64
54 27
56 137
39 122
95 77
100 64
72 160
73 35
53 34
67 154
65 144
42 69
69 71
17 194
23 45
77 63
30 59
99 34
54 145
58 47
56 98
44 131
14 72
2 161
33 54
88 57
15 102
18 198
16 123
20 74
21 39
14 85
98 84
41 141
45 93
81 84
41 137
47 141
59 14
20 137
45 162
89 82
54 108
27 37
17 200
22 89
24 120
33 190
78 190
18 197
80 93
96 51
82 61
99 122
17 186
23 150
99 122
67 191
64 123
52 150
42 97
4 88
47 33
29 162
40 123
55 175
83 33
1 82
11 15
61 164
99 27
91 91
59 139
65 171
59 11
5 94
74 21
96 30
20 81
42 123
53 74
30 186
92 50
66 158
98 27
38 109
56 103
56 178
79 86
68 172
65 43
69 72
43 170
21 67
41 141
44 107
97 15
77 135
42 44
19 190
40 47
64 146
18 88
62 158
61 21
83 174
50 99
95 145
42 198
82 52
53 160
38 158
32 196
99 68
9 22
17 191
64 113
50 114
62 179
68 47
87 12
44 182
59 137
3 139
73 11
32 94
73 132
23 110
50 29
23 157
93 42
45 41
83 180
40 93
76 130
48 21
65 126
80 123
99 111
46 161
78 84
84 158
47 32
86 91
83 54
54 39
70 43
95 108
64 79
33 87
55 18
23 124
52 83
19 84
28 22
68 100
9 39
1 140
63 182
51 126
2 186
82 87
77 37
76 132
53 93
13 37
1 136
96 81
94 41
61 59
90 177
22 114
69 188
30 126
78 41
51 88
59 86
84 120
70 182
3 94
10 136
38 68
42 139
24 77
40 98
69 41
64 53
97 98
97 193
16 181
15 111
69 93
32 18
76 54
10 74
16 127
98 121
49 119
60 198
86 114
69 146
45 192
48 47
95 148
31 109
54 125
67 164
90 79
9 10
64 87
24 22
80 120
81 80
28 189
46 48
89 140
2 172
21 27
63 104
11 194
7 84
33 174
75 196
28 28
72 79
45 145
1 16
16 70
89 129
82 146
48 55
73 91
17 141
29 151
95 93
76 44
38 140
4 47
7 187
64 148
24 83
3 23
52 98
9 138
75 196
73 163
60 184
48 139
50 138
91 154
44 110
97 141
30 145
48 77
17 116
61 151
13 79
61 115
7 151
49 114
46 156
69 144
100 11
41 80
6 94
84 195
30 53
61 54
74 59
73 29
5 104
83 27
3 110
21 161
89 135
