900
32550
55 136
55 189
75 154
44 171
39 149
72 115
43 175
37 179
76 60
83 121
53 65
24 72
54 156
55 112
56 24
59 84
54 186
72 114
6 120
88 145
98 153
5 148
88 166
64 190
36 174
34 151
32 39
94 57
78 117
13 78
93 101
1 35
61 56
90 99
78 45
42 160
24 41
83 197
26 114
82 65
97 30
79 137
54 143
58 92
88 55
14 150
57 179
98 39
4 38
54 77
3 124
77 118
14 46
27 169
41 17
9 152
10 67
38 122
36 120
79 52
59 187
91 27
64 18
94 21
56 179
13 83
10 36
43 28
63 198
55 133
76 167
1 117
39 127
59 71
36 69
4 168
81 159
2 57
78 33
48 130
68 184
78 182
35 151
45 50
26 42
89 142
30 116
62 86
21 58
69 156
72 60
54 117
97 107
22 57
79 56
47 133
36 91
33 86
43 44
16 81
85 198
98 64
48 26
25 134
7 199
24 198
97 150
43 190
70 168
95 74
28 146
3 58
59 89
81 76
12 134
42 141
76 140
15 67
42 110
35 97
7 93
3 85
66 130
76 51
25 77
86 134
9 110
100 72
47 168
54 70
55 47
89 110
16 111
95 136
1 156
11 18
14 128
2 105
64 66
69 152
24 85
2 41
74 122
24 80
17 57
43 195
100 109
88 76
86 17
55 68
35 18
14 168
37 91
61 149
17 184
50 167
24 51
13 64
49 42
34 93
32 124
4 82
9 131
13 31
22 170
40 27
13 188
79 153
7 56
6 171
62 18
86 80
59 43
34 140
54 31
18 115
30 96
75 39
62 183
14 173
56 152
86 40
22 81
64 93
99 104
18 98
18 161
87 200
5 71
16 167
82 65
97 42
2 78
78 188
62 189
56 187
69 107
1 59
31 41
65 118
20 88
11 26
95 17
35 16
81 182
97 146
95 155
14 40
58 148
25 138
26 166
8 78
91 144
40 110
77 93
42 23
18 135
49 69
13 72
94 174
17 68
52 73
70 47
60 155
36 156
12 69
89 59
26 174
12 72
8 55
43 135
12 115
54 46
59 114
60 171
42 49
62 188
17 68
71 16
92 36
2 194
18 49
82 18
2 199
49 121
49 196
72 115
52 106
97 200
96 169
61 19
84 165
73 99
1 58
67 178
92 180
99 131
85 196
43 89
7 192
9 65
67 165
68 123
74 161
80 24
91 64
82 74
93 198
26 32
80 79
75 133
12 30
81 200
14 27
92 152
80 117
20 109
29 180
32 90
9 180
81 55
59 110
43 88
18 118
15 52
74 134
58 179
62 89
95 71
36 178
35 33
33 161
55 179
2 10
83 157
54 86
67 50
94 162
76 141
35 156
75 174
5 99
28 191
86 128
49 125
96 71
40 64
100 114
23 10
76 128
19 83
40 77
53 115
13 29
81 84
61 91
90 167
47 138
26 67
72 61
34 73
17 38
37 89
82 15
51 132
15 174
64 93
59 152
38 167
91 190
34 136
100 37
29 109
40 14
98 126
66 160
24 153
78 172
94 67
59 62
35 18
95 188
43 180
6 179
45 130
50 33
90 87
71 166
59 76
16 66
41 26
5 133
32 53
64 187
13 80
89 66
87 183
75 109
60 89
88 194
44 181
35 41
38 34
54 22
95 192
77 121
58 111
60 13
51 32
42 21
3 20
70 89
39 121
50 134
93 55
46 96
80 10
45 159
50 98
17 19
25 186
83 68
73 132
4 99
36 151
96 113
75 22
95 54
56 180
35 102
89 104
39 144
73 38
47 189
90 165
72 51
66 88
2 98
60 17
73 37
87 170
99 117
12 200
67 143
99 41
39 122
92 121
49 82
41 126
51 10
6 114
6 80
98 45
61 110
31 119
74 15
65 39
38 175
62 163
12 178
95 188
66 42
55 10
42 32
77 47
65 98
83 78
38 146
34 125
64 126
38 68
70 139
9 106
74 43
5 130
41 172
63 167
100 148
88 39
52 194
59 124
10 152
90 57
54 52
66 12
8 66
32 158
14 194
88 190
67 198
45 112
19 53
44 23
26 145
98 141
21 30
20 199
23 126
77 117
70 194
40 24
67 142
36 12
68 85
50 94
17 49
74 115
88 171
86 61
31 125
56 155
61 75
33 91
3 125
72 143
69 158
13 106
81 49
83 148
64 87
17 133
88 24
60 125
79 26
37 159
43 198
62 172
75 170
67 116
61 37
21 183
70 173
39 157
95 100
58 66
52 41
61 44
39 196
11 166
96 76
84 65
46 14
35 108
97 131
65 37
9 128
34 140
65 148
40 44
23 25
5 10
88 93
35 198
34 110
59 139
82 40
12 23
35 189
94 138
91 98
79 177
48 37
79 72
95 34
96 185
53 86
48 186
14 191
90 55
71 114
24 109
50 93
4 87
49 188
82 170
70 65
32 196
1 75
69 19
95 63
29 103
71 50
65 39
72 157
36 61
82 74
94 193
13 85
53 145
43 25
61 176
74 37
44 32
41 149
2 56
65 19
5 31
38 99
87 144
17 46
97 31
51 158
84 124
62 119
29 161
36 130
60 142
70 148
74 37
64 45
1 75
21 103
23 106
82 167
42 140
56 139
5 11
8 156
19 136
50 117
49 165
99 73
97 109
7 60
33 24
61 200
3 165
77 70
33 134
35 72
26 43
90 67
90 113
35 112
87 192
27 164
3 91
22 39
45 22
95 45
11 187
32 197
41 148
93 149
31 185
97 170
20 84
85 45
10 160
56 50
21 145
76 31
84 122
14 14
77 50
39 195
75 170
99 50
80 99
63 46
90 40
37 133
34 111
39 107
77 10
32 61
50 156
2 58
78 109
90 194
56 146
94 178
84 197
61 163
53 26
68 107
62 55
21 166
99 184
86 105
25 88
40 72
78 138
26 58
51 85
89 53
6 80
87 177
65 157
48 63
43 139
63 186
22 91
87 144
78 163
89 187
62 100
65 147
31 24
19 163
96 39
71 175
19 40
40 76
20 182
17 20
61 100
41 102
80 65
31 51
36 109
73 141
80 63
64 95
35 13
55 68
87 14
55 61
48 183
77 27
87 136
51 94
80 194
21 86
33 102
53 58
22 61
49 168
44 92
55 191
65 127
6 27
82 50
39 41
44 185
25 24
27 20
93 160
65 145
13 151
87 188
8 176
10 45
73 131
31 13
69 48
13 111
34 61
37 56
41 114
66 24
98 97
73 50
85 47
45 46
13 17
23 200
19 131
55 39
2 53
59 31
33 130
39 182
50 146
74 110
45 28
39 198
82 81
4 129
51 63
97 70
74 70
28 12
95 144
8 173
79 46
58 76
12 88
35 18
62 142
46 116
57 115
94 116
91 15
78 139
68 115
65 19
98 191
67 166
9 31
44 112
21 142
37 12
79 109
78 118
77 139
73 68
63 105
41 124
34 105
88 190
92 173
89 128
16 199
26 128
80 151
47 16
30 133
89 53
56 50
86 80
15 151
66 63
9 45
34 176
52 173
84 173
80 90
78 176
87 74
98 177
25 107
12 111
9 85
90 133
75 55
68 188
56 37
18 157
68 148
71 46
62 14
16 23
45 193
77 47
73 70
35 111
2 67
6 117
9 84
44 53
2 98
87 115
13 114
96 159
41 66
76 191
72 189
33 58
25 79
96 128
50 39
37 56
25 16
37 150
65 91
16 114
97 63
97 174
31 81
87 28
37 162
24 138
5 97
18 119
82 103
22 99
81 176
23 193
83 108
93 142
78 172
10 41
29 81
8 63
12 164
48 22
94 97
45 16
92 110
73 113
7 107
91 42
35 10
28 105
14 89
81 175
75 75
39 111
23 65
21 162
76 192
20 114
75 174
72 178
78 35
33 131
65 80
57 132
63 164
81 105
91 17
37 79
23 139
38 195
72 84
91 128
27 127
31 109
1 14
68 152
89 114
43 55
36 159
5 168
20 65
14 72
64 54
42 147
22 10
67 46
70 116
59 41
77 57
73 180
68 167
98 74
21 67
51 76
8 80
67 166
46 133
51 83
14 17
100 156
38 45
63 170
20 73
10 194
68 113
