900
31531
98 127
45 125
52 189
43 59
65 47
33 15
11 58
63 72
37 132
54 41
34 192
61 169
66 19
79 152
90 26
14 165
10 61
28 86
25 98
53 135
29 150
20 120
43 21
26 115
94 44
42 178
15 187
3 44
60 30
79 90
26 174
1 63
98 17
77 98
12 149
3 11
7 141
22 73
74 176
49 62
30 122
72 188
44 155
99 50
60 36
10 185
28 48
97 46
18 163
69 121
73 64
30 84
33 168
79 42
81 142
19 42
28 18
31 27
86 71
15 161
32 34
76 175
42 159
84 28
33 90
46 106
62 17
94 195
22 55
42 171
94 83
10 35
21 177
58 62
8 192
24 179
48 131
32 177
7 42
76 29
43 123
80 131
27 191
91 90
71 107
92 184
20 178
15 56
36 163
79 149
66 83
95 126
23 138
50 163
9 125
13 72
89 24
45 73
42 161
93 52
95 183
98 193
95 31
63 77
19 139
72 15
61 198
42 84
7 150
48 95
76 146
69 37
76 127
28 53
54 111
58 81
37 191
1 100
79 45
84 130
11 70
88 83
25 181
71 167
84 115
73 63
55 156
31 139
58 60
41 47
67 163
74 194
15 176
46 190
79 64
55 132
15 176
13 171
80 106
73 132
20 193
54 114
25 177
81 30
43 97
70 79
32 21
80 43
48 122
22 139
18 173
93 96
98 53
77 159
12 166
32 76
29 100
96 82
98 150
54 47
69 85
31 142
83 152
6 38
1 106
67 163
29 97
31 59
98 13
6 52
33 42
72 193
76 22
49 76
59 63
100 128
91 48
64 143
75 43
100 66
29 168
74 198
100 185
37 11
61 123
29 103
55 158
16 93
2 115
18 198
86 181
22 115
43 96
22 142
61 94
76 89
36 151
60 81
35 46
23 122
83 133
12 151
43 148
91 54
93 52
53 149
13 123
18 14
7 90
14 34
84 13
40 68
20 15
41 50
80 96
90 196
84 158
64 152
94 151
35 104
62 28
70 175
72 134
92 112
67 143
34 115
2 85
42 49
46 135
63 141
47 195
66 191
78 149
61 123
81 80
60 89
75 86
60 183
82 64
79 102
57 115
38 124
21 84
11 134
4 147
49 105
20 39
83 166
91 117
41 132
34 11
11 49
98 136
30 188
9 158
38 160
2 129
27 121
75 113
5 50
89 77
95 121
51 86
41 133
62 98
19 77
83 68
87 56
81 18
19 83
80 127
51 78
53 92
56 46
4 33
53 136
68 23
80 123
32 36
10 106
95 115
76 98
30 87
50 171
65 70
64 164
68 23
93 161
10 33
61 147
80 63
10 198
75 12
31 115
72 129
33 63
99 59
67 193
96 121
97 44
29 199
30 26
24 173
19 169
45 31
11 93
34 152
98 171
83 130
99 60
37 197
51 91
71 157
94 84
86 150
31 174
51 45
89 123
89 43
4 38
8 189
72 103
32 150
70 177
11 63
92 172
1 197
31 70
72 199
13 13
40 47
82 132
20 126
72 166
43 165
11 163
36 194
7 184
46 80
53 91
9 62
15 25
58 17
27 117
49 119
99 70
90 104
31 156
58 57
59 191
45 146
15 22
45 80
76 51
77 65
16 40
70 169
69 172
45 194
35 179
42 108
34 62
7 84
86 100
89 54
54 183
6 110
43 191
23 190
80 18
78 169
17 27
30 98
61 84
32 196
79 194
42 156
74 18
64 169
61 41
22 78
84 77
45 135
81 22
7 46
1 95
22 77
73 97
86 61
66 137
9 82
100 173
34 91
26 88
74 59
6 134
81 163
93 34
88 66
90 42
64 48
87 46
73 31
14 19
8 142
3 109
53 122
70 83
90 195
4 130
51 154
39 35
48 110
61 138
50 187
96 19
47 176
36 140
2 79
58 83
70 41
69 196
92 157
3 31
47 18
99 17
47 122
29 58
51 164
12 178
49 178
82 39
68 178
23 195
3 190
61 67
67 49
74 64
35 170
10 58
34 62
25 19
14 122
83 166
71 103
48 188
19 63
57 103
36 200
19 69
61 26
4 95
60 93
44 40
18 29
30 41
88 141
83 193
32 185
83 139
89 86
71 122
42 18
27 64
13 44
65 170
15 151
46 40
99 11
27 147
1 45
14 170
12 30
96 25
71 138
27 55
49 94
42 85
83 82
45 189
42 194
33 163
71 31
12 50
83 194
55 132
87 141
92 183
30 42
64 144
21 178
21 29
71 173
13 86
48 53
58 151
85 141
37 181
11 147
51 14
93 19
22 17
96 27
77 141
80 77
95 90
46 74
69 86
71 35
2 163
38 50
36 164
36 190
39 42
60 131
26 140
57 87
10 105
52 79
67 146
2 115
46 58
15 163
25 50
34 46
44 22
34 122
2 179
45 187
2 200
39 68
81 91
96 147
32 179
31 174
77 70
66 153
46 30
52 28
35 134
97 30
81 195
67 138
34 71
17 15
32 138
79 103
29 197
3 68
29 70
21 183
65 148
95 40
35 26
65 108
39 37
79 32
31 38
33 53
79 177
20 50
79 18
24 161
28 69
93 118
75 167
43 139
1 37
32 108
67 33
95 33
74 57
23 58
94 115
83 90
30 159
69 150
18 153
88 82
71 56
95 96
42 65
84 151
16 90
96 167
51 92
40 93
23 148
92 40
34 88
59 137
23 115
19 135
87 117
12 49
62 111
13 62
71 16
88 184
2 137
82 52
40 69
4 188
76 46
66 124
4 29
6 15
88 25
37 132
17 56
65 94
18 154
25 101
5 125
65 166
88 93
53 83
63 157
19 188
34 188
98 30
49 107
34 122
28 109
76 114
8 116
47 100
40 136
60 176
26 71
53 139
73 182
76 188
11 103
88 80
18 77
76 75
39 75
53 68
50 89
33 78
98 167
42 10
25 82
1 142
52 200
100 170
27 123
52 99
51 127
8 176
33 124
35 130
93 179
50 171
20 121
12 177
83 117
68 165
42 12
74 52
40 77
98 124
53 24
83 120
12 174
12 158
30 159
79 36
28 150
59 189
75 69
63 149
27 145
72 121
40 45
63 47
55 137
38 135
20 55
35 98
88 106
86 97
18 83
56 57
98 194
51 140
55 68
31 45
24 192
34 82
36 183
8 152
37 32
17 184
51 113
49 118
13 130
9 107
87 68
37 128
63 61
28 78
95 176
80 57
50 126
8 46
24 84
29 50
30 73
67 190
89 162
30 161
55 64
69 74
74 10
52 91
42 116
40 53
36 187
31 124
62 119
73 39
65 51
36 84
23 136
31 151
5 197
97 146
89 183
2 120
33 81
32 52
95 104
98 168
98 56
66 155
97 185
21 167
3 98
63 145
47 129
68 40
2 117
11 89
75 128
4 183
60 138
4 18
98 109
15 55
66 98
50 42
10 104
55 29
57 34
86 171
73 28
2 132
50 170
52 71
25 169
66 137
18 39
89 41
39 165
40 169
42 85
29 90
11 43
29 59
41 117
70 53
82 138
94 138
17 161
86 122
73 149
88 184
12 168
60 13
10 143
25 23
14 24
29 94
52 36
91 116
63 44
96 15
31 160
71 91
33 198
80 121
31 197
6 66
70 174
2 161
20 18
79 141
84 29
40 174
2 156
68 18
44 44
17 199
84 195
66 54
47 195
2 172
59 92
7 63
73 32
31 54
98 25
56 192
15 147
4 58
69 123
60 176
22 113
97 163
49 176
22 47
29 141
69 49
100 197
58 67
88 77
8 23
31 48
36 84
41 47
81 133
27 174
71 164
79 17
74 58
72 99
4 129
48 90
85 66
47 85
10 46
52 119
22 142
79 50
36 96
90 196
23 168
72 41
51 69
44 113
15 192
41 195
75 133
3 154
23 66
72 87
27 114
60 196
67 86
26 112
5 153
74 21
24 196
93 130
79 151
27 61
85 180
51 192
81 125
36 23
97 25
82 133
93 88
4 31
79 188
20 177
69 50
93 50
84 22
73 55
45 46
24 93
10 90
67 44
98 131
84 11
82 103
37 187
35 174
9 133
78 128
33 171
43 153
100 82
37 125
91 139
85 86
58 157
