900
30839
26 56
64 44
7 169
54 86
16 120
35 32
91 115
25 185
71 60
2 191
95 62
93 198
13 103
32 187
31 12
45 40
75 151
29 11
96 194
94 31
33 106
70 63
28 32
20 50
34 164
100 24
15 114
13 15
5 57
76 156
71 120
91 48
27 182
2 199
47 128
41 197
30 138
78 73
62 144
4 23
83 104
89 177
68 117
39 190
25 101
39 87
52 120
5 22
83 58
28 197
41 57
64 162
88 115
96 187
45 89
97 148
43 159
74 14
36 40
83 97
3 77
70 148
21 79
38 123
78 90
99 192
54 134
87 156
36 68
63 149
60 15
32 22
43 161
48 89
23 94
50 50
81 108
46 18
72 98
47 17
86 21
5 81
12 114
3 150
63 81
97 171
41 95
66 65
83 38
73 135
56 46
4 57
16 192
65 109
64 52
39 162
17 64
18 85
17 107
41 119
75 45
52 153
34 31
14 76
28 139
19 123
98 192
92 186
63 54
39 49
90 131
49 45
59 48
37 78
2 165
25 47
62 119
13 43
47 193
38 128
59 78
86 93
4 54
12 133
88 141
48 75
64 197
7 140
16 190
60 42
58 123
97 147
21 80
71 87
31 63
54 86
51 29
77 197
81 57
44 27
58 17
100 77
63 133
48 52
79 160
18 196
77 175
35 62
81 133
35 119
49 38
5 128
14 162
74 80
86 180
19 56
67 186
52 19
84 145
8 11
97 166
45 140
80 195
22 195
84 43
19 88
84 162
45 81
50 53
44 11
38 52
59 176
37 172
36 112
64 149
65 78
93 128
100 163
67 163
24 101
72 109
72 191
29 106
93 136
84 47
57 193
66 28
43 179
49 29
48 70
6 78
58 11
63 116
26 36
31 97
11 159
30 76
86 135
17 89
95 195
5 111
35 115
61 92
54 27
60 17
38 35
73 22
60 110
24 23
69 164
8 150
87 118
29 79
38 117
37 190
53 21
78 74
11 90
80 118
53 169
43 76
66 195
88 148
30 41
57 113
23 22
95 194
69 152
35 100
12 167
82 22
70 115
76 27
22 155
41 54
21 17
11 142
62 165
95 76
9 161
85 49
45 107
91 153
67 133
6 122
64 60
89 41
61 164
75 10
4 29
74 130
45 40
71 70
43 122
38 126
3 67
50 130
86 24
14 18
17 70
61 128
58 75
12 173
70 108
72 44
30 35
68 41
63 103
55 20
40 162
94 122
7 20
30 47
1 80
42 28
20 107
46 39
42 28
84 60
62 126
63 36
45 48
64 51
45 87
86 63
87 83
20 57
20 174
48 45
75 176
27 155
23 158
55 62
8 113
10 73
22 184
44 20
48 165
54 127
56 195
17 59
8 68
62 41
96 192
27 181
16 87
31 137
13 53
55 30
82 15
53 123
23 27
82 76
65 150
20 36
29 99
11 101
77 64
76 198
86 105
30 67
77 107
40 153
57 93
74 103
98 21
52 190
3 74
96 20
76 50
82 143
38 66
89 70
68 69
7 33
19 29
54 157
44 27
99 140
42 196
82 78
6 20
29 180
15 73
11 110
25 144
82 124
75 159
16 150
82 68
82 48
74 175
5 73
41 187
18 120
73 32
37 65
64 115
26 163
85 13
30 180
90 160
81 88
21 79
65 71
67 109
65 147
93 96
23 200
14 107
13 138
70 39
34 148
60 94
41 131
31 119
67 171
39 116
93 197
37 144
7 66
5 37
23 103
74 138
97 130
32 141
2 63
15 177
1 77
21 117
84 134
9 52
10 54
34 41
24 15
28 39
92 187
5 123
47 58
18 20
24 174
54 145
48 137
3 144
15 49
52 70
37 133
11 58
35 187
34 183
61 174
46 41
47 183
53 18
96 28
53 11
57 118
25 10
52 56
47 189
58 180
62 147
31 32
82 174
54 109
37 90
53 149
54 15
60 27
70 130
94 23
3 188
1 82
37 81
92 136
79 143
88 112
18 90
29 195
5 51
20 66
26 95
48 61
33 121
99 50
32 181
38 118
46 182
96 156
11 199
16 59
9 190
63 172
86 39
29 46
94 77
52 15
53 140
25 112
53 57
1 11
94 184
73 184
14 69
48 41
55 142
75 73
86 49
66 192
7 44
64 200
57 58
30 20
25 46
77 52
80 11
98 64
70 126
74 146
75 31
46 130
34 45
19 173
1 86
88 64
48 39
34 198
70 158
4 43
32 190
89 87
53 154
23 81
33 174
89 94
61 12
30 122
18 104
24 195
8 77
19 58
98 198
20 162
15 164
74 170
68 180
72 102
95 112
42 114
57 143
98 153
84 51
43 26
50 69
87 183
83 86
88 17
36 29
49 144
38 49
85 33
7 38
86 137
92 48
70 170
80 67
27 17
91 43
33 36
77 133
46 147
93 141
16 22
40 152
26 155
63 200
93 13
66 154
19 126
9 191
13 166
18 38
77 152
9 178
41 122
15 65
82 92
12 121
13 135
73 131
15 179
27 79
43 114
16 107
66 133
77 54
98 151
93 183
13 178
25 40
35 19
71 140
29 11
45 154
90 81
10 138
7 98
80 173
17 32
91 84
50 42
5 129
22 139
9 109
69 66
64 100
41 80
95 105
76 144
95 79
23 110
40 19
13 182
90 97
6 152
40 24
47 118
76 11
89 20
53 195
6 50
1 155
3 45
100 144
76 63
42 190
21 74
7 74
57 152
26 167
38 109
76 11
58 71
63 143
75 24
34 69
87 95
61 165
55 194
1 65
41 118
68 83
47 71
32 11
97 140
46 78
32 188
72 119
80 143
27 195
74 133
48 75
12 186
62 128
15 44
26 105
56 187
84 120
51 67
66 191
35 34
51 107
17 91
46 174
29 115
39 94
72 41
92 115
66 177
46 63
90 190
49 152
66 16
8 54
52 131
31 88
59 148
57 181
67 166
5 101
54 153
79 181
99 152
82 144
23 73
51 184
9 161
92 191
89 112
54 60
25 26
91 184
83 83
28 136
10 10
70 195
9 143
62 191
21 87
46 139
70 69
68 28
58 187
47 142
1 29
57 89
48 182
8 126
6 67
22 118
43 89
57 72
16 106
46 41
99 131
4 12
83 57
43 67
54 119
73 136
48 66
18 98
48 112
27 126
74 92
9 94
26 176
46 19
84 53
59 13
87 185
21 128
19 49
66 180
10 171
6 196
25 171
83 119
10 117
50 159
68 199
96 72
88 32
4 69
21 151
6 64
9 137
65 59
74 60
98 28
48 144
49 169
89 152
41 75
80 64
40 97
82 91
18 185
1 158
97 146
98 152
6 68
59 25
20 43
41 141
88 110
97 91
75 193
37 153
59 188
32 99
9 134
37 82
43 156
72 11
51 26
9 76
2 136
93 96
6 95
38 71
34 145
40 38
3 92
10 147
30 178
41 165
38 46
79 36
49 160
4 111
9 187
84 160
1 149
42 81
69 122
45 146
26 35
53 194
99 66
75 67
68 18
1 113
83 77
19 24
2 99
71 91
27 174
99 153
88 133
6 80
61 163
6 104
36 71
79 18
42 114
25 113
3 45
57 147
8 87
53 118
10 88
66 51
79 147
30 166
67 36
82 100
92 96
30 104
88 91
7 74
10 186
57 161
36 148
94 143
11 132
23 187
86 126
59 162
95 144
15 110
83 163
69 55
89 63
71 22
80 168
82 68
46 17
74 108
83 28
19 61
75 78
58 162
75 14
32 127
100 30
59 108
70 48
4 128
2 156
6 46
83 62
16 53
33 77
53 94
87 65
10 198
5 66
63 113
2 176
22 141
99 36
38 71
67 93
79 76
34 62
77 162
89 14
37 109
46 94
52 124
15 12
68 40
98 13
80 33
72 58
40 182
58 71
50 62
77 116
85 46
19 72
49 167
39 107
29 134
25 41
72 143
23 12
17 14
97 159
98 198
99 109
1 34
28 194
73 199
86 82
42 133
8 129
26 107
5 16
21 24
15 25
63 83
11 12
16 121
78 74
37 86
89 177
26 125
69 55
64 10
24 52
49 118
20 68
78 97
43 196
64 147
31 157
84 170
33 171
