900
31517
65 92
20 104
82 77
82 119
17 192
32 61
99 129
1 199
23 56
84 113
88 35
1 159
54 62
47 189
30 99
17 136
51 22
83 37
68 38
79 89
77 48
10 65
12 31
26 184
24 135
15 99
63 91
84 80
62 18
45 115
81 145
38 126
82 97
39 19
27 11
62 158
73 142
2 164
2 12
52 17
3 146
53 126
46 195
2 61
29 51
93 155
4 62
14 139
17 123
32 156
3 60
26 112
42 170
43 20
83 189
64 11
12 151
63 101
1 20
16 16
87 54
57 200
27 93
6 180
78 184
44 136
81 139
24 182
62 110
12 75
92 166
47 26
87 153
23 55
3 88
30 76
38 128
51 80
34 20
3 180
93 171
2 119
72 123
44 27
25 125
28 126
66 45
45 26
19 112
24 28
36 179
69 129
86 85
12 153
97 141
66 114
50 47
27 109
83 140
61 86
89 175
75 144
84 149
57 68
60 183
32 200
12 184
65 46
71 42
12 172
88 47
45 172
26 159
82 18
52 167
12 44
57 183
64 172
20 124
26 199
30 84
80 45
67 87
94 133
58 91
51 145
32 76
98 117
29 182
62 120
64 122
60 45
40 89
20 166
59 185
67 162
60 22
25 21
80 94
12 176
35 99
88 50
48 183
89 37
6 24
84 92
34 167
69 171
47 90
16 73
17 20
79 164
31 178
28 178
63 86
47 39
62 111
50 194
21 140
84 93
74 128
17 173
72 178
70 182
61 182
22 37
33 34
7 110
53 25
5 166
77 180
94 197
23 123
79 52
63 32
29 131
16 107
17 139
11 184
42 194
32 88
9 79
64 54
80 90
42 30
96 165
26 23
50 194
42 76
56 49
11 164
27 15
89 13
97 15
22 169
82 97
67 17
61 92
44 191
3 102
29 134
7 161
64 169
72 93
95 172
64 91
11 118
90 197
13 143
100 133
87 79
93 91
39 78
49 81
57 113
25 67
75 39
73 137
88 74
66 34
81 80
31 88
38 92
99 147
61 36
13 59
65 139
50 162
75 157
5 142
66 86
57 37
20 95
91 152
46 93
89 121
98 171
8 96
2 44
33 79
31 15
84 116
13 47
97 103
84 160
66 108
59 63
72 122
24 176
74 182
25 92
6 130
74 127
30 153
89 170
12 152
27 10
73 58
94 195
19 188
56 148
16 91
52 143
48 37
56 105
72 29
57 145
36 115
100 150
8 115
94 138
96 103
11 169
11 143
51 45
39 103
92 78
89 109
3 30
3 86
69 177
22 160
3 150
64 81
27 111
5 152
83 38
14 171
69 82
96 125
63 61
95 56
21 192
84 33
93 72
62 49
28 167
61 115
60 186
46 166
54 161
51 84
43 90
44 170
52 173
89 77
60 34
40 145
38 57
33 162
13 137
19 81
15 162
62 137
41 172
70 83
85 40
29 147
76 158
13 34
24 180
57 78
35 10
25 191
27 179
83 195
14 74
40 76
92 65
44 192
81 77
15 24
84 44
7 28
68 120
61 42
90 186
4 16
4 84
5 112
15 147
27 166
66 115
49 103
49 161
96 98
11 192
70 63
83 113
46 92
2 48
21 43
30 72
55 170
62 131
18 192
6 121
55 172
83 183
61 64
90 159
79 103
64 50
42 67
2 198
41 115
53 94
57 58
5 183
39 181
93 129
100 177
36 196
53 141
58 99
97 36
26 66
41 93
48 78
33 199
19 83
49 14
25 189
26 94
88 43
2 147
77 21
72 169
26 43
18 116
55 33
44 37
95 113
14 11
48 176
100 30
44 107
50 189
65 20
97 177
46 181
36 100
42 174
52 161
45 60
22 12
17 133
2 87
82 15
18 50
97 77
84 147
55 195
84 41
24 158
90 174
58 103
39 79
22 51
46 32
70 126
95 67
33 18
73 81
84 166
44 146
75 70
28 75
30 164
32 112
98 24
70 26
85 136
75 123
58 144
70 91
64 54
61 14
19 116
33 136
63 57
59 15
79 65
57 40
44 69
70 105
3 63
69 148
71 186
83 83
97 15
40 169
42 129
77 89
58 11
52 191
40 154
75 13
20 171
50 184
59 98
67 153
47 182
62 142
98 72
75 126
49 183
98 34
63 106
41 183
51 161
98 75
88 57
46 58
87 186
76 190
80 120
55 63
23 108
60 161
72 22
88 101
31 110
10 63
2 192
99 76
28 42
83 161
65 106
30 141
45 20
19 177
13 131
40 91
2 15
73 12
65 71
24 168
67 35
90 179
55 115
17 94
78 62
93 15
36 35
72 41
97 194
65 87
73 152
91 72
57 18
75 140
84 198
41 104
84 55
6 16
20 168
55 182
30 73
67 100
39 126
65 57
79 10
85 162
4 74
71 82
70 133
48 173
2 120
36 53
60 190
7 194
13 158
2 166
53 138
59 151
51 163
23 186
19 191
73 103
50 105
36 39
81 43
32 101
5 24
78 154
68 172
32 59
58 138
23 144
12 190
36 31
83 131
25 122
27 145
86 73
30 198
84 48
20 111
38 162
13 193
29 82
68 31
44 162
15 178
56 158
40 23
76 110
80 51
90 179
57 68
35 11
77 89
76 90
76 92
83 125
15 30
24 135
1 27
37 51
78 26
27 188
68 97
98 126
59 22
10 178
93 170
73 20
68 41
95 65
53 39
81 135
68 195
28 141
28 32
78 43
14 92
13 190
66 185
81 53
34 180
9 23
7 140
49 25
18 79
84 124
61 67
55 192
24 114
61 99
73 178
21 21
73 26
20 71
52 173
25 17
95 86
76 143
42 138
46 118
81 139
25 37
98 14
12 54
10 139
97 165
11 185
46 124
32 151
20 96
100 44
2 119
69 138
14 191
72 113
85 176
100 40
90 174
58 54
26 58
38 32
23 87
54 148
79 168
22 114
89 80
21 95
47 77
29 118
59 89
77 69
26 168
64 171
38 186
36 72
99 74
77 187
90 80
88 197
40 198
79 191
11 161
52 157
30 102
98 146
28 97
5 197
16 113
22 102
84 66
66 175
20 142
45 132
7 196
10 81
60 158
77 194
88 167
99 187
84 71
85 110
24 169
44 33
50 155
100 10
8 54
41 157
2 11
63 156
35 181
10 114
35 113
96 82
2 183
5 57
5 128
28 156
73 55
79 167
71 99
75 19
43 62
77 107
26 161
37 23
20 114
56 140
51 171
62 84
97 92
64 141
1 144
66 42
32 26
63 100
85 22
51 72
2 39
55 149
54 14
93 38
33 16
25 39
37 183
26 35
8 120
61 146
31 46
16 132
6 45
75 192
18 146
96 200
82 43
6 185
50 109
46 169
43 40
31 164
96 103
13 139
5 179
63 76
79 140
80 94
47 151
84 137
78 73
73 171
2 117
79 117
73 131
24 175
93 200
10 85
60 124
9 187
90 199
24 12
20 16
55 200
74 42
5 182
70 148
41 118
29 58
48 56
80 138
15 84
22 126
93 116
28 139
28 192
12 28
54 120
24 118
83 146
53 56
65 38
15 81
48 152
35 134
100 61
95 123
80 152
81 60
37 193
24 127
99 54
26 131
96 38
54 181
87 75
10 26
51 135
16 73
87 12
30 170
65 63
90 104
86 20
91 160
47 19
34 45
51 75
70 133
68 34
94 143
58 91
5 105
78 197
26 167
53 178
42 152
31 72
34 78
1 29
4 107
54 180
78 81
9 117
2 81
11 194
77 15
32 61
34 28
33 159
76 187
57 153
68 154
92 195
54 115
15 20
5 54
89 131
41 30
83 186
35 111
2 41
48 136
7 193
98 161
41 115
93 194
45 122
66 70
85 168
63 128
21 89
11 171
3 30
53 173
81 35
38 166
79 20
11 192
55 196
93 36
4 145
83 194
70 160
24 194
68 37
98 171
17 173
14 195
88 200
27 134
5 197
48 34
27 157
27 145
75 158
71 187
70 107
1 169
75 143
66 70
72 166
28 18
76 62
25 54
49 43
35 200
78 134
29 189
71 195
92 118
42 13
22 145
66 79
88 132
19 78
44 109
1 101
71 46
30 148
53 120
74 122
60 40
