900
32169
46 99
46 157
81 195
44 54
78 64
59 175
100 62
55 116
85 183
69 183
95 53
26 187
59 160
20 57
33 163
37 148
48 178
91 179
63 36
42 142
32 97
86 32
97 122
90 75
87 54
71 58
78 188
86 128
56 53
53 104
24 107
40 146
69 21
62 32
91 55
74 46
96 18
100 78
9 32
91 103
99 48
15 44
27 130
11 63
99 81
80 27
73 49
5 140
93 100
22 196
97 23
27 143
41 91
46 109
13 185
60 105
3 103
48 105
43 66
38 65
93 102
73 117
10 198
5 155
37 178
58 164
84 94
97 176
26 177
82 91
50 27
24 163
18 58
30 57
45 79
16 131
58 97
77 177
3 80
79 14
87 46
2 77
94 103
93 151
94 137
73 23
18 122
4 114
27 45
10 127
16 43
77 42
42 101
40 180
72 111
53 127
77 67
10 132
98 174
39 41
75 174
24 176
59 108
46 140
66 174
84 91
3 112
41 157
81 116
5 17
7 61
44 84
61 120
76 147
60 62
29 72
45 58
95 81
76 86
62 161
41 176
12 151
3 178
82 179
19 110
10 136
51 57
2 121
24 66
1 147
20 185
85 191
92 16
44 183
48 193
45 48
6 64
17 10
12 120
34 198
74 191
42 129
97 184
55 199
96 144
100 150
60 58
65 126
34 117
57 142
65 180
85 176
58 177
47 67
64 160
73 84
78 99
8 117
37 145
71 42
91 25
65 24
86 130
74 143
42 182
14 190
61 25
63 113
2 140
14 45
22 108
14 12
43 19
50 86
35 200
33 42
60 86
57 65
86 69
27 120
18 93
35 79
83 176
52 133
35 79
95 122
67 48
2 100
19 140
84 110
53 54
34 59
65 199
65 121
13 71
14 67
83 58
57 134
39 155
81 108
93 167
14 68
36 102
18 37
66 200
88 49
90 174
77 48
67 161
87 13
44 143
17 114
13 126
98 94
87 36
21 69
18 138
84 121
58 111
63 115
20 64
99 144
79 97
100 112
34 128
84 24
55 119
29 40
87 43
55 51
14 97
27 64
95 199
35 60
43 108
77 140
84 104
67 120
8 131
5 80
62 14
51 19
79 131
22 172
80 76
79 135
44 98
100 155
4 175
87 16
62 140
27 144
94 124
26 147
84 34
14 46
27 42
58 151
81 95
23 113
75 76
90 189
36 167
10 85
36 53
30 54
84 113
21 115
25 186
11 121
22 141
21 57
31 62
17 17
11 35
40 169
17 83
75 115
20 171
38 53
36 113
35 156
5 139
7 189
68 180
91 32
92 38
83 172
95 31
15 155
81 186
81 41
80 121
10 196
15 119
79 197
3 149
70 124
33 137
93 53
44 141
57 188
73 66
100 65
37 16
69 88
9 24
41 18
87 19
78 185
87 198
56 37
16 188
60 65
65 123
45 148
93 76
21 33
75 181
33 150
2 23
52 47
97 131
77 14
34 125
11 88
91 123
9 68
23 118
42 44
15 143
11 175
96 163
72 76
66 117
11 130
77 118
42 181
78 118
45 145
71 147
21 97
53 20
86 61
48 45
64 123
44 135
24 158
75 65
37 124
64 155
84 37
51 183
36 32
80 160
29 106
85 27
59 114
32 67
8 98
68 128
82 137
35 184
32 150
26 154
3 40
43 127
53 34
69 145
87 62
80 105
30 95
41 94
61 145
25 130
44 20
5 192
6 54
69 141
3 22
29 132
50 67
90 189
53 27
28 40
19 11
65 89
57 145
29 191
24 95
54 62
51 89
84 156
31 69
46 22
58 172
90 124
39 40
89 10
18 141
62 170
51 82
77 82
61 55
60 176
72 49
90 199
29 62
15 48
25 135
13 145
82 33
64 136
5 75
48 109
84 59
77 130
97 85
80 162
83 19
77 174
44 148
66 30
41 50
39 72
9 181
32 139
60 177
3 67
15 147
57 87
87 168
70 38
91 85
97 95
46 133
10 90
77 182
22 120
44 179
86 63
79 158
49 175
89 113
91 188
30 189
87 153
98 47
98 62
73 149
75 44
49 28
44 24
13 122
42 108
92 107
9 154
26 188
19 115
24 65
2 75
26 35
21 112
42 101
32 40
8 73
25 193
19 60
40 139
98 171
19 148
42 41
36 56
8 163
18 116
91 158
48 114
22 80
25 124
70 149
65 77
62 113
78 154
57 135
58 92
1 38
16 145
37 67
78 124
7 26
13 112
32 157
44 117
72 55
52 71
6 18
98 95
11 167
26 166
43 94
42 20
32 25
57 139
94 23
70 88
35 67
30 169
31 41
65 128
55 53
87 117
39 138
79 159
11 162
75 167
39 32
1 132
83 190
4 13
63 183
66 135
45 183
63 113
56 178
24 61
33 57
20 75
8 144
35 139
97 29
83 80
44 61
53 144
52 171
76 164
94 175
63 45
74 112
92 20
91 48
39 196
11 181
70 148
25 147
37 157
47 120
13 69
53 19
70 172
10 151
48 151
72 58
84 96
87 157
42 169
84 188
20 119
58 181
24 104
78 199
69 170
67 66
67 106
66 154
79 142
34 191
90 31
71 10
81 32
75 18
49 154
80 21
46 41
38 63
35 16
91 140
30 147
52 187
34 88
99 17
68 84
95 122
89 57
61 74
11 182
33 24
64 112
73 42
63 198
90 154
38 187
56 123
37 155
59 185
27 200
49 71
47 85
8 104
13 191
43 50
20 57
95 93
67 168
44 85
69 133
32 159
18 176
16 180
64 72
59 13
27 124
61 157
14 172
29 28
58 83
35 199
2 65
64 139
18 85
19 38
27 66
7 174
96 52
35 87
77 173
8 132
13 23
41 107
77 42
32 151
28 16
85 186
72 131
83 108
23 181
6 75
56 63
47 112
72 174
1 179
11 196
80 111
10 165
79 83
82 72
16 197
5 19
39 178
9 90
3 130
29 165
61 90
54 130
94 120
86 160
28 170
37 38
34 68
12 53
21 191
88 59
98 69
60 137
27 172
16 47
1 115
35 193
26 168
2 20
25 182
31 182
92 76
78 82
45 64
32 185
41 20
63 200
40 177
38 23
16 149
43 27
88 27
44 33
1 85
96 166
39 140
83 121
57 87
8 104
51 45
21 79
64 119
18 191
55 125
91 55
73 174
36 159
66 181
12 68
87 22
57 20
53 43
96 101
39 67
5 93
84 35
11 86
100 168
56 175
52 78
94 70
94 172
47 157
80 116
48 27
59 113
81 11
51 151
98 13
66 103
85 33
3 105
37 24
15 25
77 199
59 97
91 190
51 35
61 98
15 162
19 130
13 76
54 141
48 121
58 50
68 109
89 81
20 28
78 77
19 149
79 171
84 56
40 24
95 174
100 114
91 64
93 144
44 152
12 101
6 142
57 35
64 93
54 78
25 42
74 54
96 133
24 58
53 20
77 163
83 104
30 37
99 99
88 97
99 25
69 37
63 106
28 139
87 55
30 34
97 154
66 136
40 28
5 200
89 37
88 135
65 145
49 69
38 14
66 44
55 200
84 158
17 151
1 16
93 170
96 135
27 170
9 172
42 182
65 133
67 32
95 178
82 20
84 71
96 86
32 155
77 21
2 38
20 196
9 90
16 23
4 195
20 178
13 98
77 40
28 28
5 57
46 56
36 180
59 52
24 186
72 54
4 61
29 15
29 90
14 113
11 36
29 167
8 36
48 36
49 38
79 59
41 71
29 157
71 26
82 51
59 195
99 181
5 198
84 181
66 83
80 65
33 47
57 85
38 74
88 177
31 180
51 89
40 81
83 15
14 196
94 79
41 158
45 128
70 143
84 120
38 197
75 42
12 80
63 117
87 45
16 169
62 166
69 161
82 190
34 77
35 34
43 17
78 58
46 144
74 59
7 71
59 103
15 197
60 164
35 54
35 47
54 186
40 30
97 154
91 56
30 120
78 73
19 147
1 95
87 178
69 192
86 162
39 197
36 57
70 63
88 47
69 78
77 165
76 43
38 52
36 163
97 156
88 82
11 119
73 23
35 187
51 10
83 109
72 128
18 169
58 158
23 19
54 37
40 157
42 160
