900
31193
73 182
7 43
43 47
13 39
35 48
58 18
38 40
93 60
21 18
17 76
38 90
62 30
68 24
32 136
90 184
32 39
68 163
43 53
67 74
31 15
2 164
36 130
87 161
34 17
54 85
19 49
89 104
60 78
76 183
11 164
18 181
68 18
29 85
29 68
95 56
60 122
83 118
53 38
56 96
60 60
84 145
53 36
12 70
67 126
85 170
23 50
95 44
36 37
65 105
46 131
70 131
52 200
1 63
72 115
24 48
90 158
26 185
39 36
17 161
58 115
51 118
16 34
19 86
13 16
55 182
66 95
50 120
52 125
95 22
58 21
47 74
22 157
78 95
71 194
87 85
11 193
97 62
34 87
20 46
90 102
37 31
34 20
23 127
89 91
98 132
23 158
37 65
66 25
71 147
20 46
28 14
26 70
83 35
63 182
11 44
19 153
77 79
54 117
73 14
95 98
66 126
40 116
54 72
71 16
9 72
59 41
9 55
2 104
41 184
67 82
82 189
78 123
46 99
20 129
37 133
93 98
70 30
56 116
56 89
89 65
50 43
60 50
15 82
11 38
99 78
51 77
71 96
95 117
69 190
40 162
23 179
25 111
27 89
73 199
61 177
29 50
84 49
13 152
74 14
25 58
73 130
9 83
79 119
98 25
90 190
8 197
18 65
42 42
10 196
27 128
73 62
50 60
52 44
10 140
13 69
47 51
62 110
9 77
68 189
12 159
4 103
68 91
42 52
33 46
86 76
34 86
17 13
43 184
53 198
53 136
88 130
92 53
89 161
54 45
95 182
89 125
12 109
30 171
17 50
25 16
36 120
39 181
34 54
53 119
98 14
38 133
28 48
70 45
62 47
84 105
34 193
88 44
33 50
76 22
61 75
13 199
1 108
23 174
91 73
94 17
59 32
50 70
68 193
25 163
75 138
56 155
33 34
77 197
46 33
16 168
5 70
60 157
18 109
23 107
50 175
95 191
55 107
35 164
91 80
67 75
27 59
57 80
60 169
98 150
89 132
32 29
39 122
36 20
71 34
5 25
48 26
43 163
33 79
94 70
56 111
66 103
86 30
5 47
77 165
43 123
82 46
83 110
71 38
23 72
39 35
48 199
40 153
65 190
92 77
38 191
40 54
40 181
63 54
77 29
15 97
4 127
15 164
84 88
25 80
53 147
59 121
86 64
51 140
94 26
98 160
77 107
61 65
1 174
42 89
27 176
71 41
24 195
54 98
54 168
45 111
19 41
77 52
54 156
92 111
79 177
44 161
72 113
22 162
99 127
13 158
31 41
97 46
22 95
17 142
41 66
44 88
16 99
31 168
2 68
87 72
83 191
3 15
4 55
28 148
21 165
58 114
15 175
28 100
30 142
62 24
2 107
50 101
62 161
7 14
7 182
57 50
24 13
18 102
28 136
28 78
87 129
49 103
26 89
95 193
96 159
47 186
77 143
7 62
33 17
31 192
45 186
21 193
97 102
89 162
28 168
31 42
3 198
92 106
72 129
68 180
96 103
7 175
10 17
70 70
92 117
38 94
81 23
58 145
44 17
7 130
61 28
45 96
14 108
84 189
9 84
95 131
16 178
99 141
62 132
50 41
34 176
72 16
1 107
73 93
9 170
68 127
10 84
90 87
11 108
20 12
96 182
70 89
48 131
61 192
71 135
58 28
10 136
66 106
69 159
35 137
36 135
43 74
12 155
36 20
33 141
8 194
1 168
93 130
47 138
45 195
13 187
95 180
79 152
54 56
27 172
18 189
49 116
32 173
7 162
12 104
33 194
38 85
75 183
59 27
5 113
58 111
99 148
49 53
40 88
59 30
14 179
7 102
83 127
67 64
55 72
45 22
31 191
54 48
65 108
43 158
90 17
84 193
76 27
31 47
81 135
13 44
40 60
14 137
91 32
96 192
80 197
63 171
33 119
87 159
16 147
12 116
96 136
8 193
72 59
18 86
18 164
60 194
65 61
60 132
4 169
27 118
74 28
31 10
44 73
84 172
92 60
30 92
63 63
22 156
32 126
36 53
51 15
85 103
42 195
56 156
69 152
48 192
34 88
56 116
34 145
2 101
96 198
95 151
8 123
39 24
4 161
51 141
2 61
22 173
61 176
64 54
33 174
1 172
57 39
18 191
8 49
1 153
13 58
64 172
16 177
77 73
21 74
3 77
77 19
2 144
61 139
50 102
17 102
42 55
71 178
71 12
24 118
91 136
38 164
17 175
59 96
63 152
28 91
42 196
10 141
64 27
38 178
13 159
21 116
44 149
20 153
77 159
19 124
91 131
42 118
100 160
61 102
4 135
2 49
8 37
25 83
14 72
24 95
16 128
34 104
100 111
84 109
100 141
83 41
33 60
13 186
15 142
94 104
70 143
22 44
17 125
84 145
51 51
62 60
87 64
65 14
58 84
58 191
35 126
34 165
81 140
39 194
86 81
30 44
54 54
29 47
92 137
58 15
29 51
50 162
18 48
78 125
55 43
62 15
8 60
46 114
100 38
66 37
65 10
6 199
39 125
42 110
88 57
74 56
1 15
86 94
43 108
59 160
93 96
15 104
97 105
83 57
31 65
95 191
30 53
61 195
46 145
56 106
77 200
92 106
86 36
73 23
10 85
76 39
5 128
29 54
32 187
78 55
17 109
64 198
10 73
82 79
83 77
98 60
20 22
54 58
21 152
33 70
29 120
74 55
67 32
82 194
11 91
18 103
45 35
51 19
2 164
10 108
77 178
68 16
99 197
66 53
45 133
82 15
20 139
66 12
100 42
2 165
97 199
82 195
29 120
78 128
22 196
75 109
13 137
38 116
35 31
54 160
58 111
4 99
27 144
58 71
15 117
25 39
38 100
78 135
9 89
33 79
48 19
78 37
46 170
33 19
70 63
45 47
11 45
95 143
46 68
65 184
52 11
77 74
57 140
31 136
2 92
81 16
86 51
2 109
30 178
70 62
33 194
28 58
83 44
8 137
10 69
68 95
60 111
25 146
67 68
81 11
55 95
15 79
41 48
77 28
11 94
84 41
66 128
41 173
75 88
55 108
87 189
58 12
70 92
43 107
64 60
22 124
56 62
75 92
5 165
65 87
42 16
3 118
42 129
36 188
99 33
23 121
39 67
20 145
11 60
58 16
38 175
50 153
48 85
14 187
48 195
9 14
63 197
20 110
37 71
68 64
84 165
44 132
93 124
9 141
18 83
13 143
61 78
59 188
5 156
40 188
35 153
96 79
3 44
10 142
93 138
63 161
71 127
75 159
74 125
64 65
85 120
93 85
99 73
46 37
100 75
95 131
31 175
80 147
37 40
39 60
42 21
12 120
35 115
35 121
44 170
9 126
3 44
87 140
98 107
57 84
41 149
14 101
44 49
29 22
81 191
25 24
17 132
46 101
85 56
49 188
14 11
96 41
54 64
8 73
90 75
45 174
6 117
18 70
59 164
28 36
33 56
90 47
16 180
31 107
96 116
57 23
50 43
36 16
82 109
38 138
78 18
74 52
30 14
92 198
95 168
99 67
48 79
59 135
69 141
47 128
24 131
20 72
61 42
74 15
19 164
47 66
41 92
27 115
9 20
96 172
64 12
87 132
72 111
54 156
49 114
85 93
47 181
95 33
79 151
46 82
97 155
23 119
19 37
67 92
40 150
54 161
53 43
60 175
97 186
38 96
80 99
33 74
84 92
10 120
13 189
80 99
6 19
87 109
10 152
96 141
87 75
86 45
4 28
71 99
79 19
47 60
2 182
77 96
53 75
3 93
9 57
89 16
39 85
16 104
54 41
72 57
88 121
13 67
20 105
36 133
82 183
74 83
27 67
90 17
98 105
69 127
73 186
95 92
88 113
41 45
32 11
23 138
69 105
3 137
64 92
79 107
81 99
49 60
44 162
37 157
55 55
57 198
5 36
51 87
27 169
70 108
43 56
13 166
19 117
94 185
92 145
87 16
86 189
56 76
32 112
64 91
94 93
87 182
92 61
99 176
35 164
76 159
2 148
14 40
65 91
57 116
72 157
33 67
36 71
61 72
10 16
14 90
