900
30720
60 25
88 111
2 129
24 120
38 10
71 177
12 97
22 54
88 127
22 64
62 189
52 82
82 30
55 103
24 158
81 66
27 61
96 43
71 181
72 89
2 130
76 60
64 158
66 112
42 91
84 154
13 163
27 48
44 199
95 130
64 43
11 146
46 198
43 56
34 31
17 92
51 86
36 19
20 38
59 88
9 81
35 80
44 151
57 101
56 157
8 54
4 184
58 41
42 158
4 177
88 73
1 99
82 24
39 137
42 17
37 184
91 161
25 107
83 11
20 115
63 185
75 195
40 172
37 162
45 194
59 68
31 84
54 38
37 93
54 111
94 20
70 165
54 183
71 126
51 178
76 45
76 177
72 92
32 102
5 200
97 189
14 38
87 100
40 138
53 88
97 138
68 130
27 13
55 111
59 13
96 132
4 33
63 199
96 34
63 69
4 88
69 184
47 105
10 17
45 142
52 92
84 161
38 140
59 165
99 126
89 194
28 25
13 199
12 177
5 55
59 87
44 194
9 171
23 82
3 125
78 188
47 93
13 70
10 150
46 71
46 15
26 28
94 47
84 39
31 138
8 119
19 154
80 97
85 160
27 199
23 183
9 169
95 22
36 177
99 28
57 159
55 53
81 29
60 91
83 179
26 164
74 52
13 169
18 30
77 83
74 73
100 184
25 188
62 106
53 154
97 92
76 24
78 34
4 183
37 22
5 107
9 122
85 90
77 178
19 134
51 175
34 126
30 46
26 78
34 113
1 165
76 89
43 200
85 176
13 195
11 55
96 177
84 65
14 34
90 102
40 104
84 30
29 13
2 42
29 190
47 62
70 70
82 165
55 170
46 165
17 39
17 17
97 159
67 35
46 160
38 164
67 68
76 58
54 73
85 151
22 113
56 199
2 65
55 116
89 147
41 82
96 133
10 54
72 154
83 146
14 170
66 43
77 144
11 78
64 169
50 147
19 186
21 153
24 159
45 76
83 47
29 39
62 110
94 30
54 151
93 72
96 85
15 59
8 88
5 129
86 24
60 140
72 175
41 33
66 122
62 48
35 127
37 172
76 79
40 184
78 42
6 152
16 130
41 131
48 98
94 135
97 193
82 138
75 174
2 122
13 191
8 106
62 157
18 105
60 89
59 95
31 192
14 183
2 89
32 197
28 186
27 59
28 141
82 55
32 196
65 40
32 146
52 20
82 73
31 104
50 182
68 50
87 171
11 16
56 128
97 116
51 127
88 72
33 198
34 79
19 79
77 128
43 88
85 123
49 101
73 185
44 174
14 146
67 145
42 138
82 127
56 91
5 78
16 57
86 51
7 158
97 182
23 197
69 171
15 71
15 85
48 138
7 29
89 83
71 40
30 44
17 110
96 180
22 63
69 82
39 161
75 22
36 105
89 128
15 125
50 183
45 198
94 180
55 148
94 117
41 38
39 29
30 135
42 140
23 118
81 19
10 91
6 48
78 110
81 114
37 12
9 98
52 75
22 50
99 149
6 42
6 179
7 198
14 131
85 86
6 68
55 133
39 146
62 188
16 181
47 83
38 28
33 22
99 109
35 60
76 45
92 88
41 143
18 41
57 155
18 133
16 163
59 50
58 117
88 105
11 66
52 112
53 195
17 42
9 21
55 12
29 111
22 41
15 58
50 181
99 18
44 97
63 190
54 37
42 183
14 55
23 21
66 196
66 40
42 131
47 163
23 87
84 87
30 96
64 143
54 99
64 107
82 93
27 20
22 83
74 76
39 117
86 46
96 63
2 90
34 126
6 92
14 164
70 120
72 104
30 47
14 150
94 34
45 32
98 161
35 147
85 199
27 160
88 200
32 64
67 107
11 10
70 75
18 145
33 102
39 190
44 71
34 118
37 11
27 28
8 118
13 121
8 60
93 69
5 187
44 187
56 84
72 182
80 49
46 63
3 165
62 139
74 182
10 143
51 62
45 83
7 194
28 187
11 189
96 140
29 13
85 163
7 88
65 101
74 182
90 52
52 140
73 147
1 146
25 119
63 44
1 106
24 141
2 138
45 22
22 200
61 98
49 169
28 187
95 179
35 31
17 78
92 183
54 161
78 122
34 113
32 178
98 164
64 114
43 38
63 49
74 52
92 175
36 137
65 185
20 136
5 62
19 129
82 170
47 193
11 87
68 14
79 94
75 115
3 183
77 39
66 109
53 161
46 133
66 53
49 11
77 26
15 55
83 158
68 69
55 178
17 107
26 26
17 118
95 54
16 58
19 199
10 37
50 39
20 15
4 190
74 99
2 21
79 57
31 92
25 29
95 49
13 194
95 190
42 105
52 120
96 42
47 36
39 94
16 127
79 57
43 37
67 142
83 192
100 134
75 184
47 121
47 117
74 61
49 184
37 136
32 180
14 86
98 180
92 123
57 30
49 76
79 40
81 128
96 191
43 178
42 85
26 172
57 133
28 182
78 53
23 102
91 16
67 92
83 128
23 191
4 56
65 37
57 115
78 121
83 80
23 59
17 169
78 199
34 192
21 71
99 79
31 189
93 142
67 19
19 14
97 166
1 70
23 171
9 26
40 40
12 103
57 197
47 52
74 185
95 127
11 165
95 52
25 68
58 88
13 100
75 196
8 197
72 125
75 159
57 162
70 95
78 78
25 192
71 130
3 66
16 165
38 155
34 155
31 125
72 158
17 98
43 88
58 127
13 118
40 167
14 163
20 73
84 26
6 174
15 111
38 16
23 82
25 162
22 118
32 60
6 93
100 195
17 148
73 16
52 85
51 182
43 56
6 42
64 32
19 196
99 195
51 174
87 187
49 77
31 172
64 105
5 67
45 162
100 68
74 146
36 89
19 50
23 188
51 94
90 12
32 72
22 11
14 107
71 42
44 29
59 71
75 178
74 101
28 159
16 110
76 51
95 179
38 107
66 43
21 181
14 50
89 109
55 189
56 191
63 157
80 162
70 118
89 128
41 106
96 12
58 170
60 86
23 129
95 35
40 54
82 124
99 60
94 188
5 177
9 52
73 88
71 13
67 64
31 18
17 54
26 110
30 91
58 102
40 15
38 24
51 200
51 101
84 27
16 129
1 24
99 73
23 81
51 62
39 198
56 166
29 15
33 25
28 176
19 90
72 183
35 158
27 74
73 163
38 140
52 104
38 121
43 158
79 65
93 20
43 125
41 73
55 133
62 83
23 84
85 39
7 156
95 12
53 125
83 35
47 168
16 64
49 145
74 26
92 104
86 51
65 113
82 164
30 90
17 87
77 36
43 33
79 173
83 98
22 167
5 50
92 69
75 160
37 151
81 198
85 103
55 72
10 129
53 130
54 28
86 39
55 16
2 139
14 133
96 85
27 22
30 74
55 28
18 170
27 110
79 137
34 11
49 74
73 108
66 80
63 198
4 108
82 132
32 163
18 39
30 10
73 101
25 140
24 11
76 124
88 68
85 117
4 53
59 49
39 200
96 10
22 165
97 120
88 130
27 134
19 127
7 183
30 110
35 17
18 87
61 120
69 83
35 61
78 115
10 181
66 153
14 174
62 164
79 199
100 57
45 88
48 18
4 62
3 172
4 122
18 72
72 190
3 19
95 18
43 112
87 57
92 11
72 157
44 117
28 176
24 82
55 22
87 35
25 26
48 80
95 19
14 128
10 126
32 81
25 77
66 88
29 60
31 131
4 185
71 23
6 136
67 126
72 82
42 16
90 23
99 11
28 171
53 125
66 118
95 53
31 17
23 152
55 67
90 46
79 181
26 118
68 119
60 181
96 168
88 104
60 154
46 130
13 144
20 136
9 10
37 39
66 108
27 139
68 133
73 70
64 99
56 120
7 13
16 57
34 159
42 172
76 45
22 128
11 49
99 78
57 141
84 110
26 131
7 67
83 193
11 41
51 117
79 142
96 117
81 196
35 113
7 86
42 157
42 137
76 165
76 110
47 36
36 104
95 111
79 131
31 40
72 42
80 188
46 124
61 185
30 196
2 150
39 132
16 157
48 49
37 167
32 174
76 12
26 59
77 35
70 152
97 44
6 155
34 21
16 173
51 88
60 123
18 103
91 167
50 194
