900
30816
83 33
66 35
91 128
42 112
59 61
47 179
4 198
77 185
98 104
27 81
89 197
33 160
46 115
47 46
81 85
27 88
58 110
51 158
66 63
22 176
16 163
39 84
41 158
99 16
43 20
69 52
73 99
33 66
3 16
96 131
97 138
73 64
99 93
86 50
72 179
57 195
5 83
28 72
64 52
74 56
96 154
44 143
24 21
78 76
25 72
80 26
33 29
96 162
52 118
53 175
16 90
63 134
30 199
49 156
24 143
69 10
47 51
50 88
99 80
8 122
63 51
95 139
43 82
93 96
98 168
14 21
15 26
16 198
100 39
97 84
12 26
11 192
66 113
70 64
32 194
25 53
8 111
64 136
25 112
89 153
10 130
36 97
27 113
34 115
81 171
20 100
50 160
3 35
16 97
11 197
91 82
98 93
29 43
18 40
93 199
80 65
72 111
6 22
18 53
72 138
71 70
53 25
87 103
31 122
48 17
59 44
28 89
29 191
52 88
67 91
70 133
73 138
21 132
96 85
37 73
2 190
62 83
80 195
62 35
19 34
46 96
15 38
43 81
3 59
61 153
95 12
73 87
3 123
56 81
24 31
37 170
20 152
21 128
37 141
75 141
59 102
61 69
43 44
19 116
9 200
37 18
46 94
39 150
58 161
57 189
58 171
94 52
24 29
68 190
32 85
20 26
96 123
86 199
93 78
86 155
49 185
17 61
41 161
28 140
71 54
84 51
19 112
76 54
26 94
65 47
23 176
31 193
92 72
32 122
44 30
63 10
3 21
96 97
75 155
71 181
22 15
83 74
25 177
10 65
34 155
2 30
4 62
89 119
31 58
34 173
17 41
11 49
3 114
42 74
50 144
96 39
14 142
66 133
36 74
98 13
69 139
1 41
43 16
35 109
17 192
63 153
10 66
73 47
45 104
64 26
93 24
2 164
52 29
3 91
41 63
32 83
53 177
7 195
38 110
55 132
10 74
65 195
1 84
27 119
20 132
80 174
2 182
4 166
96 159
90 185
41 129
59 183
23 97
7 98
26 183
65 144
49 95
11 28
75 81
25 195
78 15
52 86
83 133
28 139
21 184
25 42
82 133
43 115
30 135
25 124
96 140
65 63
18 72
72 153
22 100
41 35
12 87
12 78
8 19
86 185
47 133
55 39
76 68
74 140
54 106
58 192
72 96
3 86
99 84
99 73
47 62
7 88
79 149
52 167
73 97
85 107
80 42
48 144
76 142
84 134
4 169
76 152
91 83
94 93
64 167
42 155
68 38
63 18
36 74
17 99
71 24
32 168
20 14
20 155
39 18
98 106
42 49
69 158
49 184
60 146
60 101
54 170
15 103
84 182
17 55
55 184
62 137
59 119
82 57
88 86
43 169
2 63
86 51
63 168
46 27
27 78
31 162
52 121
13 67
36 13
18 24
66 153
72 59
56 42
81 147
86 40
89 99
41 92
35 147
68 190
5 48
30 183
27 65
60 43
85 123
92 106
35 50
11 152
72 57
19 42
31 72
7 46
61 13
30 178
78 91
10 41
76 22
82 32
58 196
95 188
14 34
91 73
96 100
27 146
92 105
96 38
12 81
98 142
73 125
4 41
22 87
88 46
22 107
61 117
34 82
50 168
44 199
53 103
55 18
95 122
21 182
72 122
47 154
88 38
62 160
76 45
5 195
14 93
95 129
45 90
43 113
19 23
34 107
30 197
83 195
11 33
39 174
30 50
47 94
72 172
83 123
38 28
31 100
83 22
81 38
67 16
22 114
11 52
43 193
21 49
9 172
15 165
29 59
54 80
69 137
22 61
43 125
57 164
81 104
26 86
49 126
33 137
65 23
9 86
88 136
25 45
67 38
27 104
24 82
23 175
35 97
54 139
35 130
34 117
56 180
81 65
59 136
46 25
25 93
22 196
9 175
48 40
94 135
32 22
41 62
31 161
73 175
26 122
13 96
42 44
93 68
61 179
75 31
90 55
46 147
79 80
22 11
54 21
27 124
76 189
41 28
1 169
16 109
93 105
71 42
32 81
8 108
42 77
46 44
36 169
93 73
12 84
79 149
75 72
56 178
15 133
79 181
34 123
19 187
83 94
57 128
25 141
16 45
30 11
81 96
95 19
19 136
93 122
6 71
54 123
76 10
64 36
84 78
43 83
38 18
45 168
92 80
59 120
84 111
63 79
94 16
94 195
22 49
46 53
60 189
55 154
92 21
12 50
19 200
21 199
25 125
8 26
29 164
30 20
49 81
92 131
54 92
5 80
39 152
18 52
58 36
2 173
28 99
34 138
85 75
3 194
87 154
8 124
9 162
88 103
74 23
89 36
86 126
92 30
30 16
32 145
20 66
89 85
84 158
57 133
93 111
55 178
61 89
40 101
67 94
28 199
75 176
40 34
94 161
17 173
6 100
91 125
94 75
17 95
96 35
36 114
81 179
57 24
48 189
67 119
25 84
29 190
79 36
62 116
28 94
52 107
39 80
62 154
91 62
99 44
52 185
86 59
10 193
17 81
70 111
57 78
39 58
92 30
53 196
7 64
71 193
61 175
18 37
19 33
99 29
95 50
6 199
10 193
96 106
73 76
85 188
78 19
37 127
33 172
66 154
89 42
73 122
90 12
94 34
64 107
11 109
17 77
40 32
96 41
17 186
35 103
18 181
18 119
5 27
65 14
26 16
96 125
6 14
13 199
54 70
1 79
27 199
61 47
41 200
3 80
63 139
5 190
57 179
69 163
68 197
37 184
40 80
33 13
64 52
99 44
3 139
94 26
80 127
6 21
16 101
17 195
65 37
45 43
62 125
30 130
15 13
65 165
59 105
40 149
81 192
33 180
69 101
75 98
24 79
49 171
14 84
3 154
56 91
18 40
44 151
73 64
21 141
19 145
43 103
41 158
3 106
49 154
4 32
41 118
50 30
99 44
6 111
14 136
17 128
75 112
49 109
36 108
17 128
2 124
5 44
79 43
70 33
30 68
28 198
91 156
73 12
9 102
56 68
5 40
56 23
28 63
14 103
74 18
54 123
86 182
83 128
76 21
50 138
13 71
52 172
63 60
32 153
70 85
51 100
8 162
71 14
51 71
36 35
34 159
9 121
35 102
86 163
72 69
95 196
56 84
55 57
7 142
71 18
37 12
35 123
98 101
43 66
79 144
2 137
94 94
92 89
89 165
76 84
97 19
38 86
21 54
35 87
50 55
33 17
24 115
86 123
32 176
14 81
32 138
38 145
19 170
98 109
39 141
11 153
24 123
12 24
13 57
13 41
12 173
27 13
28 172
4 189
77 106
3 96
34 68
20 30
90 122
50 47
55 38
30 193
48 72
21 90
35 163
17 100
5 12
18 190
18 51
45 16
4 15
96 194
66 29
98 132
43 112
95 19
8 187
7 34
47 10
18 64
98 152
9 164
76 100
83 73
58 42
64 42
83 46
75 22
100 20
91 185
85 110
90 193
49 21
36 141
77 195
44 78
52 144
1 54
53 132
92 193
99 109
97 146
29 188
31 111
77 150
85 24
16 195
34 34
76 26
89 13
39 165
78 61
67 115
14 77
18 194
60 178
91 73
61 175
63 50
6 138
68 173
10 153
25 140
100 147
62 82
1 12
83 187
37 174
34 138
19 182
82 179
15 73
77 56
94 122
20 192
24 136
69 164
15 162
11 118
8 124
70 26
39 12
90 111
92 55
23 93
25 60
4 171
40 183
4 128
3 48
63 150
48 169
89 143
25 67
52 115
98 129
24 41
90 130
82 121
36 188
54 89
50 116
96 163
35 124
12 36
60 24
55 119
25 98
64 84
98 73
14 83
43 18
78 20
26 10
16 35
68 181
29 171
37 150
74 175
53 42
46 41
4 14
35 97
66 95
69 200
51 13
10 135
64 95
34 96
5 178
5 128
26 117
77 164
57 45
4 92
49 74
38 112
92 160
48 14
1 105
57 85
7 72
86 142
86 171
55 144
37 45
17 114
36 146
54 140
49 81
84 81
9 70
18 45
52 49
80 181
78 61
89 51
97 40
74 145
91 61
30 66
85 86
