900
31229
13 110
55 195
30 188
100 151
83 32
18 127
15 193
51 84
24 190
94 164
81 148
19 180
78 133
52 77
99 169
38 130
36 137
38 175
36 149
13 86
96 141
54 160
42 17
25 118
94 120
75 32
73 115
98 68
9 37
44 134
3 121
4 53
95 123
64 94
59 85
97 172
33 70
7 155
17 136
39 169
99 116
100 115
16 66
90 193
3 116
29 163
99 90
49 200
79 11
53 145
12 196
48 99
31 197
41 151
85 65
6 85
57 24
2 32
92 180
26 148
51 37
74 31
76 193
99 12
24 186
88 170
58 52
68 80
3 144
80 188
61 77
42 92
28 106
57 122
30 160
24 63
21 96
88 194
7 75
36 162
93 105
75 163
54 57
86 18
37 63
11 112
65 12
15 91
1 148
23 156
58 197
7 105
97 173
89 55
20 136
23 47
39 93
19 164
53 116
36 28
56 52
73 35
86 185
15 46
6 51
19 151
36 136
4 50
11 105
67 76
26 133
75 53
21 93
79 25
42 184
36 133
73 81
72 27
40 98
86 51
89 102
8 160
50 190
71 176
96 45
21 120
62 29
14 109
5 49
29 99
48 125
20 179
9 136
85 82
56 195
67 156
8 64
17 76
100 60
91 128
26 138
92 24
92 113
64 147
12 106
6 87
73 111
67 65
19 119
93 82
55 99
6 56
88 32
61 115
34 169
3 51
85 187
59 17
18 127
41 90
54 152
71 136
95 144
90 182
58 160
2 34
64 74
80 74
8 117
5 176
89 151
4 88
10 154
43 135
61 145
74 39
19 136
36 100
100 115
22 80
71 101
89 108
12 113
88 90
41 178
26 69
73 40
86 40
68 86
68 51
40 80
22 168
40 104
23 99
85 135
51 16
26 162
45 192
69 162
54 150
22 97
22 145
48 40
36 64
20 113
31 189
26 174
27 61
18 60
84 190
82 63
65 147
53 15
35 11
66 56
91 169
75 102
13 129
65 135
79 200
100 57
33 12
95 117
61 52
26 118
45 194
64 71
43 132
44 190
54 96
52 27
85 162
68 108
89 61
94 187
87 162
90 71
9 74
55 111
3 81
62 96
24 166
65 25
50 194
51 159
7 71
43 160
44 149
26 60
55 24
5 68
18 75
13 121
30 103
69 170
16 191
95 160
64 57
81 93
81 108
45 99
81 87
100 35
56 10
65 53
22 66
46 91
33 126
11 125
2 75
56 35
59 58
48 157
41 26
90 170
12 32
78 95
42 140
93 184
14 160
95 130
88 51
70 126
39 17
56 69
24 197
90 191
88 161
81 183
88 138
49 146
1 27
96 153
22 54
13 106
59 76
42 30
76 94
66 180
7 15
35 26
65 52
67 58
93 81
14 24
98 128
18 138
87 87
65 139
32 28
53 199
83 124
28 156
54 155
31 29
24 70
68 148
84 94
84 145
35 155
35 36
37 87
45 38
48 186
43 148
65 126
41 52
46 96
83 198
12 28
42 125
14 160
9 178
69 14
71 51
11 69
65 127
37 68
91 175
55 80
69 30
31 136
48 88
62 88
14 117
29 18
87 33
85 41
70 81
30 22
49 39
16 40
4 178
6 38
18 132
80 82
91 113
70 93
38 141
95 191
93 127
87 99
79 52
66 24
33 198
1 159
33 178
38 90
20 96
6 90
7 32
8 50
14 130
2 30
7 41
22 36
19 166
81 147
32 171
54 16
84 37
3 32
60 195
52 181
42 157
54 43
43 161
97 130
98 101
64 197
48 192
9 26
89 95
73 180
28 104
50 163
38 13
7 17
67 141
42 163
81 26
98 65
31 194
44 82
55 189
72 123
15 148
54 124
40 139
46 144
37 112
14 140
79 126
63 24
92 44
21 19
50 177
7 119
81 10
100 173
10 27
74 65
13 47
39 129
13 150
98 90
33 28
7 37
96 42
38 112
25 193
87 99
31 70
34 40
18 107
87 85
63 72
29 150
79 41
54 11
77 71
35 84
62 25
46 84
38 132
4 191
78 21
69 135
28 60
1 158
71 165
71 145
3 134
75 178
3 100
28 189
78 168
12 133
5 165
50 68
51 95
42 50
12 100
12 155
62 82
53 74
75 80
28 195
37 140
28 185
26 108
31 152
46 181
62 26
93 155
3 69
53 58
1 186
79 69
52 164
66 144
37 73
55 100
76 16
63 157
65 134
81 142
85 86
31 151
81 156
20 185
99 118
75 36
65 95
22 53
33 23
14 76
43 123
35 179
93 71
50 168
37 171
21 83
42 72
98 154
98 147
4 60
13 39
47 142
81 43
90 107
4 185
50 144
73 178
13 159
1 168
83 75
69 17
80 176
79 198
44 197
2 186
46 169
46 114
50 112
90 108
10 108
70 151
53 149
81 158
67 122
39 160
100 14
95 67
18 163
50 138
80 168
52 160
43 192
1 24
13 160
19 14
70 154
20 71
100 154
28 96
34 42
3 99
94 141
65 95
13 125
62 42
32 127
46 157
90 11
36 149
75 184
86 75
73 56
2 63
67 80
13 147
6 179
72 132
10 154
4 52
26 82
9 122
11 83
73 116
42 86
39 172
88 116
54 57
88 127
82 17
28 169
21 194
10 14
97 40
10 195
33 186
10 166
18 16
94 120
24 67
69 22
86 59
97 152
99 100
71 93
45 157
89 118
47 80
3 20
89 49
31 157
43 199
5 126
71 109
84 187
83 106
57 37
21 56
45 21
37 145
1 66
89 180
22 41
32 198
50 66
55 138
6 173
34 21
69 156
28 132
76 55
80 185
14 51
18 191
68 46
54 69
64 26
51 119
40 99
79 41
12 88
46 45
86 85
3 193
92 112
24 114
98 86
27 18
24 146
65 140
11 100
100 52
61 24
29 155
59 50
85 153
26 65
42 65
19 93
7 44
48 55
75 135
66 55
6 155
93 179
25 120
29 162
90 123
75 42
39 55
9 139
42 143
91 161
54 57
32 11
57 62
39 124
49 132
8 132
55 95
52 184
31 44
16 99
54 129
39 194
66 43
36 191
63 91
40 164
68 15
71 78
2 153
66 27
57 51
7 110
88 64
55 128
51 87
14 105
16 32
82 197
48 147
45 41
76 121
31 60
96 178
45 180
43 179
92 151
1 38
7 20
27 21
27 69
80 93
55 161
4 45
73 136
58 31
34 79
40 125
14 89
74 32
23 63
26 16
40 191
41 22
41 144
66 28
10 51
13 192
81 165
95 151
33 133
15 161
78 80
29 125
17 22
70 100
39 54
80 174
79 157
25 112
26 120
41 152
57 18
41 67
90 31
97 38
54 143
94 21
98 47
42 29
13 25
34 141
48 103
21 18
42 52
31 183
73 121
34 199
26 37
29 16
72 75
52 123
83 193
73 149
74 120
78 27
3 168
59 135
96 88
7 188
36 11
83 88
66 172
87 122
25 165
15 81
64 36
91 134
18 178
63 72
52 193
35 187
81 194
87 156
31 170
63 139
84 72
64 19
62 200
50 72
51 41
89 16
93 101
2 119
60 91
87 60
97 123
78 118
17 17
23 180
36 113
47 64
53 28
17 151
51 136
29 172
81 41
98 192
45 189
52 159
82 196
41 123
29 45
32 124
14 112
94 101
98 183
93 40
24 45
33 57
40 176
82 118
63 56
32 93
19 82
16 21
56 112
100 151
15 118
37 133
94 148
17 72
1 60
95 122
40 40
32 78
4 136
5 38
52 14
31 40
100 118
71 194
91 127
9 151
36 189
33 123
51 180
15 106
60 86
65 141
100 194
34 173
49 116
73 31
46 141
69 124
29 48
93 186
36 80
15 118
18 39
10 35
32 93
36 176
70 156
32 69
28 38
8 148
52 64
62 190
76 93
74 75
85 181
11 117
94 103
90 179
34 117
82 40
91 73
22 165
98 165
21 84
90 20
34 44
10 79
34 82
86 114
12 160
61 117
76 149
87 74
94 183
67 180
27 98
67 93
84 113
95 25
65 60
88 99
27 182
58 188
5 47
69 125
8 153
65 148
78 147
51 157
20 145
51 141
54 69
36 48
24 127
