900
31307
36 182
45 58
33 175
11 139
42 164
13 26
26 100
45 29
28 137
23 10
29 88
60 176
82 79
30 29
19 64
5 73
63 52
37 34
83 145
82 49
46 128
35 18
17 34
41 176
12 52
49 197
80 132
1 101
50 13
9 31
99 119
59 39
10 106
55 128
60 127
98 72
69 55
4 71
53 53
74 117
31 71
10 18
77 63
35 26
38 125
44 27
1 28
65 75
98 36
73 85
34 158
76 68
80 165
52 23
70 187
31 107
1 66
15 31
98 65
49 171
20 11
8 190
61 197
34 32
37 81
52 73
40 194
71 108
35 131
51 12
49 178
31 126
1 37
92 187
60 88
16 132
50 118
93 134
9 88
22 44
90 72
92 197
92 64
12 10
97 78
93 20
50 84
76 70
5 128
88 144
98 176
88 20
82 149
16 175
6 26
11 186
47 153
31 199
93 97
16 89
30 127
79 109
11 153
32 151
61 80
38 29
67 194
1 188
4 69
51 101
66 41
62 195
68 44
50 56
90 62
36 180
24 127
65 134
60 86
10 57
70 126
53 11
18 196
18 39
20 198
54 135
18 36
76 98
51 163
8 190
34 137
76 63
2 32
23 162
83 51
75 17
92 179
81 139
99 195
83 195
39 91
17 163
47 62
25 126
59 139
87 88
86 172
35 64
56 80
50 163
6 136
55 67
60 78
83 144
30 195
24 118
22 127
1 12
80 199
97 11
65 150
69 172
19 32
37 200
62 91
93 33
42 17
86 77
28 35
87 66
99 195
61 48
31 170
11 94
48 151
95 58
72 23
25 161
76 148
75 73
28 94
29 33
43 127
41 66
14 43
63 89
36 73
59 114
34 176
45 44
100 176
71 66
43 24
32 111
18 88
43 171
16 77
52 26
18 179
7 150
85 53
56 59
7 15
91 128
13 165
84 22
84 199
2 23
2 167
1 52
30 199
85 94
6 107
23 100
60 129
43 191
33 72
59 104
84 58
47 181
34 32
59 184
78 72
97 184
51 62
41 12
17 128
30 108
22 148
23 165
33 41
88 37
1 74
42 190
40 183
50 25
10 61
56 158
6 111
60 54
57 164
21 157
56 34
50 186
9 55
68 174
76 86
47 43
90 18
4 10
14 94
17 190
33 144
2 125
83 107
70 189
52 104
82 179
41 193
91 89
71 32
26 95
61 19
24 75
16 69
3 92
1 115
31 185
100 68
84 178
52 156
25 43
9 151
39 139
82 64
40 183
53 124
4 107
68 135
41 134
60 156
100 199
20 55
56 150
100 41
49 149
61 132
4 159
25 140
29 172
100 133
61 44
95 166
31 177
21 162
1 34
60 118
75 81
1 154
62 157
4 196
46 190
15 39
83 23
79 180
60 117
71 161
59 100
19 105
3 52
28 24
31 130
89 138
65 12
48 183
93 109
11 125
38 108
75 152
79 71
6 181
3 116
68 22
29 96
97 20
42 151
93 66
78 146
86 50
70 40
23 43
47 140
99 75
58 24
37 115
50 124
35 10
73 177
56 189
19 26
46 125
5 11
32 96
79 198
70 86
84 176
10 61
1 98
29 78
45 171
54 134
12 65
52 178
70 140
78 41
79 184
9 96
6 127
53 174
87 100
7 94
96 62
97 103
38 92
57 155
11 101
33 167
17 190
22 106
2 125
100 200
38 51
56 95
94 184
47 35
71 113
58 25
3 137
30 103
31 125
100 185
92 92
83 55
53 176
35 172
58 57
47 27
48 117
75 160
42 114
42 65
65 165
78 35
8 195
4 178
24 33
6 85
35 55
36 147
100 12
17 188
84 49
87 99
67 60
90 157
92 37
61 143
5 126
3 121
30 12
9 48
68 25
80 27
66 57
11 182
8 121
58 123
94 49
24 29
13 55
55 189
4 152
52 43
2 88
85 155
83 33
13 153
55 17
16 16
90 80
66 196
31 194
8 134
82 165
28 131
42 146
85 39
76 89
25 177
9 168
10 13
81 122
17 162
11 124
85 85
77 45
80 71
84 88
92 158
77 55
68 142
8 86
58 32
58 121
45 91
22 128
72 107
13 85
29 133
81 148
19 30
77 32
28 143
60 191
94 155
1 143
100 70
51 108
61 164
30 117
43 151
78 46
25 103
34 177
15 18
78 34
68 149
26 195
87 89
62 39
49 104
64 177
42 11
56 43
99 74
92 166
86 32
84 39
89 137
32 125
76 105
22 73
41 194
76 103
32 192
98 26
17 71
56 193
9 179
44 155
48 148
6 85
61 28
41 80
42 31
15 46
93 183
39 179
19 68
14 75
66 128
93 25
65 33
92 158
38 100
35 124
79 37
48 25
15 104
10 17
60 52
64 80
3 25
60 48
64 95
13 21
38 134
67 151
17 158
42 101
72 115
47 121
22 11
24 161
7 51
55 64
43 56
12 187
40 130
71 114
89 157
66 98
96 75
19 156
24 77
17 73
29 142
61 43
96 121
82 126
29 67
40 159
86 161
93 200
12 142
62 144
22 129
49 10
29 133
89 199
4 133
42 29
34 174
21 68
83 97
95 26
31 145
11 180
51 12
7 28
37 20
38 146
41 134
79 124
37 149
21 55
93 109
81 102
39 128
6 133
72 94
42 52
5 71
9 165
63 145
64 128
16 33
18 75
3 178
89 85
3 30
97 87
69 103
56 35
99 104
31 168
41 93
58 133
90 149
85 59
21 23
40 19
73 56
99 129
29 198
2 13
84 131
87 76
92 45
6 161
43 183
29 11
12 140
79 113
31 47
46 41
31 92
8 121
18 180
13 28
97 41
25 154
99 35
62 12
8 21
55 197
96 59
48 72
40 194
58 150
48 87
96 178
48 121
91 111
88 59
38 35
92 60
36 46
52 176
16 81
82 187
8 157
95 122
42 164
85 51
78 107
76 95
8 89
46 37
84 27
12 135
18 197
53 111
99 170
38 129
61 119
79 160
60 39
62 83
72 30
3 23
35 130
2 105
99 49
98 103
94 186
44 67
19 180
84 118
61 43
87 141
31 184
84 93
40 98
69 195
97 136
32 169
16 24
79 164
29 175
78 139
58 24
23 195
9 186
67 190
90 141
96 82
53 19
75 93
50 91
55 15
84 158
96 81
48 195
35 75
1 103
75 12
71 152
12 10
68 176
25 10
86 69
94 111
31 199
19 164
60 57
41 152
98 16
96 96
45 50
61 154
96 195
33 122
98 76
51 46
15 171
100 68
31 183
99 99
94 81
35 25
86 70
92 18
19 136
28 193
18 77
92 13
99 167
99 89
93 95
93 12
79 13
74 71
25 33
2 10
60 96
74 33
23 191
82 94
37 61
80 123
97 34
67 72
59 17
100 122
99 199
58 150
78 197
9 148
45 56
47 173
66 94
68 61
68 156
6 13
67 96
67 96
100 52
84 156
48 96
21 10
64 86
63 175
45 60
29 179
100 105
41 34
6 115
93 59
94 32
86 13
55 174
30 25
22 154
30 40
51 38
24 37
29 197
73 105
55 105
16 25
9 73
53 56
42 77
6 101
15 28
36 110
96 26
85 83
74 188
12 143
50 75
55 81
36 41
35 12
12 147
56 161
67 30
52 169
21 173
93 195
96 133
16 160
36 199
37 17
38 100
59 162
45 76
2 77
5 26
19 124
29 71
93 160
44 159
22 48
64 183
86 164
68 52
39 133
2 186
29 158
70 37
24 140
68 197
37 186
38 200
55 49
63 39
37 63
66 20
25 140
66 75
4 47
73 119
79 116
9 69
74 31
21 30
57 55
32 23
7 30
87 200
71 67
57 55
75 170
28 95
41 114
58 80
51 186
20 25
23 154
87 40
11 11
9 86
86 115
70 92
14 126
45 129
22 17
24 141
44 90
97 169
50 175
87 161
39 126
80 42
26 12
95 191
49 187
6 37
57 151
20 173
37 91
6 150
33 56
40 49
99 30
36 195
100 183
61 94
79 55
73 75
12 111
54 94
32 179
76 199
88 106
90 136
50 191
54 59
24 163
90 160
45 12
24 95
6 95
6 87
81 101
7 56
75 85
62 166
