900
31917
83 162
23 92
89 196
24 195
14 74
26 103
90 37
100 136
86 70
60 175
65 177
53 114
37 74
36 41
22 89
81 110
3 83
9 27
82 94
9 111
27 161
84 178
58 71
47 52
73 112
88 80
85 57
66 75
70 168
75 105
35 131
12 29
85 60
86 118
86 99
96 41
71 184
37 140
25 91
98 108
53 144
21 55
94 73
21 88
81 126
38 72
17 166
83 69
44 107
5 198
73 61
39 38
23 30
57 52
52 115
74 38
56 173
72 96
59 159
45 90
11 175
56 191
10 189
12 54
91 81
42 76
1 58
39 178
41 185
86 199
82 49
25 86
81 58
58 62
13 71
4 44
90 141
95 109
60 63
99 165
36 22
8 77
64 91
56 12
55 84
65 93
51 93
37 122
43 173
11 182
27 153
44 158
8 82
61 105
86 106
21 28
35 122
39 118
64 131
25 53
68 198
86 145
78 93
97 169
87 33
99 157
39 27
47 128
1 145
70 67
60 97
38 16
36 29
3 83
55 47
24 42
4 161
33 179
93 41
80 104
17 124
88 174
81 66
71 176
33 125
18 148
44 47
16 55
59 74
80 80
11 83
48 10
75 70
53 34
51 91
93 189
96 164
98 129
54 33
16 159
95 153
19 100
43 153
58 74
73 128
56 87
71 63
25 33
85 107
14 68
79 190
39 15
63 190
4 12
97 127
63 84
96 129
44 105
16 39
63 65
15 172
100 41
6 101
47 111
55 95
91 119
21 193
42 186
14 174
38 15
18 134
45 39
72 96
20 99
2 44
80 57
3 31
47 90
57 41
42 67
96 45
42 93
3 151
88 133
8 176
34 87
5 40
94 196
83 121
37 194
1 73
99 92
85 68
64 148
2 18
50 155
82 67
8 146
96 138
31 175
34 167
65 179
5 91
11 23
40 169
14 188
75 121
32 110
93 67
29 171
94 136
62 155
94 122
7 200
11 58
11 108
94 14
30 108
88 200
17 67
6 42
74 155
2 70
33 25
27 50
86 126
20 116
40 127
48 99
52 25
82 133
38 135
65 88
37 119
66 151
32 76
37 90
74 129
48 19
10 99
38 36
16 111
42 159
11 43
97 108
57 163
85 42
95 29
62 115
30 119
10 99
23 70
90 73
47 106
93 78
72 163
52 17
82 159
53 69
48 116
27 150
77 179
39 66
94 68
84 194
8 169
14 145
93 50
75 121
1 97
79 119
71 97
88 24
93 14
10 160
8 12
9 191
25 50
51 132
59 20
70 42
2 37
60 24
31 163
76 57
24 110
7 141
76 108
16 26
40 107
95 35
74 94
64 179
31 21
42 96
63 84
18 37
30 11
33 156
100 90
8 35
47 185
53 12
47 163
12 115
52 26
43 114
44 17
69 99
78 161
12 18
92 73
36 98
14 192
29 133
97 32
55 121
24 172
48 23
36 185
47 130
21 101
100 71
29 128
86 148
72 111
86 155
55 169
44 174
81 100
20 99
45 145
29 43
56 130
59 55
88 156
82 155
52 94
47 28
93 14
28 186
96 54
6 188
30 116
4 100
21 194
8 144
54 58
24 182
33 90
39 124
75 41
90 65
79 50
60 176
4 59
43 79
1 161
1 63
56 178
17 102
25 77
41 102
16 85
85 48
33 54
88 118
23 180
84 136
5 166
27 104
36 142
48 73
72 109
93 73
52 138
32 105
86 142
13 36
73 29
69 97
29 124
75 150
77 167
78 136
11 142
9 185
64 192
68 156
33 138
98 74
92 79
29 61
83 96
23 177
14 71
25 94
47 101
67 96
55 115
50 50
86 43
55 180
24 192
29 19
37 76
56 40
100 157
12 43
19 161
31 24
49 199
68 33
44 176
23 132
41 17
33 48
29 57
55 99
63 115
64 110
81 86
44 135
8 45
81 20
47 101
59 131
7 198
68 99
39 124
4 84
71 158
20 179
69 54
62 177
53 80
60 42
13 160
40 15
27 57
9 161
47 176
96 17
16 94
29 128
47 172
31 145
55 196
86 75
60 142
36 70
93 57
23 184
70 178
53 146
82 24
93 52
100 100
49 92
4 194
95 16
80 180
69 31
89 64
26 93
89 57
62 16
75 172
91 46
91 52
9 47
66 42
25 172
1 120
90 78
83 54
39 11
48 105
66 79
5 105
23 181
67 145
96 69
47 185
56 36
77 59
9 79
55 121
26 172
77 107
60 130
54 112
74 44
29 124
97 11
16 167
5 180
25 11
84 163
26 133
38 190
26 105
31 165
33 177
97 178
39 184
63 157
94 132
53 87
33 126
84 33
96 32
61 138
98 105
96 153
17 150
64 185
97 141
13 141
92 70
42 47
42 136
14 123
69 127
97 121
37 10
11 163
46 144
28 162
13 27
49 114
82 116
6 147
70 77
80 92
38 176
5 112
83 167
84 81
19 200
96 188
20 113
16 181
9 40
42 76
61 137
39 38
10 197
19 57
27 86
49 32
66 97
77 79
94 48
95 43
78 180
54 38
62 158
78 100
67 130
65 153
81 85
58 180
41 81
38 146
22 24
77 144
44 191
18 175
87 10
13 148
63 95
97 200
44 47
83 110
79 49
60 127
19 73
27 37
91 40
80 90
82 197
88 163
67 103
49 59
91 15
90 102
97 54
26 175
16 126
84 93
9 152
65 35
8 179
10 69
28 129
96 135
98 93
44 90
26 113
59 185
32 198
4 58
5 199
43 143
63 56
36 127
95 160
1 112
15 118
44 150
53 69
33 75
36 186
99 50
36 51
84 157
13 83
50 189
35 73
6 180
35 17
35 196
5 189
73 31
13 129
48 190
27 112
54 155
43 172
88 145
80 80
97 113
38 101
26 185
61 154
67 123
88 130
20 114
32 68
22 51
19 198
56 151
9 130
51 20
81 89
4 12
23 198
71 53
34 166
73 107
10 130
39 187
73 120
88 184
82 90
58 185
61 13
21 144
36 54
29 170
46 162
11 113
34 66
59 97
11 182
10 24
67 109
45 137
46 63
65 165
99 52
45 131
4 135
45 104
13 67
83 108
20 85
42 44
74 49
39 24
29 78
19 54
6 96
94 162
24 22
98 113
77 109
75 73
5 73
82 121
50 51
32 153
1 102
38 102
1 96
78 120
4 58
28 135
97 108
37 113
58 25
98 114
19 105
82 163
38 57
64 162
1 119
65 133
79 168
68 76
37 24
63 167
6 195
45 13
45 90
59 65
63 60
1 160
76 153
53 95
39 99
2 59
62 24
36 20
77 158
85 135
49 126
53 118
14 39
88 112
96 89
40 193
49 35
85 73
34 63
79 37
16 82
13 40
59 30
64 126
45 61
74 94
97 123
91 58
56 62
66 130
86 28
59 62
21 147
8 136
83 30
99 136
90 190
15 185
1 95
88 183
21 77
31 10
95 164
43 137
98 49
58 46
45 133
68 105
78 52
95 60
31 164
89 31
100 68
52 50
20 122
33 78
34 130
33 113
35 164
97 169
34 100
42 196
51 182
1 19
77 177
42 185
4 132
38 192
27 49
86 73
81 59
23 54
85 38
36 155
30 52
83 155
13 109
18 123
44 182
61 119
99 113
86 55
92 132
73 24
96 156
22 95
77 112
5 84
71 61
71 196
15 68
60 93
66 120
89 130
74 57
40 186
79 93
80 196
70 61
71 82
93 26
99 48
88 39
23 37
77 198
66 48
67 63
23 140
82 124
32 79
29 186
16 125
40 139
28 106
77 22
19 97
53 39
7 43
32 88
3 169
15 52
62 146
88 190
71 60
73 166
18 125
78 194
80 25
88 189
38 31
69 167
59 164
71 127
81 150
81 56
88 120
37 111
59 131
5 18
100 164
91 77
44 38
7 113
45 116
13 174
32 100
23 160
88 27
83 176
13 147
62 191
80 140
88 165
52 194
29 181
56 18
32 85
92 77
69 188
86 138
49 134
68 179
20 78
34 191
66 10
42 102
27 19
38 54
37 94
2 130
35 167
19 169
100 101
8 64
18 185
55 127
45 89
23 155
75 173
91 177
11 10
70 175
11 156
