900
31290
37 59
40 111
3 61
84 11
49 155
38 152
6 50
1 176
17 62
66 37
82 36
74 35
62 191
90 181
43 125
73 169
72 54
79 137
52 155
7 89
90 26
100 121
68 77
12 82
18 87
52 10
51 90
88 55
65 141
16 115
61 29
19 96
54 183
43 120
45 173
49 115
96 187
94 16
14 139
14 123
95 176
20 187
27 194
39 125
20 126
94 83
28 87
53 48
97 14
74 67
12 129
44 196
83 118
9 47
96 57
86 138
8 125
14 133
90 178
40 57
31 41
67 34
6 130
32 59
7 180
74 161
32 193
35 175
43 140
81 144
3 36
83 177
17 142
33 166
71 197
43 198
44 129
47 153
11 95
53 57
89 123
43 159
75 64
26 75
78 86
18 78
89 40
56 20
4 181
35 84
99 147
67 95
19 160
91 84
70 86
43 31
38 92
12 56
98 78
67 143
66 53
93 11
23 79
71 120
83 148
71 154
7 101
92 37
44 162
58 155
18 45
59 161
30 51
22 179
43 147
5 12
100 89
26 28
97 153
58 73
46 110
72 59
77 161
48 57
71 138
100 104
81 92
53 41
97 175
5 67
79 50
74 137
66 59
46 93
49 151
53 54
16 46
76 113
45 167
48 101
91 200
36 197
97 101
56 145
7 150
2 34
42 37
48 59
93 165
45 141
39 173
81 150
29 169
10 50
42 163
42 136
25 65
63 29
19 127
18 107
18 77
81 169
30 119
37 87
38 113
96 19
44 45
25 179
19 25
2 76
1 160
4 85
66 118
43 102
57 75
74 198
52 175
2 122
91 40
43 188
51 83
83 132
12 14
39 84
35 83
59 71
91 59
31 88
26 111
27 137
10 27
62 184
26 167
73 136
61 44
61 197
64 154
82 29
27 72
46 41
61 178
69 101
23 38
93 15
39 200
65 153
25 190
64 43
12 159
59 200
4 34
40 101
72 196
54 184
35 72
79 196
73 73
75 35
79 136
82 63
67 193
47 198
51 172
10 169
61 39
76 59
97 95
81 112
32 125
97 180
81 191
5 113
88 121
59 84
23 107
18 46
65 169
22 170
27 166
90 191
38 187
43 20
15 172
10 50
46 53
6 89
10 89
2 138
58 24
12 69
21 197
49 138
48 83
58 198
51 125
44 134
37 128
22 140
65 156
78 47
81 40
86 174
75 132
8 189
55 191
16 187
52 83
11 125
14 168
85 162
97 81
51 11
100 25
3 200
22 90
36 173
55 114
82 148
13 164
24 75
1 33
94 113
26 79
85 104
70 126
60 155
5 179
93 40
17 121
91 165
6 200
39 51
70 96
60 195
22 150
97 109
87 12
90 179
91 113
9 78
18 78
34 77
14 129
30 46
30 140
31 94
65 90
23 69
10 69
1 23
11 95
49 193
37 51
10 131
51 25
89 48
42 105
31 179
86 95
38 72
17 93
36 157
8 59
21 88
75 74
47 64
51 104
88 152
66 167
92 147
67 116
63 131
49 25
30 164
55 47
64 172
86 82
54 94
26 59
35 141
2 79
66 120
97 108
70 69
73 148
41 193
79 152
72 44
21 56
67 191
72 169
45 67
37 163
37 128
74 190
59 155
3 121
60 170
11 110
37 144
39 101
85 122
99 142
70 136
16 175
21 54
81 111
40 100
47 175
50 167
47 177
57 123
92 150
96 149
57 99
3 182
55 60
7 17
29 156
53 68
77 183
45 74
86 62
28 130
12 194
83 75
3 199
87 78
39 50
89 155
98 98
29 129
52 74
89 126
60 189
25 187
95 185
63 172
46 89
19 115
23 189
95 154
87 122
85 132
8 124
86 30
61 75
34 42
68 120
38 97
81 20
77 163
78 50
14 67
69 159
30 159
91 117
74 12
3 85
88 114
17 32
25 122
8 178
97 154
11 117
20 82
76 80
7 136
76 53
72 152
29 143
79 145
4 168
23 121
88 60
32 55
85 108
85 81
75 68
1 183
62 141
76 200
35 199
54 73
6 118
5 53
78 113
34 176
42 114
54 57
27 199
71 69
10 180
5 183
12 105
59 77
69 173
50 146
42 145
78 113
40 48
7 153
91 63
90 23
17 151
23 179
79 146
75 127
18 181
8 107
100 101
92 189
92 53
94 16
88 128
37 72
92 80
75 46
1 102
96 141
78 76
61 187
37 99
65 190
54 189
79 50
59 121
83 18
30 100
92 142
59 46
23 134
61 125
62 132
62 77
9 177
26 143
52 168
100 71
7 32
42 150
63 64
40 189
80 22
98 34
49 38
42 32
3 122
81 109
64 155
10 45
4 184
14 74
7 37
86 132
50 193
88 169
7 197
5 129
81 78
91 98
12 179
11 126
99 146
26 141
97 112
47 181
1 82
43 124
81 145
47 194
30 143
44 117
17 197
88 26
67 57
97 95
50 19
32 103
84 32
18 54
91 15
26 195
61 128
44 109
87 79
33 196
5 52
26 179
77 20
59 65
19 113
96 48
63 184
50 139
18 114
93 128
89 118
58 90
87 187
67 111
58 162
50 35
67 151
89 142
69 87
45 35
71 18
7 114
59 140
84 114
99 53
66 20
61 182
18 61
99 17
43 98
2 187
78 76
80 78
51 13
55 58
69 117
63 129
24 30
49 38
18 125
53 159
60 37
10 164
75 190
15 81
58 75
2 89
71 75
96 17
81 140
66 28
52 191
21 64
95 91
15 130
92 27
33 172
35 39
9 136
22 55
6 115
100 105
18 148
23 24
98 92
32 174
50 48
18 48
40 149
98 139
3 160
88 183
70 165
70 103
23 95
28 52
55 139
20 98
22 59
24 159
17 34
42 22
29 162
64 29
90 11
51 84
79 152
24 86
23 42
54 172
62 152
88 130
91 184
65 42
44 36
61 43
81 164
71 25
10 97
49 86
30 127
21 152
9 23
31 111
82 20
33 111
14 43
5 62
25 159
22 194
53 194
30 47
35 156
20 69
13 51
32 37
45 135
78 183
10 19
53 182
77 90
55 92
25 160
52 182
64 158
34 184
37 59
84 183
94 75
72 13
44 176
26 147
83 106
33 190
26 168
12 37
32 77
80 49
40 182
85 25
30 149
36 179
28 188
89 15
72 152
21 21
91 200
19 43
26 105
26 152
63 174
13 41
24 11
86 37
100 187
28 117
48 92
51 200
28 75
21 109
29 155
31 103
65 43
100 58
55 37
100 108
57 49
4 154
97 151
36 40
5 131
100 126
44 20
8 159
69 92
74 170
10 180
66 124
59 187
46 136
49 72
27 76
8 42
76 26
73 170
47 107
20 77
31 168
12 162
31 149
81 101
100 63
96 72
62 185
61 172
21 25
78 27
19 63
31 147
30 110
20 87
19 138
63 137
11 13
95 80
41 119
1 178
63 188
46 82
70 121
72 97
45 95
33 81
79 100
85 68
62 78
15 183
59 175
18 22
25 95
29 138
24 182
72 118
32 153
52 151
36 139
89 55
58 185
47 69
56 181
15 101
35 172
67 175
72 165
44 200
25 43
98 64
21 121
98 98
81 58
83 51
53 198
95 87
60 29
53 108
33 23
72 165
64 42
35 38
46 34
9 193
90 167
62 53
83 97
88 110
27 67
49 64
52 138
99 178
54 18
37 190
8 82
48 148
77 143
5 101
4 175
6 198
20 82
91 102
48 175
46 185
79 112
42 22
68 80
94 191
55 91
20 142
23 87
84 118
6 42
60 109
50 169
9 30
18 88
70 156
76 96
63 144
26 179
10 54
33 51
71 37
4 107
43 86
82 170
2 121
43 48
11 37
76 193
7 64
9 79
15 33
12 159
40 133
30 145
100 56
59 70
36 171
53 68
80 124
9 93
99 47
24 139
24 74
71 95
72 64
40 62
49 145
9 58
28 127
64 19
31 109
42 30
93 22
52 109
46 133
8 106
70 26
91 102
1 57
91 12
11 11
23 108
4 94
76 164
95 13
52 108
48 10
46 43
28 189
5 145
44 128
52 98
1 142
68 35
64 177
26 176
54 160
62 10
80 170
83 193
95 178
56 53
98 126
