900
31211
99 111
46 23
16 159
79 58
96 155
43 22
73 71
92 29
87 130
14 194
40 91
66 160
60 143
96 185
44 68
8 96
3 153
87 135
3 150
2 138
99 133
32 163
81 41
22 16
25 76
47 183
80 78
81 21
12 35
43 91
23 151
69 177
92 38
28 196
25 178
84 79
65 28
46 32
54 27
44 61
71 85
22 162
44 127
5 198
32 32
74 58
83 154
43 58
91 149
4 194
61 26
35 19
85 26
74 145
77 31
31 60
99 24
1 60
84 163
88 146
64 31
92 150
3 197
2 17
28 177
22 150
61 11
83 168
65 165
48 160
49 166
3 62
75 102
23 113
97 104
35 200
19 54
11 60
29 45
32 143
28 112
90 25
57 148
19 78
60 19
38 48
8 83
35 93
6 140
52 31
90 153
93 126
2 176
50 71
80 86
66 182
82 194
58 175
43 155
9 34
66 139
26 16
99 112
76 129
10 139
82 87
43 51
38 38
32 159
58 56
36 81
55 135
77 116
38 141
84 182
100 88
15 178
14 33
25 13
35 116
52 136
27 30
23 78
68 151
77 14
71 40
16 140
30 13
3 44
36 94
95 100
80 80
27 115
24 27
35 23
78 142
97 29
65 113
90 69
90 35
80 86
1 139
37 39
100 160
13 117
63 37
47 80
39 151
64 69
19 63
97 73
97 85
31 29
75 128
64 167
22 143
9 157
67 153
69 193
46 154
72 67
61 130
41 113
83 154
45 161
13 41
11 164
80 171
4 114
15 180
79 170
76 164
94 168
44 58
61 198
44 192
46 163
2 124
16 68
50 134
56 104
16 149
5 62
63 57
30 128
1 43
90 42
72 30
85 157
60 156
74 193
88 87
90 181
7 92
21 11
78 68
30 186
59 68
65 140
79 163
16 14
35 58
84 161
22 48
95 87
15 24
73 153
48 187
70 87
36 88
12 118
71 123
15 67
53 74
62 20
84 186
52 119
15 42
30 58
46 54
74 49
44 175
40 100
16 95
85 71
99 146
32 83
27 162
9 114
32 130
99 84
94 61
23 119
10 124
38 146
63 165
64 155
100 37
35 162
94 69
30 10
38 157
4 29
55 152
99 173
26 115
61 10
80 200
79 101
13 163
58 19
7 186
75 41
86 168
81 199
69 37
48 192
26 96
1 152
55 12
48 105
25 142
88 183
90 164
38 80
49 135
83 130
26 34
57 168
1 29
99 56
32 147
28 127
45 119
45 143
91 171
95 67
65 98
44 137
22 65
42 148
81 64
100 39
1 152
84 53
42 182
66 134
79 73
94 150
76 59
73 23
26 43
3 60
10 45
15 51
23 192
39 199
50 151
39 40
46 84
34 18
15 48
22 112
59 53
38 158
61 122
28 183
47 66
23 177
52 28
99 49
43 132
29 102
27 66
71 119
33 85
88 66
3 87
99 88
8 103
45 179
94 37
29 162
53 141
98 129
13 171
28 66
12 123
30 15
93 164
7 189
98 134
16 166
45 113
2 58
23 17
57 183
72 166
59 63
37 103
84 40
58 189
79 196
73 180
12 192
31 136
39 148
67 74
86 148
69 123
14 100
22 17
39 190
73 108
31 141
25 27
22 125
15 129
23 77
35 120
41 177
54 164
91 57
66 15
65 61
34 116
46 37
50 92
75 194
3 38
71 163
14 88
13 130
6 154
52 90
93 34
2 154
30 75
7 149
50 148
33 133
36 153
12 194
71 183
68 199
61 99
88 180
65 63
55 123
78 30
54 73
51 126
33 164
54 56
48 186
22 57
94 49
16 150
58 95
97 191
75 67
83 55
49 127
93 101
75 95
59 130
65 40
25 46
27 133
16 124
30 184
62 114
6 122
25 116
5 175
12 77
37 46
97 59
49 64
14 191
24 156
98 46
63 130
47 77
50 65
16 200
63 101
47 87
96 71
5 125
53 91
29 165
53 163
51 136
86 196
89 128
73 102
39 56
46 80
40 88
34 95
71 95
44 122
91 15
3 66
20 145
96 44
45 199
46 106
70 30
21 18
29 78
69 156
80 197
44 31
8 163
77 118
68 87
43 109
62 14
2 142
100 193
98 43
24 128
68 63
72 61
62 96
89 131
88 128
59 91
22 87
88 127
21 59
17 81
37 24
30 64
59 172
42 150
81 78
81 36
4 148
10 43
12 106
23 57
51 124
36 197
19 71
17 185
37 96
48 123
48 85
90 64
63 106
18 80
75 141
97 65
11 23
89 174
53 86
42 157
41 60
91 192
66 130
62 78
87 180
99 64
26 192
9 53
92 14
42 36
77 10
30 76
60 149
94 174
97 49
16 25
76 158
19 107
52 199
72 104
1 89
57 16
33 23
50 128
56 11
48 174
74 35
58 53
6 191
98 19
58 133
83 118
85 41
52 124
66 120
79 95
14 114
87 141
75 127
34 147
70 173
22 153
73 152
18 54
66 194
83 65
11 61
14 103
43 158
66 77
81 158
35 62
34 178
17 84
29 64
61 90
14 152
41 192
100 90
85 154
29 55
39 89
55 100
70 191
10 90
21 87
22 63
91 135
67 157
7 40
28 11
72 195
9 109
79 70
5 100
29 110
62 51
81 24
70 187
20 15
21 134
82 144
73 56
6 71
62 166
71 120
35 192
84 35
88 17
11 171
23 11
30 170
58 46
29 176
81 164
57 118
88 157
76 58
67 179
15 152
26 136
93 17
72 137
45 48
87 88
79 79
62 147
65 81
80 129
24 77
10 90
63 27
51 195
33 72
13 29
14 134
56 115
91 27
46 163
81 100
23 143
69 185
34 188
45 193
43 130
100 72
38 141
85 83
35 40
57 131
12 114
1 145
36 62
70 81
23 198
54 111
94 106
43 71
11 80
40 184
88 184
88 13
54 12
53 42
68 196
80 193
7 145
43 29
56 164
28 123
2 61
7 11
68 11
82 101
37 37
38 77
5 166
81 115
20 194
4 108
96 101
56 146
18 106
4 59
92 76
54 36
37 149
33 39
96 189
79 173
50 115
98 24
42 184
28 59
10 81
62 65
55 197
26 10
18 162
78 95
9 22
73 147
60 133
18 181
8 189
55 145
67 14
44 88
59 123
90 73
74 61
12 73
58 130
30 125
91 101
4 119
33 54
86 134
47 165
19 146
34 180
18 101
83 174
45 132
76 68
31 68
82 39
31 151
17 20
91 91
26 100
75 158
34 28
54 41
93 100
10 190
17 130
39 185
24 49
36 83
60 152
60 173
76 49
24 160
93 165
41 186
2 60
33 68
80 25
83 71
24 72
58 198
39 132
85 90
23 151
25 116
9 134
12 96
17 161
1 16
81 183
19 191
6 92
58 32
14 161
49 12
17 47
79 176
45 30
60 16
42 129
47 68
75 132
87 74
36 170
70 13
15 19
18 123
35 125
38 166
85 66
20 114
64 159
20 155
80 191
100 147
20 44
1 104
81 124
17 70
72 129
68 36
21 22
98 95
40 102
42 67
12 55
27 67
36 18
13 167
20 58
82 67
75 165
27 44
81 32
100 184
30 80
7 42
73 197
47 175
55 67
63 143
7 52
29 193
98 138
60 10
28 132
91 124
14 134
76 134
12 96
60 73
7 50
63 185
11 65
15 130
53 61
77 27
14 15
21 172
18 46
98 45
85 20
86 67
15 97
16 90
88 124
66 158
53 28
69 108
59 180
86 130
6 119
59 101
23 26
38 170
31 46
83 59
58 98
42 17
9 60
30 165
88 173
87 117
98 185
62 175
99 51
31 192
64 58
22 114
92 166
12 74
94 36
60 120
47 16
78 38
29 50
52 109
86 102
6 122
4 133
31 154
50 11
99 192
32 140
16 135
50 46
16 171
1 69
51 68
60 42
64 137
75 48
89 140
71 175
59 135
89 150
13 22
6 64
83 161
75 193
42 136
98 40
54 130
82 81
26 40
68 12
22 11
26 147
94 12
16 158
46 23
83 90
1 135
70 13
26 179
20 164
27 188
1 76
56 190
66 12
2 20
90 177
90 173
80 88
12 87
32 40
62 37
50 84
93 87
