900
31262
90 52
87 66
48 50
22 112
57 73
36 184
25 126
14 149
8 159
79 88
94 142
63 137
97 102
94 129
30 171
86 97
88 21
48 69
13 111
71 30
60 109
62 163
81 96
71 11
68 115
6 153
51 53
42 88
56 25
94 47
66 77
5 141
82 192
90 95
18 115
92 27
82 172
71 141
14 123
55 133
76 25
15 19
69 81
74 92
14 89
100 97
60 64
96 57
84 26
8 199
20 33
82 50
11 147
33 170
53 15
14 35
47 96
45 72
96 136
45 49
77 61
11 124
95 94
13 83
85 102
52 135
71 110
74 94
54 83
57 96
85 56
29 94
59 49
73 148
45 176
6 111
39 21
57 183
27 185
89 158
72 181
93 86
58 131
56 134
41 69
17 177
35 20
61 80
4 158
74 16
52 135
92 196
42 21
88 115
14 154
77 119
72 90
48 79
26 155
61 115
3 180
78 116
21 151
42 180
74 10
61 124
43 37
55 14
42 66
10 70
39 31
49 144
48 98
88 66
69 110
92 127
82 36
89 44
3 170
58 20
46 36
34 16
90 166
40 76
27 125
90 157
67 87
22 192
29 104
3 45
2 90
20 76
28 153
76 110
5 58
64 176
6 195
9 54
81 67
63 150
44 87
6 94
84 186
33 69
95 30
50 77
93 95
7 100
13 41
2 110
46 16
95 147
66 94
66 65
70 101
49 36
76 123
75 84
85 98
40 22
90 174
61 149
92 77
11 106
36 196
30 15
28 96
12 165
26 79
62 141
40 110
61 84
30 38
10 157
28 92
82 52
93 97
33 130
3 14
12 48
55 71
40 161
41 160
40 33
25 133
74 72
57 57
88 19
74 181
71 175
47 188
57 129
10 139
75 137
63 98
21 96
94 140
65 34
29 74
48 83
40 123
4 188
33 71
34 185
85 199
40 16
34 81
56 88
42 135
43 56
66 176
10 12
90 124
78 168
60 48
9 118
68 155
11 53
67 176
59 134
48 103
80 41
63 10
28 43
51 185
26 23
82 82
27 138
11 168
87 150
65 61
11 89
62 170
9 102
17 189
19 23
59 142
33 16
7 10
91 97
19 158
21 75
33 172
25 65
9 88
88 116
89 197
51 98
51 32
89 182
31 66
62 120
91 124
97 42
80 108
67 191
100 94
64 192
61 74
84 54
48 44
35 79
95 65
69 29
9 192
12 65
21 31
22 56
53 22
34 133
71 48
83 15
57 111
44 66
47 127
46 147
73 45
51 71
88 82
71 36
10 173
17 127
90 12
69 13
16 33
68 76
17 149
81 200
9 67
74 37
32 76
36 113
45 112
67 29
96 134
94 89
28 117
7 174
1 199
59 122
35 11
9 42
57 170
99 133
46 51
52 37
80 79
5 142
16 48
4 108
62 80
61 180
36 142
55 148
10 134
34 87
29 67
65 141
24 67
55 114
64 71
69 73
47 115
53 84
80 46
70 172
2 132
69 164
37 98
72 135
22 80
29 71
73 166
85 165
26 89
10 134
63 180
11 67
96 174
76 196
58 144
14 88
68 21
73 68
94 185
9 146
29 158
23 86
30 126
85 170
62 106
37 130
71 185
8 85
4 183
95 53
54 139
87 160
73 129
10 35
2 59
15 153
61 33
2 77
4 142
10 109
20 177
51 104
26 170
81 106
35 147
2 121
53 59
65 64
37 83
6 164
52 135
33 96
21 11
67 31
38 186
76 115
18 154
66 195
79 38
33 195
91 21
97 144
91 148
76 32
78 74
28 171
34 50
48 140
37 190
44 27
18 115
47 14
26 157
3 46
71 53
31 13
28 183
40 196
56 70
87 156
30 16
22 101
42 79
71 141
90 74
49 112
41 190
94 75
30 73
19 25
16 18
43 68
62 104
84 89
75 104
98 20
13 97
96 90
9 89
84 126
68 62
54 117
73 16
86 29
74 123
3 28
59 28
62 22
28 110
38 91
19 30
95 95
15 127
85 31
46 123
13 169
89 146
4 68
75 171
70 88
50 76
79 134
54 45
81 67
37 188
4 196
5 17
15 16
40 83
61 17
17 36
64 143
51 110
36 151
29 165
79 41
60 88
80 179
1 106
63 117
78 168
38 139
9 144
61 150
65 27
29 109
7 198
85 196
58 177
52 131
20 44
21 163
29 13
34 41
6 104
52 172
26 197
94 57
77 17
32 50
54 69
66 113
35 97
100 155
65 111
92 35
18 34
10 11
90 145
12 167
12 11
89 17
92 104
94 175
52 82
9 194
91 95
45 29
60 112
56 33
99 93
58 110
28 21
69 171
19 38
96 156
38 70
64 90
77 13
67 184
91 157
48 46
68 106
5 121
23 41
51 37
4 59
41 129
26 118
78 180
48 110
8 54
93 73
70 171
69 36
28 134
3 51
34 154
88 130
100 132
94 29
75 150
61 50
5 62
72 116
95 161
15 173
53 87
8 151
99 177
48 75
21 54
80 73
40 200
30 178
1 28
47 174
22 173
29 158
61 118
8 27
16 164
100 164
25 59
30 71
35 127
29 29
1 133
41 191
49 126
17 148
75 82
39 37
31 101
64 164
6 36
24 78
16 158
4 115
34 44
39 41
98 112
11 119
80 21
72 32
75 71
62 161
9 192
25 80
86 194
53 94
57 35
26 75
24 20
4 14
91 174
27 33
70 191
74 94
14 17
86 21
53 155
4 79
29 70
72 150
42 54
37 96
35 73
54 139
84 188
54 53
10 195
3 30
84 109
72 67
54 39
67 112
34 199
26 24
43 187
3 75
28 56
41 81
57 180
12 41
40 198
65 14
74 23
56 132
95 82
76 55
32 108
44 34
29 69
69 89
93 156
54 169
60 79
90 24
78 56
52 94
16 176
24 178
15 71
42 62
3 70
18 193
25 138
46 197
77 145
13 81
29 169
49 37
28 15
42 38
30 134
57 85
21 29
1 40
59 98
37 54
70 115
84 25
36 89
80 91
58 117
75 185
83 46
90 154
11 55
1 136
20 178
87 137
41 65
91 69
89 114
7 181
86 125
99 200
64 197
2 23
23 14
55 135
82 12
74 10
50 85
46 159
26 115
22 181
63 69
40 135
63 189
43 128
24 143
69 176
93 34
5 159
72 129
9 58
42 50
12 192
54 196
41 161
46 124
72 34
80 190
13 23
56 31
22 61
47 73
17 59
63 134
97 31
56 121
68 21
12 198
85 76
68 108
63 184
48 88
77 174
35 102
40 51
63 141
25 34
8 72
74 166
62 151
2 135
18 65
82 115
1 196
93 14
66 98
9 109
75 24
75 67
43 159
10 147
15 59
81 120
96 19
58 131
100 156
45 167
59 121
14 182
48 85
53 102
16 69
25 59
46 69
65 68
47 58
36 177
61 98
71 26
78 40
11 145
11 191
67 108
54 31
56 86
75 139
77 189
56 129
5 92
16 107
34 100
59 81
74 69
63 174
58 197
85 98
34 194
26 92
16 66
74 110
94 12
92 45
10 95
58 74
22 76
32 93
86 183
35 20
12 37
62 20
78 115
95 76
66 96
76 52
76 87
72 159
96 153
76 82
41 119
96 187
22 196
46 27
18 47
28 121
4 37
44 119
52 184
67 64
64 39
76 117
69 58
77 49
56 59
1 19
75 35
91 185
54 99
25 43
16 12
79 88
91 76
89 20
63 52
58 187
37 169
27 42
87 165
41 150
48 30
52 22
81 96
84 40
62 22
19 150
94 187
92 103
57 147
17 43
52 132
98 65
68 125
6 181
10 101
96 182
43 81
81 30
97 142
63 111
10 173
22 93
42 184
38 103
65 55
13 171
85 134
55 106
97 110
73 56
49 158
75 199
40 188
52 195
18 153
30 88
77 179
96 12
31 191
42 113
40 13
56 49
28 32
46 134
92 172
60 68
72 121
33 183
51 200
24 169
31 38
22 99
75 43
87 63
22 87
13 179
31 179
15 173
2 142
45 49
78 82
85 124
55 49
32 62
9 79
22 32
40 116
65 79
43 12
1 86
27 109
41 200
12 195
67 173
45 12
37 107
58 92
49 64
