900
31415
95 89
23 147
97 67
26 57
28 168
69 64
23 121
72 58
58 116
68 94
77 161
4 141
18 77
90 116
93 99
28 38
51 153
39 95
9 185
14 115
37 17
81 97
71 36
74 30
30 35
58 74
20 191
4 155
4 20
81 40
8 33
76 167
95 95
58 48
88 189
38 78
75 172
98 44
89 197
82 80
83 136
71 174
14 186
64 137
84 45
60 69
18 143
59 76
42 143
76 85
56 168
32 129
87 63
37 71
52 88
92 126
99 15
39 44
98 51
82 51
55 72
34 54
6 47
10 15
45 21
60 195
90 21
86 83
48 21
33 76
34 149
6 89
14 117
14 148
65 27
18 193
58 39
24 81
59 13
78 135
10 116
36 39
41 106
94 84
88 110
56 56
11 122
88 116
26 81
9 65
56 15
100 73
30 180
12 108
86 152
39 15
53 177
37 105
80 131
97 91
29 47
59 95
51 171
90 112
66 199
24 143
20 80
71 153
81 133
54 33
41 138
92 17
52 27
80 163
13 39
80 164
70 114
4 53
36 82
84 162
93 165
31 117
55 104
1 25
56 46
92 80
10 117
98 151
42 93
11 75
27 92
75 95
80 90
33 11
79 90
66 69
47 169
43 124
9 45
31 10
22 141
28 86
12 37
8 196
100 132
66 186
100 75
6 32
51 137
10 40
67 172
71 169
32 47
35 24
73 113
100 155
42 164
10 62
60 172
26 196
75 69
15 65
45 192
47 80
50 83
1 151
99 199
54 108
57 17
58 162
32 23
83 172
70 163
70 33
28 69
71 109
10 175
10 78
23 120
26 111
23 89
43 145
56 85
84 49
98 35
3 47
2 71
26 16
36 196
72 18
87 17
68 29
4 107
21 152
78 137
31 92
17 101
34 23
56 33
3 30
26 170
55 196
27 144
88 64
51 30
21 35
48 182
33 125
72 155
76 51
46 35
69 49
44 97
17 107
50 199
100 30
56 169
94 178
69 172
80 42
4 63
79 71
68 165
100 11
40 23
84 79
98 94
27 157
54 88
92 191
2 71
48 101
60 45
97 15
51 41
10 14
76 133
37 69
66 39
36 126
41 183
78 44
38 39
87 97
67 147
12 121
1 139
57 59
98 41
79 64
92 183
25 129
43 129
95 68
100 94
89 60
49 197
18 190
42 60
37 59
8 191
14 177
68 28
91 193
21 92
32 66
97 97
64 140
6 11
5 184
60 152
37 39
3 194
27 191
64 193
43 54
93 171
31 200
94 66
100 14
84 193
12 113
45 42
97 158
4 103
18 150
14 69
65 117
79 64
90 115
63 47
11 122
23 12
34 50
62 79
14 115
33 65
19 200
24 67
89 42
51 40
90 49
73 194
40 44
53 97
81 22
10 136
14 167
40 164
69 158
12 101
56 161
8 123
22 177
65 129
41 198
58 81
97 30
13 148
23 88
4 99
49 190
13 122
10 130
72 179
13 145
86 19
13 187
10 13
84 189
24 30
53 76
84 117
6 68
10 38
66 55
11 150
37 178
20 192
21 168
50 177
22 28
15 183
28 124
91 165
28 184
69 49
75 171
69 108
59 44
37 194
57 20
95 24
67 40
44 110
6 14
20 167
9 68
86 189
53 143
8 171
100 97
6 66
73 188
90 106
9 64
69 79
43 21
51 61
41 174
63 57
89 79
12 148
8 140
51 155
16 197
95 159
80 57
10 141
78 148
7 182
69 141
53 124
6 137
22 129
21 93
42 114
93 198
15 161
64 45
18 166
56 177
4 143
87 128
7 160
64 134
32 144
18 112
89 67
18 83
68 37
21 21
31 192
20 115
10 177
19 104
85 106
67 34
64 86
29 65
45 170
99 115
80 97
12 71
70 12
39 160
73 143
81 76
82 125
37 97
100 112
16 20
49 163
11 134
2 31
49 141
29 162
20 130
48 39
59 80
33 103
3 194
54 160
49 181
51 29
10 49
3 76
100 128
63 170
43 52
91 181
18 71
36 164
96 168
83 110
98 197
77 53
48 10
1 74
42 42
7 58
43 83
48 168
41 142
72 199
3 81
57 94
22 162
100 166
7 23
67 56
37 177
84 146
33 191
17 14
27 45
31 39
69 166
22 119
48 100
90 192
19 27
9 126
97 168
75 156
1 186
91 124
100 54
10 191
87 177
99 141
68 115
31 36
44 76
29 17
13 152
58 67
77 162
33 66
55 187
63 187
89 35
56 23
31 16
77 139
63 82
10 64
99 79
28 28
85 157
97 115
38 48
43 15
4 21
8 26
65 25
32 167
1 121
55 67
6 18
38 175
17 37
95 173
65 82
74 137
25 86
97 185
96 155
22 123
18 125
81 53
17 26
84 66
82 29
87 22
9 21
46 188
82 15
91 34
84 18
38 156
1 162
8 62
76 74
1 191
89 24
73 83
42 188
27 39
56 148
43 122
6 160
83 48
85 36
75 20
79 182
15 10
64 36
1 125
56 107
21 17
66 29
40 141
23 157
89 192
24 160
33 169
82 13
6 25
49 97
11 11
36 152
14 94
23 144
59 81
72 152
3 71
18 26
55 131
53 190
33 85
34 97
88 54
94 93
52 108
31 101
31 193
22 41
68 57
1 21
24 189
1 104
75 149
42 63
66 50
89 136
27 164
77 41
88 59
66 140
52 39
62 73
21 58
35 185
13 138
46 72
79 16
46 160
36 140
82 134
58 177
50 137
98 66
70 80
77 115
7 26
9 155
12 10
34 83
17 125
97 185
31 38
49 10
43 156
10 112
14 10
91 171
14 119
55 187
51 67
7 170
80 131
86 76
51 194
10 78
91 49
58 79
19 154
49 40
52 146
36 14
45 169
55 31
55 52
92 128
61 17
55 83
78 133
59 120
53 191
28 31
71 190
34 132
22 146
41 176
88 194
35 54
78 113
93 175
82 135
52 20
53 105
81 65
66 128
73 180
85 36
60 95
85 193
35 28
17 162
48 158
27 79
28 105
89 68
34 128
21 39
84 62
70 168
55 66
21 172
67 173
32 88
56 19
77 76
46 29
60 105
66 143
50 125
29 174
68 69
6 145
91 173
52 79
62 141
26 87
37 41
11 62
20 38
36 19
25 10
6 149
53 143
37 146
70 23
80 93
82 146
57 112
30 101
39 148
68 184
58 22
36 100
95 110
75 199
7 126
32 163
5 65
16 197
24 191
89 128
70 74
89 175
47 40
10 122
5 106
33 27
6 37
39 90
40 131
64 38
92 30
35 130
57 53
5 27
48 102
43 168
89 115
80 72
58 136
7 11
41 128
95 112
71 90
43 167
64 126
89 152
85 72
89 151
100 183
40 11
17 197
76 43
76 71
77 36
69 163
55 147
70 175
12 35
76 195
55 62
64 98
60 136
9 53
66 181
63 150
75 53
21 100
98 147
88 101
47 178
54 110
61 191
47 143
48 120
37 197
40 99
51 112
12 84
11 153
30 190
65 34
79 127
31 164
79 142
76 72
83 194
40 143
97 152
16 25
98 118
50 102
20 146
7 107
10 93
52 45
29 29
81 184
67 95
47 73
24 120
79 97
97 148
89 147
55 144
54 191
89 66
67 108
86 48
95 140
94 145
41 118
60 139
34 107
23 30
55 37
81 37
11 26
81 161
45 77
87 56
70 165
6 185
97 53
67 89
87 196
11 98
57 138
56 117
66 111
95 178
44 133
30 183
91 80
74 43
99 95
95 193
3 194
90 81
92 83
6 68
44 43
94 56
18 198
36 24
21 52
70 92
15 138
14 125
46 45
4 144
18 179
15 122
67 158
74 29
59 166
96 129
20 187
21 72
40 70
88 131
16 64
16 90
61 172
40 21
65 190
39 37
2 79
48 12
99 132
87 45
52 64
25 11
14 191
17 55
40 79
11 158
24 110
20 150
39 126
27 19
24 178
2 136
93 100
87 180
47 10
88 74
96 63
73 55
45 198
48 149
31 185
84 195
39 182
80 187
2 82
24 129
61 62
1 12
18 125
86 73
66 14
75 75
94 52
27 51
81 16
55 166
60 24
7 166
60 92
95 53
