800
27943
71 103
85 100
71 48
45 61
19 177
80 155
65 171
54 197
1 58
60 93
70 40
78 117
46 190
11 78
87 98
14 121
71 24
9 119
24 162
87 192
59 194
4 130
53 87
48 149
97 200
86 40
13 74
88 110
1 174
62 39
27 83
16 60
77 146
69 195
24 169
16 86
50 169
26 151
36 142
30 151
51 67
8 73
92 162
53 70
64 99
87 91
58 133
46 104
61 99
47 139
38 161
92 123
40 75
22 190
16 122
22 12
69 49
48 199
18 24
37 120
66 143
48 159
69 71
29 83
45 172
83 152
35 155
1 30
17 161
23 192
100 176
20 180
78 192
77 40
51 25
50 121
4 183
33 20
19 195
81 19
38 113
13 192
24 136
6 126
83 59
52 65
43 144
30 133
97 103
41 187
52 11
8 79
80 52
62 102
23 30
32 117
4 64
45 193
83 101
81 36
6 129
63 68
30 154
43 98
50 74
56 67
54 108
93 152
37 198
25 48
14 117
14 123
86 101
32 78
35 191
64 133
9 11
43 158
93 87
1 71
69 109
23 41
13 119
74 16
49 145
9 121
56 47
70 39
53 181
99 65
32 65
93 71
30 184
18 125
71 122
2 65
47 157
18 15
78 129
14 127
26 28
50 179
30 97
18 17
15 36
50 183
77 77
68 46
18 149
21 22
89 151
94 136
78 160
94 194
36 96
48 33
61 131
75 155
65 80
35 77
52 50
38 78
54 165
87 95
11 13
67 39
3 79
12 114
37 162
66 50
80 59
45 129
92 45
71 24
48 65
5 148
16 167
15 148
98 169
13 30
33 26
86 112
45 140
95 74
61 43
7 18
55 110
37 71
13 46
46 116
79 31
83 134
42 166
41 83
75 145
16 82
88 84
60 114
36 195
56 111
68 79
13 69
21 30
37 59
96 176
14 164
7 61
15 103
37 71
80 77
98 10
39 78
66 48
30 158
14 181
28 108
62 167
4 45
98 13
22 120
61 14
68 31
100 40
84 119
80 14
44 29
53 139
48 92
46 34
97 156
16 123
60 141
95 72
73 128
27 112
4 153
57 169
85 125
8 82
16 14
89 46
34 63
67 145
3 11
14 176
87 58
74 153
96 104
9 54
77 19
8 192
65 83
96 58
15 54
55 77
93 131
11 158
27 191
77 141
5 198
75 167
32 107
73 80
97 177
26 39
86 149
64 132
89 199
89 93
4 28
26 168
46 98
73 67
57 151
46 185
78 103
80 197
95 62
21 124
48 122
31 121
54 75
77 163
42 74
43 146
96 123
82 146
44 113
57 165
38 101
86 102
19 83
50 124
14 153
79 56
14 186
95 182
68 61
47 108
62 152
59 128
73 182
64 160
68 52
34 127
95 154
14 167
81 22
14 52
98 45
2 66
70 70
91 80
8 31
24 94
94 193
88 100
78 66
38 159
76 140
29 25
26 10
23 67
28 12
40 95
37 116
42 41
86 82
56 97
85 178
68 170
33 19
84 12
64 160
18 69
55 25
39 53
70 93
95 51
21 126
85 15
63 166
63 194
95 158
42 52
94 88
79 66
13 154
28 119
39 126
33 45
73 168
77 84
15 115
8 176
80 147
37 158
26 49
18 95
94 116
11 198
46 99
52 137
2 189
37 72
30 14
74 118
1 114
83 132
5 107
2 25
72 119
74 154
25 47
32 15
50 70
19 16
9 29
6 162
46 106
46 20
43 197
85 104
45 30
48 73
93 13
35 137
77 84
15 59
45 98
53 93
26 164
52 139
32 133
38 98
19 76
86 197
46 21
32 64
50 88
14 72
83 36
92 101
77 60
92 34
57 102
12 100
16 91
42 62
78 200
45 17
23 170
14 45
43 69
10 64
14 48
80 92
30 121
96 80
31 174
10 173
25 45
43 84
5 21
36 141
40 107
81 92
86 69
59 198
74 81
46 100
62 128
89 101
21 189
57 136
68 71
28 192
67 46
16 79
24 180
54 128
64 48
77 146
20 21
13 198
6 97
23 101
45 170
20 120
17 81
32 129
58 12
28 44
29 36
29 128
45 117
84 89
58 121
88 19
71 83
31 22
50 132
2 81
91 79
54 23
78 64
29 91
17 98
13 15
15 124
15 128
64 51
81 158
6 150
19 65
32 40
89 198
65 11
76 188
85 104
60 134
38 87
7 17
82 39
77 16
27 21
8 183
24 194
99 184
64 25
66 176
49 77
39 16
96 30
8 136
98 85
43 37
83 175
27 148
14 105
19 79
61 104
19 17
29 56
18 123
74 79
40 91
84 43
27 49
93 62
13 60
41 76
11 101
58 148
4 85
81 134
23 54
9 13
75 35
92 115
17 136
46 77
8 124
78 37
14 95
63 54
16 185
81 131
12 72
90 96
6 115
64 115
76 124
31 30
72 116
80 27
34 90
63 148
8 136
63 149
49 94
8 120
57 189
71 111
86 190
39 173
50 40
42 158
69 139
15 190
84 45
94 161
77 108
54 135
95 75
84 12
51 98
92 117
70 71
41 13
87 132
58 195
53 16
8 122
17 148
17 65
86 161
38 62
14 139
96 137
51 76
67 169
43 152
96 150
15 124
10 116
21 96
87 92
69 50
53 173
69 137
93 103
40 25
27 33
20 189
71 30
27 51
87 200
93 194
2 180
76 128
58 119
49 108
53 157
94 163
82 36
45 200
95 11
90 158
93 36
11 150
63 179
54 164
94 193
10 46
64 173
13 133
14 19
14 115
12 41
49 170
11 130
52 100
80 27
16 84
15 191
13 99
10 186
79 32
38 120
45 195
8 130
94 73
6 156
31 27
81 45
31 127
82 67
31 37
67 200
7 14
52 104
38 197
84 153
76 156
44 74
44 178
17 71
55 24
31 147
94 172
27 193
47 198
64 176
83 38
12 65
86 174
11 192
91 96
41 182
81 157
92 130
13 54
54 97
65 50
83 30
52 154
39 70
6 50
71 200
29 165
35 152
56 152
1 110
73 50
89 91
94 17
49 110
28 48
57 23
4 119
1 118
7 48
59 82
9 147
69 60
44 122
57 70
97 73
30 128
33 12
33 41
20 23
99 123
64 35
81 46
52 189
76 192
68 185
96 28
82 91
99 96
26 55
95 140
81 91
93 189
98 45
33 51
67 96
32 50
62 70
10 27
93 165
75 77
37 25
96 62
19 198
82 110
41 176
68 182
51 175
95 197
61 60
35 31
77 118
25 185
17 166
14 189
16 28
35 134
51 19
98 113
60 117
54 193
4 53
56 128
1 117
68 82
53 104
29 46
31 13
85 63
12 187
79 50
54 27
61 71
46 64
48 152
78 123
69 158
33 164
71 81
28 36
21 142
59 163
68 140
74 72
90 154
56 117
78 104
3 82
95 167
92 196
95 77
12 10
39 177
40 67
86 101
87 139
90 21
27 137
13 13
17 77
79 32
87 67
18 26
81 29
98 38
37 163
44 62
96 97
43 39
93 155
69 195
16 29
14 62
21 91
50 166
61 192
45 175
65 88
31 190
74 16
97 11
30 87
98 135
43 21
69 172
22 43
82 47
64 129
13 143
64 106
23 29
94 83
88 42
38 101
35 99
14 23
49 42
