800
27477
1 137
16 16
9 75
71 42
73 112
41 193
88 196
66 100
9 134
21 160
92 77
84 43
5 172
60 54
58 161
46 185
72 120
9 54
12 181
35 61
44 166
99 102
7 69
65 172
69 77
90 74
24 104
77 148
82 178
74 39
6 120
85 131
5 141
17 79
31 10
50 158
62 175
72 129
87 123
97 33
16 170
24 86
6 135
49 50
94 109
7 65
76 172
27 115
2 61
6 34
97 200
37 91
50 19
71 161
29 80
29 177
62 27
56 18
44 148
15 53
75 198
63 97
55 19
48 68
53 79
49 178
29 14
97 143
86 55
31 34
23 65
53 55
85 126
28 13
43 168
58 180
70 48
74 184
76 51
68 140
37 19
30 11
44 28
48 56
77 34
67 127
16 192
71 185
53 106
77 121
34 25
82 175
74 60
28 146
29 165
17 21
40 188
89 158
75 36
59 40
23 88
32 71
41 71
16 132
98 11
10 198
34 118
72 93
75 184
31 87
65 89
72 104
40 66
69 34
27 110
100 96
11 53
46 47
49 66
60 103
81 175
85 48
78 18
5 21
60 123
47 122
36 150
5 186
14 90
9 190
45 126
72 74
85 95
16 193
15 170
70 129
95 55
68 76
67 185
59 196
16 119
76 153
12 113
98 19
5 124
27 59
19 150
59 153
52 51
27 121
47 68
41 188
64 91
12 69
2 188
77 70
95 116
14 197
52 186
72 72
14 68
51 185
95 53
71 143
59 70
35 164
56 61
80 11
91 34
9 26
36 27
34 54
79 88
45 11
41 92
77 129
58 21
52 53
32 181
93 162
11 173
24 71
46 122
73 27
82 110
53 72
95 74
53 117
100 90
17 16
80 118
100 15
41 94
12 15
59 110
30 135
58 143
61 187
54 194
92 80
30 176
83 122
31 100
28 100
68 119
51 194
53 39
40 64
94 167
96 149
78 163
70 99
24 59
22 86
7 146
96 44
84 190
45 161
45 162
90 141
53 90
36 85
31 16
88 80
42 51
66 167
71 68
24 90
4 18
16 65
42 27
64 127
55 196
22 85
35 198
85 138
70 10
50 12
70 142
83 151
22 174
90 75
52 188
92 76
100 115
71 97
33 151
23 197
28 101
86 151
14 148
96 80
19 58
73 150
33 44
72 145
34 189
1 153
18 75
14 36
35 183
30 118
85 159
15 150
4 106
20 42
58 120
74 193
37 119
27 64
10 187
45 93
48 11
47 171
49 174
35 98
91 171
4 54
31 197
52 51
40 168
63 63
23 121
15 31
94 167
1 105
65 190
74 38
38 114
89 21
10 85
61 54
38 104
28 53
98 113
9 172
33 115
26 188
90 24
40 66
4 102
11 18
78 168
23 179
78 58
96 153
96 170
29 70
82 89
85 60
81 14
9 49
94 135
20 98
78 68
32 118
84 60
39 186
16 45
72 107
52 98
80 195
81 94
63 22
3 105
29 175
80 174
50 99
65 191
70 116
86 49
66 89
25 174
12 73
92 182
2 60
45 61
35 31
14 141
55 26
14 35
75 169
44 11
12 160
28 194
36 85
6 198
3 29
9 45
56 70
65 154
97 112
36 163
13 30
13 40
18 159
8 41
86 156
83 39
16 16
59 59
12 99
64 182
71 13
39 137
90 169
22 187
14 57
67 48
7 112
7 178
72 41
28 44
32 44
85 36
61 95
74 138
42 122
26 162
12 123
21 40
98 114
94 171
56 80
31 154
63 41
82 137
7 94
23 122
41 148
98 176
9 140
12 197
12 134
40 176
24 44
51 164
38 16
67 181
25 31
20 146
8 108
70 188
67 178
30 197
26 188
26 97
55 150
22 103
53 116
40 43
53 103
59 110
33 163
18 113
77 58
100 61
6 164
38 111
14 86
41 69
6 35
75 181
35 65
78 17
29 178
83 81
93 19
54 109
97 126
48 53
44 24
45 57
17 190
28 13
25 106
93 84
89 168
26 177
30 187
1 197
30 143
53 52
32 36
27 74
37 132
43 144
78 107
95 188
9 176
97 197
55 183
41 33
71 67
56 52
2 153
14 106
48 46
93 66
7 162
59 10
99 16
28 50
51 175
76 123
47 189
97 162
35 104
68 35
81 134
78 90
26 183
93 192
66 81
12 91
3 71
86 135
86 49
53 10
72 153
44 41
51 150
69 89
45 10
61 32
41 16
43 163
55 103
59 115
22 127
9 92
58 159
64 66
23 108
62 152
66 123
92 133
27 171
70 121
12 200
33 110
86 90
42 159
79 74
64 15
94 63
79 113
20 25
90 17
89 158
13 63
77 75
74 126
61 20
8 34
85 127
11 17
86 97
88 152
23 57
22 144
50 41
36 20
8 198
37 90
94 26
63 59
23 164
99 97
3 118
26 135
44 121
63 80
33 179
91 21
32 19
25 103
27 20
17 161
20 155
29 67
34 106
7 32
74 34
45 163
90 127
81 68
72 195
2 167
30 26
6 136
98 32
12 67
73 21
2 145
45 145
33 151
85 14
97 190
87 179
31 111
74 26
72 186
71 59
20 46
41 42
91 162
77 146
20 88
15 33
14 68
29 75
5 107
69 93
95 141
69 83
21 25
95 115
72 62
38 42
3 91
54 39
17 75
41 165
83 51
97 51
38 57
41 105
31 123
66 100
12 51
84 117
79 73
41 64
100 151
83 146
76 134
89 153
5 59
23 149
29 192
33 165
21 154
91 199
38 60
100 161
92 164
96 18
59 151
63 149
2 194
11 27
25 181
31 47
7 133
5 50
6 167
42 195
84 42
52 72
95 47
62 73
73 87
61 167
45 26
85 190
74 20
44 161
56 57
9 138
15 187
84 82
11 15
89 146
22 73
28 174
85 41
18 95
85 69
37 39
25 96
50 95
82 140
5 105
25 140
85 173
19 131
92 29
63 58
14 20
17 36
32 17
64 151
44 86
42 146
68 195
20 169
77 26
42 156
43 61
7 62
8 194
80 67
94 54
58 26
64 62
28 178
14 38
94 124
52 145
58 122
67 124
38 188
49 72
84 24
27 93
37 47
68 197
69 197
29 57
77 167
7 173
8 162
82 16
64 163
42 155
66 94
74 194
90 140
5 104
75 74
67 171
91 198
14 79
9 180
47 164
82 58
66 137
91 77
89 91
79 148
42 75
55 97
25 23
30 170
78 105
39 80
19 164
33 134
74 187
85 128
71 134
54 162
19 172
2 165
12 46
47 190
82 90
5 94
90 15
59 80
25 105
24 132
4 80
8 20
43 58
63 106
64 99
25 136
23 179
48 100
86 44
21 151
45 165
60 52
16 62
44 186
3 14
65 177
19 66
1 30
67 42
69 126
27 24
54 74
7 85
23 48
40 21
52 127
56 45
74 164
40 97
10 16
46 18
6 29
63 79
36 59
96 176
83 158
85 118
93 22
88 32
92 137
85 132
91 82
55 166
9 12
24 85
46 99
77 112
11 148
47 93
52 163
39 23
90 73
18 166
94 149
56 133
2 172
6 65
96 63
2 166
11 173
37 153
79 59
30 193
24 20
27 154
4 94
79 154
45 182
78 177
16 136
79 72
59 56
98 164
3 140
60 16
22 82
67 165
