800
27430
55 58
57 125
71 167
16 198
81 146
58 70
70 200
53 71
96 46
75 28
63 144
5 25
30 51
13 22
51 50
51 39
46 155
78 136
62 101
40 26
64 49
94 139
48 46
23 167
59 34
81 123
19 27
33 99
39 129
24 132
2 24
74 46
27 107
42 118
54 158
27 37
57 144
2 188
25 135
27 169
49 40
14 17
13 39
8 36
60 178
4 30
5 56
14 101
89 198
35 140
26 58
6 43
57 66
57 85
25 50
8 63
18 117
64 60
89 148
94 74
40 82
89 13
92 194
57 154
21 141
57 116
9 126
30 68
58 43
84 148
54 78
29 95
31 157
30 50
57 53
21 150
42 96
81 45
53 176
5 115
31 133
62 125
53 55
79 165
4 144
96 189
56 13
64 36
10 133
44 27
67 174
6 24
56 114
67 175
40 153
51 145
86 21
41 66
85 149
44 192
19 61
40 96
39 190
26 43
26 46
73 48
16 19
59 158
16 83
55 69
72 40
24 111
18 146
95 64
11 172
42 14
72 99
96 146
10 52
87 164
86 38
39 193
21 125
60 34
70 150
5 32
60 92
44 23
49 95
63 198
30 109
94 50
21 17
93 184
63 80
37 110
59 31
4 141
21 38
22 87
59 54
85 184
34 116
44 24
81 87
37 34
83 64
51 147
78 40
77 62
96 121
27 156
92 97
85 115
47 53
15 126
45 141
13 180
93 79
7 26
7 84
31 152
12 159
75 136
73 104
88 97
69 121
60 10
75 156
34 49
20 151
90 38
49 114
38 141
51 132
66 40
87 189
40 35
59 134
61 51
27 117
95 105
89 114
69 150
95 43
42 147
25 16
52 26
44 161
91 16
16 120
20 151
41 116
43 61
69 104
35 111
21 186
45 174
50 144
26 178
32 30
6 27
2 64
39 83
49 10
83 161
50 22
10 45
16 124
9 42
42 67
72 194
84 129
58 20
83 200
57 21
50 196
31 27
19 122
53 136
84 172
77 168
77 83
17 93
59 86
44 151
81 165
95 12
73 101
45 78
69 83
76 57
26 67
87 147
60 65
88 11
24 155
98 43
64 152
16 70
69 199
33 112
90 101
4 117
70 132
72 28
65 61
29 83
81 145
97 187
93 28
14 61
11 20
26 22
50 46
55 198
59 25
28 12
71 64
78 183
66 195
38 12
90 102
61 64
38 96
92 11
63 78
64 83
75 36
16 60
53 77
84 20
92 127
37 150
72 42
1 200
77 145
11 52
21 96
85 113
92 150
90 52
53 35
69 55
100 63
12 61
20 123
14 164
25 127
48 14
28 77
76 106
37 190
71 57
52 189
77 156
5 120
36 33
70 102
97 107
6 91
83 166
56 200
30 30
33 126
61 116
58 50
51 35
17 87
12 133
62 179
76 147
3 110
79 23
13 108
47 27
80 116
51 53
94 145
20 87
39 65
58 97
56 28
36 142
37 10
50 143
49 187
9 177
17 167
3 100
52 128
39 98
11 26
48 25
54 45
72 95
20 167
68 71
31 137
37 99
89 151
95 142
72 188
19 172
9 108
88 57
92 108
58 130
86 171
56 150
29 152
85 24
24 74
85 140
48 49
73 73
61 78
23 64
53 58
17 52
44 190
44 189
53 99
5 25
84 25
81 41
69 18
38 142
62 27
71 99
19 91
14 35
72 75
10 97
92 10
39 61
62 50
55 30
29 64
92 52
33 15
11 130
93 174
85 177
9 167
15 180
86 58
4 176
3 138
82 111
47 10
33 27
77 15
4 78
67 111
45 181
61 111
5 142
88 158
1 134
80 154
84 70
62 28
4 33
46 184
4 159
17 166
34 127
85 110
16 133
25 107
56 79
17 44
71 18
50 51
54 172
20 166
15 115
63 36
16 55
40 29
1 35
95 91
90 12
4 97
67 56
44 91
36 73
80 120
67 140
3 76
35 48
62 100
10 35
94 24
27 165
35 183
17 93
25 192
63 199
8 80
21 182
11 78
25 106
41 20
93 184
64 73
5 102
100 165
71 18
32 175
46 190
37 130
92 164
26 28
79 108
7 38
31 159
22 89
98 33
72 110
18 140
85 99
4 79
37 55
37 88
57 192
45 145
79 100
1 122
26 120
64 80
20 111
65 109
42 134
27 24
65 172
82 151
37 136
79 87
43 82
57 126
82 107
100 99
79 129
88 75
54 65
20 42
84 13
2 20
77 53
42 199
68 53
37 40
80 161
69 133
84 137
71 89
35 32
40 88
24 134
69 102
46 103
92 53
63 150
49 129
16 65
47 171
81 50
71 129
66 90
13 84
68 24
25 105
35 100
86 175
31 137
46 189
13 134
71 171
97 144
24 109
10 29
35 127
47 142
62 36
30 82
18 128
57 115
91 199
20 122
11 181
45 168
62 89
21 86
89 100
38 16
68 191
11 185
57 93
15 103
20 104
21 140
40 114
2 126
25 86
72 191
78 135
13 126
86 157
26 24
52 61
41 115
21 153
47 26
93 158
89 196
56 29
15 83
33 162
39 128
27 122
92 45
3 11
87 87
41 183
29 90
67 119
37 79
21 39
60 178
74 38
50 56
42 134
63 142
9 159
4 57
43 30
77 143
1 187
12 180
46 167
89 172
100 156
49 166
74 87
73 123
4 165
68 72
97 28
30 18
67 139
21 123
65 117
37 170
52 44
38 153
15 43
42 175
31 199
7 91
45 97
36 79
39 16
80 198
59 106
69 100
31 114
1 103
72 91
19 200
47 149
15 32
63 195
91 21
45 71
4 41
17 100
83 50
65 69
65 111
91 40
76 176
57 34
8 99
76 150
78 57
63 98
20 87
77 166
99 59
12 162
36 156
75 101
76 172
26 45
82 49
70 125
93 130
51 154
54 191
1 80
43 184
9 137
60 175
83 64
50 55
13 172
96 79
60 152
65 148
58 13
5 122
9 186
83 30
56 188
44 18
71 40
39 145
8 155
9 106
82 160
14 125
40 128
56 35
35 79
23 159
70 69
18 126
61 182
52 99
47 18
53 117
32 115
99 157
45 164
22 153
90 128
80 56
56 145
88 65
39 114
6 98
35 18
18 114
55 109
54 91
95 141
66 145
80 43
32 59
51 71
80 101
35 114
97 182
27 154
85 23
43 31
88 103
23 111
62 130
24 58
31 66
47 50
30 190
24 176
88 180
62 159
18 155
67 95
78 88
4 103
17 32
89 146
18 165
44 65
32 136
51 148
39 187
64 169
85 104
56 146
68 13
100 103
77 10
19 121
11 189
88 124
85 158
47 51
50 80
38 95
47 45
14 44
15 14
80 191
100 27
58 91
39 126
35 37
41 163
79 184
40 194
40 20
14 169
40 172
99 15
68 37
82 154
51 70
26 66
22 17
89 74
6 168
91 166
76 144
4 44
30 18
47 63
77 64
43 45
90 105
69 68
69 96
44 139
21 181
54 199
44 160
30 62
28 140
3 99
35 14
14 112
77 43
2 132
7 160
52 186
41 156
7 67
94 82
49 177
83 153
68 65
31 157
69 130
43 107
43 21
19 152
48 198
56 149
24 115
56 123
86 74
92 49
29 80
11 64
59 58
73 117
37 20
6 75
