800
28126
22 77
89 182
75 194
99 24
43 161
98 193
61 197
16 166
37 141
26 71
5 152
40 52
15 68
3 55
45 54
15 185
1 169
69 15
83 66
24 82
96 194
28 36
99 84
11 190
96 150
41 24
71 196
84 29
30 178
80 58
91 180
75 181
46 40
75 38
18 151
13 181
8 98
46 23
57 48
46 29
85 52
5 194
45 27
61 80
91 56
83 129
2 66
100 190
38 178
56 75
25 190
37 93
15 161
62 183
15 141
62 126
31 63
56 92
75 121
21 164
20 13
45 200
69 179
40 138
9 12
35 123
96 16
50 41
77 145
25 43
22 33
88 103
24 132
4 177
29 111
15 133
10 47
90 118
23 154
26 163
21 21
14 45
13 199
93 134
31 74
67 182
98 176
76 17
30 107
37 99
61 125
6 31
37 78
58 112
79 147
90 31
60 74
31 124
94 193
69 125
33 34
80 179
83 39
75 164
33 173
79 150
96 75
79 19
89 194
71 161
66 64
52 16
5 172
3 76
79 25
52 182
32 26
29 113
7 167
94 98
82 124
92 58
82 37
8 198
45 43
78 109
94 198
27 90
7 92
22 55
20 65
69 89
15 167
93 163
18 173
7 16
77 59
25 38
79 108
16 65
56 148
33 23
3 120
88 188
37 109
45 130
20 126
9 21
92 182
47 133
19 175
47 28
38 108
2 150
16 16
92 160
87 81
62 141
56 117
46 122
57 31
30 40
69 94
8 134
53 197
67 133
70 69
32 67
33 46
73 178
62 119
13 96
61 81
55 123
11 128
2 187
53 89
60 78
32 73
64 10
61 59
81 37
2 155
97 166
88 39
81 125
92 58
13 119
58 106
47 173
34 84
1 80
84 131
31 164
31 149
30 167
22 144
35 108
86 160
46 46
37 136
14 72
56 130
54 191
18 43
30 130
95 29
60 40
9 102
13 45
76 54
26 172
85 132
17 198
22 200
7 19
77 131
61 86
31 127
55 132
4 14
47 48
4 122
5 104
17 170
75 165
6 169
37 160
27 19
88 111
81 129
20 60
53 72
49 58
3 136
12 140
64 131
25 85
31 39
76 67
38 25
96 35
59 131
34 99
55 59
69 84
66 67
22 187
41 190
1 173
10 137
84 79
52 157
82 156
62 161
48 33
59 122
25 137
61 118
70 172
7 80
39 127
28 82
57 167
74 143
58 158
15 30
67 105
50 132
75 46
41 66
6 140
23 195
34 181
49 119
9 50
68 200
93 58
97 88
92 142
61 154
28 111
57 183
31 54
53 155
28 52
54 144
49 120
27 86
23 132
99 168
23 42
71 173
100 118
74 52
64 194
43 132
3 122
18 126
49 174
51 168
92 165
87 131
48 128
5 135
12 80
8 85
27 187
29 120
33 177
30 28
12 76
52 114
94 130
69 44
92 43
67 41
92 177
35 192
24 69
17 81
86 194
61 178
81 74
47 84
92 92
76 121
61 168
100 25
46 96
40 34
8 163
7 50
4 39
89 75
84 198
10 179
31 97
60 129
23 46
64 18
95 185
33 90
82 116
72 188
60 37
57 76
68 29
56 117
16 191
55 43
81 27
97 76
19 52
46 165
81 66
73 122
75 13
70 20
4 37
55 197
1 184
13 46
6 23
84 23
23 35
74 75
31 25
2 95
87 30
70 30
9 165
71 88
36 116
54 64
2 166
58 64
11 44
6 60
14 151
11 100
2 23
62 73
46 106
23 72
60 19
64 64
1 87
95 31
12 154
57 109
40 13
84 118
6 68
4 102
37 127
64 27
28 161
48 63
33 144
62 47
74 126
59 73
30 121
81 132
90 200
77 41
87 170
82 115
87 123
78 179
22 135
5 25
63 21
40 68
7 135
77 29
43 14
6 111
68 178
6 59
43 157
20 119
85 187
54 161
22 194
69 129
68 53
53 146
85 146
87 152
66 105
93 79
17 36
41 22
33 61
61 164
9 33
94 41
4 50
42 83
49 168
20 155
27 126
67 57
99 185
65 150
85 35
38 49
95 175
49 119
2 79
99 155
98 49
61 36
27 19
68 27
52 144
36 55
9 105
27 162
79 133
62 141
71 115
45 23
22 115
82 51
71 174
24 119
35 98
8 60
41 67
64 98
58 12
15 134
39 23
82 160
99 30
89 26
33 52
69 20
47 168
72 150
72 163
48 173
29 161
68 81
52 150
40 68
97 119
6 52
10 10
88 100
85 84
84 43
17 51
74 32
58 90
90 193
28 21
84 170
91 87
64 172
97 86
46 32
93 75
42 106
98 22
17 190
67 20
48 200
54 82
37 78
81 83
11 80
85 124
18 127
65 139
4 169
97 72
86 190
21 166
87 77
71 146
56 64
50 190
73 69
79 53
17 17
61 75
22 24
65 18
13 148
10 130
96 101
94 39
10 40
81 138
74 126
54 49
72 41
75 185
96 172
52 188
48 158
95 35
30 171
1 193
92 105
98 103
19 171
31 42
57 134
53 30
48 17
93 148
78 120
12 177
55 99
55 12
94 80
62 98
23 120
98 97
47 151
68 165
7 182
22 46
90 197
59 80
96 12
75 15
54 26
35 125
63 128
98 24
22 171
94 197
22 162
67 109
35 44
87 143
94 39
56 181
75 184
11 15
96 85
44 37
72 32
34 198
85 151
93 70
43 42
45 68
90 123
94 134
97 55
66 121
70 77
99 13
44 185
62 91
42 50
76 110
79 166
4 13
37 189
34 20
74 33
8 114
31 125
79 52
67 124
93 36
2 170
31 191
13 21
48 167
88 112
51 66
84 194
73 43
87 130
55 11
64 173
22 155
51 94
2 44
97 26
16 146
57 14
68 50
84 169
31 165
71 27
78 194
97 89
10 122
74 94
88 132
38 128
33 172
2 35
72 92
76 68
36 179
98 92
33 79
91 96
27 78
54 37
21 42
79 128
65 121
31 19
98 47
9 46
40 94
85 16
96 118
70 132
64 120
86 179
6 158
41 196
48 28
50 23
83 194
42 137
100 14
31 76
22 174
6 94
99 50
53 150
29 70
48 11
77 64
37 71
26 162
96 198
17 74
57 55
83 26
55 85
40 199
27 102
83 117
75 124
10 44
52 99
53 63
29 186
38 171
4 139
68 169
46 23
1 61
81 115
88 159
8 21
21 71
24 63
7 191
92 143
61 92
77 99
23 95
23 84
24 71
8 91
71 163
30 164
19 169
71 62
54 129
78 17
61 93
41 101
14 191
41 139
61 170
59 178
53 196
89 19
13 93
87 46
50 105
42 137
65 179
38 122
9 177
50 25
18 17
9 81
16 117
23 140
18 48
65 124
71 146
78 44
70 38
3 16
49 77
85 64
10 197
87 84
40 170
46 129
85 33
50 72
89 49
16 12
19 79
41 126
3 16
13 190
9 148
64 159
82 22
17 152
15 87
35 165
40 151
7 138
61 165
97 123
46 60
61 61
50 159
53 75
32 87
32 102
44 193
4 11
16 132
36 53
21 191
42 11
45 135
80 140
59 114
3 20
90 61
19 45
13 21
78 105
87 58
84 63
12 195
74 36
42 79
65 119
61 162
21 130
35 186
58 17
97 27
79 68
67 50
