800
27846
59 44
92 112
85 140
60 129
34 51
4 155
14 171
9 100
36 57
22 29
61 106
60 120
58 158
89 80
60 22
52 31
9 160
15 188
55 188
89 198
65 81
5 61
33 188
47 93
78 69
40 40
61 20
38 12
62 79
20 82
14 134
14 47
91 168
1 87
43 98
76 53
50 178
7 41
81 32
60 132
6 25
2 100
78 91
66 105
11 179
64 43
28 58
35 167
42 49
57 70
77 162
88 28
3 132
38 179
2 173
54 23
72 138
2 167
19 196
98 50
31 23
52 15
4 137
58 87
83 103
52 194
8 32
68 71
59 148
74 105
88 153
17 15
31 31
7 29
53 95
57 22
46 56
51 91
52 83
4 21
53 122
98 148
31 86
33 114
47 128
11 26
5 13
4 49
6 152
30 167
58 165
38 59
7 131
11 138
63 20
32 17
67 121
67 125
17 122
50 19
33 53
56 43
84 107
57 22
95 30
60 83
85 80
16 162
25 149
54 165
77 151
81 155
39 57
12 158
79 58
32 150
2 45
63 163
18 175
10 48
67 143
32 109
100 117
3 119
56 47
37 90
76 119
10 19
16 146
32 122
48 47
18 179
15 12
93 129
23 70
43 10
10 51
51 95
49 20
8 89
96 167
52 141
75 65
18 189
93 172
29 106
94 123
81 45
95 102
20 129
11 113
17 70
64 140
47 56
1 110
51 143
24 18
12 77
38 30
63 145
31 163
16 106
43 31
5 107
100 183
48 179
22 42
52 88
97 199
92 183
3 148
74 195
57 102
61 195
90 94
59 106
55 46
18 94
47 103
98 10
17 125
93 198
73 87
94 180
73 92
51 132
26 56
9 25
56 27
82 12
59 18
76 30
61 108
16 179
53 34
72 182
43 59
62 89
58 56
24 197
72 119
86 169
17 110
46 73
39 62
21 64
8 192
16 83
92 53
92 178
17 44
64 134
92 112
99 130
70 165
49 147
88 32
98 60
40 136
52 42
49 132
11 47
99 170
94 169
40 188
16 44
18 125
19 154
87 107
37 42
77 73
43 111
80 43
27 198
29 73
94 171
25 152
14 74
51 45
87 169
100 79
33 94
26 148
7 189
73 81
6 71
15 39
68 147
11 93
78 95
24 120
12 140
30 87
57 188
25 173
98 195
58 92
88 177
61 153
20 21
24 199
48 187
37 99
39 69
33 165
21 67
24 157
93 61
84 23
98 118
2 108
84 21
34 11
53 172
5 170
92 62
61 148
99 153
75 26
81 171
60 194
3 89
19 69
5 51
51 151
72 160
96 91
98 64
48 176
100 190
14 26
92 11
74 16
69 178
69 168
17 108
87 63
39 127
41 118
17 192
33 185
75 13
49 25
96 12
59 72
66 199
75 16
53 39
48 93
83 161
96 23
55 52
3 156
17 126
94 124
90 10
18 39
29 72
70 52
57 146
6 200
66 108
66 44
73 27
92 53
34 92
72 174
7 18
40 79
83 133
2 20
55 66
31 121
78 104
54 147
71 112
33 67
100 48
62 192
41 184
85 108
92 184
56 40
3 115
22 50
33 74
38 168
51 11
42 24
72 188
39 164
35 22
26 28
8 156
40 137
43 101
3 18
19 64
22 145
43 119
52 69
91 54
67 200
59 88
84 81
82 189
50 45
23 136
9 11
20 165
34 12
95 146
81 74
46 178
39 199
32 160
93 32
93 121
77 90
98 54
14 171
95 157
83 102
62 10
73 185
49 34
87 97
53 135
52 129
52 156
15 169
68 161
93 119
55 164
16 133
9 21
91 53
48 22
64 124
73 53
60 39
85 190
58 56
47 166
18 24
11 151
44 26
3 10
98 21
52 41
19 108
3 57
3 196
42 23
59 81
34 56
70 168
29 137
14 56
94 61
94 171
38 90
29 188
58 194
15 156
72 37
50 15
6 171
100 125
85 57
59 40
99 141
37 177
28 114
91 90
43 19
96 86
100 195
3 73
21 120
59 10
92 18
19 185
54 17
84 134
30 134
6 151
36 14
16 54
51 161
31 52
82 61
93 134
27 163
17 19
81 140
51 182
18 67
26 105
94 132
100 126
35 140
7 30
27 58
47 153
61 141
90 92
94 118
3 88
91 195
40 162
56 120
100 31
56 193
74 56
35 20
88 104
8 137
79 124
87 169
26 50
40 35
25 29
68 62
60 126
87 118
18 11
65 182
37 171
43 183
10 117
100 65
34 82
92 151
85 186
39 45
54 28
1 34
47 176
52 174
12 172
73 152
46 145
78 91
30 180
7 63
38 81
33 104
79 116
25 127
6 109
13 79
96 98
45 152
59 75
76 45
5 150
18 163
99 15
12 54
57 20
95 124
56 180
4 106
34 142
38 127
95 161
3 86
10 109
27 22
52 184
7 196
91 109
13 172
79 156
21 160
53 106
17 28
67 33
69 182
49 121
35 127
74 147
42 149
96 92
48 108
97 128
70 25
21 115
82 122
18 132
17 94
18 116
70 156
14 136
32 28
87 180
6 54
11 69
37 72
9 141
60 53
81 94
13 16
60 10
56 127
95 128
82 152
3 83
75 123
86 39
55 190
52 109
24 185
36 89
26 188
89 154
7 166
51 125
33 71
93 90
58 172
14 169
25 59
47 38
85 113
57 24
76 80
23 193
73 78
47 93
90 196
63 76
65 35
1 83
40 195
50 119
40 115
96 138
25 44
4 24
22 136
82 42
72 105
46 58
61 137
43 81
89 122
63 181
27 95
57 182
87 183
24 27
31 84
23 90
9 85
12 182
73 14
38 46
34 169
25 190
67 200
55 147
53 67
8 136
83 132
15 79
43 112
2 88
45 29
9 25
30 92
55 74
15 149
20 74
79 189
74 130
71 181
3 157
97 175
8 22
48 162
74 75
25 37
96 111
94 58
15 148
72 163
70 174
9 154
73 192
82 35
70 115
14 19
47 150
91 154
32 140
83 157
18 109
69 112
86 17
61 116
89 18
55 52
40 105
11 180
89 192
42 145
63 145
43 166
67 59
54 151
98 84
64 56
3 91
74 99
52 198
81 64
60 95
73 56
40 15
59 100
38 105
66 49
91 22
93 40
37 161
4 44
27 48
44 144
84 136
75 73
41 12
82 60
45 68
25 159
63 20
76 59
64 84
91 35
49 60
47 71
32 69
27 90
15 67
63 174
44 30
86 125
1 68
28 192
18 164
84 14
100 122
49 21
8 147
20 157
65 93
32 181
17 185
10 173
72 147
56 30
78 127
82 122
53 174
29 27
90 187
52 58
5 103
23 116
6 57
100 98
29 111
95 148
80 162
88 29
82 51
97 68
64 149
45 183
48 106
51 92
52 198
63 19
9 81
68 163
7 18
10 191
26 143
18 29
47 17
55 174
29 163
52 137
94 168
48 62
41 64
92 28
23 74
68 81
16 89
70 199
73 165
94 47
31 54
10 166
33 165
90 181
37 97
69 199
96 70
7 12
56 121
57 186
69 143
61 28
54 125
87 174
91 108
3 58
1 117
37 116
81 95
47 137
82 115
63 181
13 59
68 181
78 124
3 106
26 113
97 76
14 182
30 78
69 143
80 132
25 164
31 29
36 159
59 25
