800
28763
39 66
53 177
4 68
70 130
59 24
23 15
15 21
34 37
85 90
100 133
7 112
74 164
34 21
87 30
52 39
96 94
45 102
17 44
47 197
3 197
43 26
92 107
72 175
2 122
7 16
39 173
81 175
72 172
95 105
30 119
77 159
54 26
83 126
36 29
93 117
98 191
95 83
58 39
16 34
14 142
23 14
56 111
10 31
45 107
2 23
57 45
64 59
75 113
33 88
98 32
98 112
100 142
62 101
72 73
93 103
24 123
92 191
36 159
47 191
1 90
31 149
13 137
6 35
49 42
73 76
71 200
92 196
54 50
100 162
71 133
54 145
3 147
94 74
72 63
26 20
10 125
70 21
57 181
47 116
70 197
73 174
55 132
93 113
96 64
48 14
81 103
15 99
60 60
51 146
96 101
91 158
9 184
57 139
33 150
100 13
44 100
9 155
73 75
6 99
28 37
85 40
18 148
78 141
8 22
95 17
95 124
49 22
1 117
19 138
73 33
35 195
72 41
39 73
59 16
89 16
8 81
18 190
56 183
59 21
23 83
21 22
38 151
90 32
9 31
64 120
88 27
12 166
42 55
8 121
94 197
99 18
26 138
45 22
96 130
89 34
33 20
94 37
77 157
37 62
30 107
87 89
80 17
2 156
83 172
5 49
34 94
1 151
6 159
50 126
99 89
14 105
4 117
36 184
68 83
68 133
46 134
19 65
55 179
38 200
43 120
51 140
88 155
68 160
79 61
84 92
24 146
62 140
63 104
61 100
67 176
62 10
30 187
88 11
53 112
59 158
21 106
47 23
88 96
36 136
90 110
68 144
24 100
20 13
8 179
7 91
39 32
17 77
10 72
38 66
67 38
84 177
18 97
43 197
5 144
48 28
78 119
81 72
52 157
76 55
63 196
5 84
43 59
93 167
28 115
45 13
4 166
76 175
56 179
73 50
64 176
57 193
85 28
72 137
25 26
66 34
19 169
39 85
38 129
34 54
60 131
93 197
11 11
43 158
3 180
9 123
3 88
26 42
39 64
65 13
94 122
87 163
12 86
55 154
55 67
1 180
31 123
54 154
52 75
23 129
71 178
79 94
24 157
68 21
69 185
75 91
73 18
20 32
94 89
59 165
94 193
94 48
85 123
27 29
56 57
7 67
21 88
7 62
97 152
98 153
91 58
24 66
82 163
13 134
46 152
54 41
95 80
87 94
53 37
74 84
5 182
47 71
42 126
21 31
51 159
24 13
25 34
72 64
35 76
80 170
73 122
78 153
17 31
41 66
82 161
16 121
3 17
100 191
31 162
72 18
19 153
40 31
86 179
38 17
52 191
51 147
44 29
79 90
4 18
41 133
53 177
37 70
78 19
63 37
52 151
27 85
76 133
70 35
9 113
41 40
17 181
49 151
23 181
80 89
56 179
5 24
64 149
35 101
65 193
35 189
96 14
79 33
16 162
6 68
38 150
33 19
52 163
14 60
31 191
93 57
86 129
18 129
4 198
87 169
29 146
76 128
19 29
19 171
37 198
1 167
55 188
53 200
40 102
43 31
5 84
23 113
85 11
42 67
89 74
63 58
64 64
95 66
82 102
34 25
62 17
54 130
81 87
66 29
70 191
96 153
97 141
13 63
63 172
46 157
89 78
46 193
26 32
29 74
63 112
68 39
57 83
49 147
99 105
26 99
28 191
9 126
58 155
84 194
14 99
9 177
17 165
9 67
58 95
49 42
80 99
95 59
2 20
91 86
63 132
29 58
98 126
66 197
62 91
13 60
44 177
55 66
16 12
97 127
33 177
70 184
82 190
75 51
46 133
93 19
27 131
85 187
31 134
86 18
21 158
11 101
27 37
50 13
93 137
61 134
95 172
77 93
49 172
8 89
19 155
55 181
53 147
81 93
8 145
74 108
43 195
38 115
25 106
34 13
64 158
1 196
24 88
52 47
65 139
74 86
33 79
99 55
50 183
62 121
73 43
76 83
69 179
11 185
38 131
16 140
46 16
62 14
87 171
31 110
93 26
75 134
27 128
2 136
81 24
6 59
65 50
100 67
64 40
59 167
12 139
7 95
51 56
33 30
23 121
50 146
28 27
57 23
18 143
76 158
6 73
15 192
16 60
49 17
81 41
62 114
80 87
9 54
31 58
8 20
11 13
22 105
54 87
44 118
85 12
43 185
97 41
96 24
54 143
12 122
81 76
43 20
67 47
43 18
28 188
44 171
69 119
9 84
70 88
34 86
56 92
68 74
82 169
69 116
61 14
69 80
28 96
43 124
16 29
45 82
74 132
79 166
37 140
23 83
32 65
27 135
40 189
83 81
63 119
53 67
44 43
57 17
35 47
48 148
85 146
84 165
93 150
52 188
99 15
15 107
56 162
5 86
55 58
62 36
65 13
87 173
63 85
47 96
90 154
98 45
71 43
55 78
59 121
84 118
77 136
5 156
36 44
41 11
96 184
98 41
60 90
26 197
65 42
78 41
30 147
49 71
90 191
99 23
43 125
54 83
69 94
90 183
30 147
68 46
10 69
24 116
16 40
67 94
80 164
15 34
97 182
18 76
96 152
93 75
33 167
41 152
64 65
95 125
54 96
71 43
3 41
36 33
29 193
63 129
19 16
50 189
37 113
82 19
56 47
66 108
35 98
62 36
90 163
11 94
48 108
45 116
56 200
64 10
72 97
56 101
39 47
33 55
90 93
54 93
54 143
87 35
38 16
73 55
50 138
61 72
48 130
67 77
76 14
40 59
32 96
98 54
9 114
48 144
18 91
19 162
61 13
77 110
80 93
67 184
88 98
60 144
33 58
40 146
48 11
19 10
66 108
99 88
35 34
12 42
18 161
49 142
28 18
100 23
63 129
36 178
36 48
14 43
76 171
53 163
34 125
94 100
38 66
53 136
100 144
32 74
84 22
65 81
52 61
67 146
68 55
29 76
100 67
92 194
65 164
10 79
64 126
64 125
81 32
3 179
51 68
69 127
49 140
97 30
58 108
27 54
29 161
71 52
21 72
50 154
39 116
73 102
73 148
100 124
37 83
73 40
2 168
68 124
70 30
78 194
53 67
71 148
2 177
86 84
80 26
31 83
87 51
76 196
36 51
54 195
24 45
38 192
96 57
100 124
9 154
34 106
2 95
13 171
93 172
76 108
77 115
3 182
56 108
56 200
49 26
76 123
77 152
78 45
72 177
62 168
38 89
19 178
77 92
1 63
76 123
98 183
45 34
89 102
38 58
49 68
2 40
77 54
24 23
51 108
87 56
87 149
51 102
39 183
21 174
91 193
79 155
9 194
53 147
28 150
53 197
6 147
2 137
82 19
26 88
54 104
53 12
25 166
4 131
23 108
85 148
55 106
60 18
3 123
34 42
18 169
15 63
81 50
89 150
47 129
58 10
11 10
32 113
21 153
45 77
77 36
90 167
55 86
37 196
12 60
1 106
11 15
93 47
21 54
98 87
63 187
57 110
48 95
28 95
67 188
92 186
97 116
51 185
45 94
25 149
9 21
97 108
74 15
55 73
47 136
15 108
14 170
1 179
81 73
57 167
56 64
91 54
55 132
33 22
49 181
18 99
63 70
24 44
4 152
14 25
