800
28835
98 168
13 186
57 127
74 36
57 53
50 36
57 173
3 120
50 103
69 198
90 65
68 121
27 27
42 195
89 159
48 33
5 186
87 160
65 125
26 141
10 63
88 49
88 87
4 22
61 166
83 24
57 109
6 16
27 108
64 127
92 95
24 19
16 57
70 167
88 90
78 86
36 144
91 146
73 115
51 73
32 41
12 30
45 74
38 177
9 40
71 137
91 30
38 195
68 37
75 144
75 162
56 102
100 20
57 177
24 83
63 95
32 41
97 152
55 95
96 116
73 117
64 80
69 149
10 130
91 114
46 19
87 167
42 54
40 87
46 16
96 178
32 12
49 75
44 197
77 196
99 166
26 155
72 83
98 119
15 131
62 162
80 197
89 155
61 174
55 146
2 93
79 21
99 33
73 142
33 26
94 200
60 40
30 155
36 160
69 60
47 159
72 132
87 29
39 175
49 37
63 200
75 29
50 126
57 139
17 145
99 56
19 55
74 58
46 17
38 93
34 153
44 16
69 178
55 90
26 143
39 67
1 162
8 62
42 157
59 125
34 68
33 90
99 125
71 188
36 129
8 31
58 126
21 126
8 55
47 157
9 85
34 138
93 104
30 191
65 146
53 106
71 50
49 187
48 179
63 42
72 50
63 23
79 51
78 152
77 171
5 38
5 98
100 129
58 171
3 195
50 32
9 36
27 56
81 45
51 50
54 115
99 165
30 71
90 65
17 125
38 196
99 114
69 112
39 62
93 82
87 56
44 65
92 77
37 18
46 47
92 152
37 173
2 101
5 79
15 61
19 166
33 81
61 141
36 133
92 94
86 26
51 101
19 100
18 177
64 144
20 57
55 38
54 20
29 121
91 131
17 31
46 41
11 171
82 64
45 95
7 88
10 177
3 25
50 140
48 109
26 173
1 66
56 53
55 81
21 33
74 82
95 178
98 183
21 94
87 48
29 194
52 187
51 83
72 118
91 153
79 62
14 136
79 115
35 77
7 185
89 123
76 65
18 155
89 61
23 176
68 32
90 67
88 194
5 113
99 28
25 179
68 158
60 56
80 166
85 35
9 50
10 183
47 109
41 181
87 119
66 119
7 27
32 174
81 164
21 95
89 114
14 92
47 148
88 12
39 195
47 156
53 82
65 176
39 110
62 127
68 100
85 197
49 132
87 111
81 168
9 24
68 152
24 45
80 130
18 99
27 45
35 146
92 54
89 144
7 47
63 106
34 181
64 88
63 152
93 82
39 127
86 55
98 45
44 171
4 105
51 177
18 83
26 15
60 196
72 28
6 178
88 172
44 27
15 48
58 70
69 69
91 161
5 84
6 185
84 23
17 179
9 89
11 76
85 198
91 172
73 79
5 142
7 190
17 71
32 100
89 128
43 58
76 43
3 142
61 189
71 136
49 175
55 50
82 22
52 86
88 79
77 27
1 140
15 154
38 144
51 22
9 39
69 65
24 135
38 187
71 152
12 77
75 83
67 169
1 160
63 57
5 102
67 175
51 72
23 97
36 148
90 48
21 105
9 68
78 79
59 134
27 84
70 142
16 108
98 140
77 62
41 189
64 83
48 118
98 168
76 72
76 170
97 58
67 127
95 126
90 127
43 52
65 139
97 121
84 23
79 166
64 154
7 183
90 50
74 138
26 164
65 105
13 159
66 58
25 24
55 18
43 28
74 20
77 187
82 179
11 47
14 149
95 32
68 184
88 77
33 39
95 156
72 28
63 192
83 110
36 163
28 30
49 175
1 148
40 163
56 140
18 56
24 106
86 152
35 113
27 151
36 83
20 184
5 47
34 112
20 15
47 145
35 109
79 119
16 81
95 151
13 127
79 131
75 189
56 132
3 106
70 133
59 130
18 162
62 50
79 134
63 174
77 172
44 169
65 104
25 176
36 95
91 173
17 25
54 22
23 49
62 40
14 115
95 123
100 73
88 21
4 59
99 96
99 103
86 98
31 160
43 72
61 198
61 47
94 140
33 128
19 52
82 148
77 101
56 96
44 117
65 157
100 35
24 182
52 130
69 157
100 121
65 83
29 193
83 147
42 97
84 186
74 118
20 162
87 81
83 16
94 171
93 186
32 109
17 16
59 111
38 126
30 61
76 163
74 56
68 132
75 147
75 139
21 35
1 119
22 10
9 101
55 164
97 91
45 187
33 122
86 132
44 169
23 125
35 174
24 168
6 143
54 185
20 54
75 92
22 67
60 171
31 193
8 138
35 46
39 115
61 32
100 107
48 78
66 23
92 20
92 53
100 145
26 67
11 144
31 91
31 103
66 119
33 10
15 86
29 42
47 174
1 21
67 44
34 32
46 11
79 121
55 196
67 142
16 10
3 124
28 22
34 79
97 95
15 156
61 39
87 55
93 166
11 95
50 98
65 127
91 14
43 39
9 146
45 39
100 21
82 68
42 14
63 14
47 75
76 199
69 126
68 98
50 59
71 172
54 158
43 79
91 35
44 120
20 75
68 189
20 153
83 19
44 36
85 175
3 144
8 177
55 123
20 45
71 177
6 190
63 168
12 182
41 55
99 137
43 157
43 56
91 179
96 151
80 26
72 152
43 22
38 125
68 120
68 114
31 88
40 64
25 172
67 146
70 67
92 189
40 150
98 45
41 101
15 61
21 145
98 82
45 123
78 173
57 93
78 162
36 93
9 151
31 150
2 148
85 171
22 126
62 47
35 114
49 66
85 149
37 128
14 96
44 35
29 187
24 33
62 15
45 67
95 33
41 132
69 144
4 47
29 86
39 173
47 23
14 166
83 20
38 94
41 11
91 60
94 167
16 128
72 148
54 151
24 97
7 118
73 49
4 200
53 132
24 47
44 189
20 28
96 120
35 70
42 117
65 183
40 200
86 150
21 147
99 119
84 103
39 79
77 102
57 104
64 39
52 136
45 159
36 199
45 18
79 26
11 91
85 188
70 20
3 55
2 193
22 33
13 157
67 148
47 183
85 30
36 102
50 81
74 178
11 68
95 108
10 139
47 166
75 62
45 20
37 168
36 145
47 147
100 16
50 128
4 74
98 149
89 180
61 191
27 188
98 74
10 146
84 53
38 42
33 29
20 175
74 91
4 111
29 177
57 39
81 143
19 200
52 76
64 134
20 182
39 189
81 64
3 68
21 80
30 48
49 97
25 16
24 65
27 144
11 122
6 74
36 30
5 82
90 87
85 41
46 35
23 149
31 27
28 119
18 59
13 49
27 196
56 152
54 102
17 99
44 70
33 193
22 76
68 118
8 90
42 78
87 197
12 115
57 38
59 22
90 165
88 31
57 23
22 72
9 45
77 128
30 22
67 120
64 103
44 124
99 85
58 184
74 80
71 76
91 89
20 131
73 126
48 148
88 39
93 154
60 62
81 12
19 37
16 136
97 95
93 63
19 107
86 151
32 113
7 19
71 90
100 88
59 20
39 159
60 89
9 161
45 167
90 84
28 20
25 92
94 124
93 17
36 112
89 69
3 173
58 122
56 137
19 44
88 51
49 45
30 115
89 32
31 175
58 24
25 14
8 91
97 102
75 50
5 119
42 60
24 46
77 187
32 187
77 153
76 177
59 198
51 23
96 13
75 11
72 23
16 141
