800
28926
24 87
84 95
34 55
52 183
82 42
42 135
79 128
95 23
68 79
29 27
64 110
60 65
14 57
40 104
95 102
43 113
89 32
70 41
98 200
82 84
46 123
42 156
38 74
99 113
94 61
14 163
94 25
69 86
80 78
52 129
17 198
81 142
43 19
86 41
44 124
99 22
50 164
31 96
91 144
85 37
5 68
25 75
25 184
68 53
31 107
26 73
23 141
73 27
17 41
38 127
9 119
43 35
83 38
4 185
3 150
74 176
9 32
40 90
46 144
4 121
90 93
91 138
21 177
65 108
15 141
47 134
58 83
95 86
59 171
32 145
1 195
51 167
13 190
99 41
12 165
78 175
68 21
42 144
10 131
54 39
20 105
40 119
58 23
61 26
4 99
90 144
99 176
87 128
66 161
76 151
44 124
33 87
10 12
51 139
60 63
86 83
22 148
81 113
54 181
35 81
32 48
10 46
84 172
90 41
36 17
35 152
35 197
48 175
53 53
11 122
70 121
30 49
20 191
3 53
87 105
81 67
40 79
83 105
13 93
51 72
85 188
97 150
49 157
79 44
38 29
67 117
68 97
63 159
26 137
79 185
15 195
99 72
98 161
71 150
75 11
31 15
84 116
85 104
30 53
9 101
22 137
72 113
91 92
14 138
54 77
96 116
84 103
19 57
53 105
81 29
58 137
33 46
18 143
81 112
89 69
44 111
50 76
33 174
8 109
27 40
11 154
71 63
97 185
62 171
24 29
45 66
84 150
16 31
45 37
66 57
18 59
12 58
30 153
89 25
25 193
92 60
70 170
62 174
27 177
42 164
28 127
50 97
50 74
100 147
31 180
66 70
74 162
17 140
68 11
70 150
29 62
83 178
49 183
25 137
36 164
32 90
72 197
95 62
35 126
4 51
42 167
84 160
85 144
93 198
95 44
92 73
14 60
64 117
62 84
69 112
39 117
65 110
96 192
86 121
13 18
82 131
17 61
38 84
38 200
6 14
66 50
33 57
50 65
10 96
91 171
56 33
66 186
12 62
78 150
51 32
31 85
93 158
97 11
83 111
83 94
68 177
54 181
43 185
31 100
95 175
19 122
92 43
76 136
77 30
78 192
12 161
100 151
63 18
31 46
41 113
13 156
91 187
95 99
37 175
67 56
86 198
86 112
73 72
68 112
86 109
62 91
61 31
42 38
81 135
36 142
16 116
67 32
53 195
55 43
22 25
54 146
9 61
7 142
16 160
40 169
88 37
52 49
1 34
53 99
95 164
46 89
14 138
12 58
9 163
31 91
5 50
87 104
28 184
17 170
45 111
49 173
37 107
59 96
83 101
23 139
37 38
4 191
46 160
43 196
6 176
71 13
40 27
59 66
88 15
70 180
67 87
16 183
6 39
48 127
18 21
74 90
42 53
45 56
47 131
56 69
55 87
50 175
48 29
90 187
69 189
70 90
94 150
35 66
73 98
75 78
84 143
51 32
7 63
20 130
66 110
53 182
95 128
36 164
82 176
47 46
12 34
59 175
64 172
28 155
36 161
68 176
93 98
30 45
40 188
22 169
74 74
11 43
19 84
32 194
64 161
3 18
52 66
26 183
7 27
98 193
2 76
70 181
76 22
87 178
42 70
42 78
49 36
80 146
92 190
6 38
66 179
79 151
18 34
87 114
2 156
33 86
7 78
30 35
11 159
77 62
90 16
25 168
76 29
56 85
35 34
86 163
64 104
20 58
52 38
76 69
84 118
5 81
11 198
61 79
74 112
72 160
49 116
69 153
21 21
75 150
92 132
52 14
35 65
59 125
82 59
8 45
50 189
26 80
17 114
36 194
38 106
16 181
76 109
12 44
23 65
79 10
68 159
95 29
26 36
25 107
22 82
60 139
2 182
92 101
78 95
60 38
80 165
37 93
70 80
63 175
60 13
14 118
55 63
69 39
69 65
21 194
28 157
18 126
90 168
83 70
12 94
70 114
60 172
69 196
1 189
33 59
32 33
91 192
18 120
1 59
68 83
56 30
68 104
38 11
5 147
60 176
15 132
24 118
86 129
43 178
86 93
95 196
16 111
80 44
76 39
14 136
26 165
52 11
63 105
85 156
61 79
13 181
83 157
11 26
59 148
78 89
53 61
47 49
49 168
71 160
47 85
95 117
51 180
90 159
39 177
76 87
25 10
3 64
25 53
44 182
10 77
46 108
42 71
16 104
64 126
65 42
79 93
73 183
1 82
42 124
39 150
3 112
46 195
55 177
92 84
84 112
5 188
36 130
98 27
50 109
67 195
32 117
44 118
52 152
5 166
44 15
57 55
66 106
22 148
54 75
92 143
44 155
52 167
88 51
2 52
58 52
71 156
2 76
32 131
45 135
22 54
47 60
31 64
72 147
73 181
82 102
22 15
23 110
73 123
36 69
93 196
40 185
56 19
16 16
95 191
73 142
80 125
14 144
55 72
63 32
50 157
61 113
90 160
18 125
77 85
10 151
27 12
56 165
100 52
19 109
94 59
56 91
56 152
93 85
50 170
98 79
46 150
40 14
51 69
70 118
96 179
51 94
28 40
97 92
27 84
10 24
97 47
68 101
24 192
34 171
55 185
58 40
50 37
85 101
26 20
86 121
24 64
90 80
76 106
90 106
30 89
23 115
82 157
96 39
53 17
91 143
77 115
23 64
97 52
11 157
51 197
94 100
25 192
32 119
88 91
99 153
14 52
87 79
86 80
51 125
79 35
55 155
61 11
60 160
66 73
22 78
96 161
74 125
36 35
10 164
36 200
65 27
5 147
99 135
65 157
85 17
9 179
84 183
21 178
82 172
68 63
95 18
15 85
29 23
34 39
41 76
50 63
49 166
88 17
78 65
95 146
68 107
15 97
57 76
84 64
21 170
88 12
57 148
74 34
22 134
18 171
48 72
72 17
3 37
8 87
44 194
83 90
60 144
54 172
21 152
3 140
75 14
13 69
26 126
3 65
54 34
33 96
96 59
89 72
44 143
93 52
61 41
29 146
48 73
76 22
78 145
82 172
69 100
18 191
32 96
28 87
15 74
21 135
85 38
9 100
67 100
54 183
21 67
87 32
84 113
64 132
49 35
66 111
78 131
31 154
6 59
23 156
75 119
15 43
54 142
27 192
52 134
1 177
81 126
79 94
77 181
57 187
79 189
41 43
81 25
63 46
49 197
51 160
41 152
49 97
51 34
30 141
9 178
23 64
42 60
12 98
91 82
4 162
34 130
9 78
67 189
16 173
67 143
22 113
56 181
26 187
10 43
93 48
25 104
5 190
90 60
47 22
98 199
6 31
22 57
64 73
70 100
50 97
92 163
29 40
72 98
91 79
89 125
8 43
41 31
99 192
69 107
69 90
41 75
87 115
11 42
45 54
70 84
39 149
58 134
18 93
55 177
63 162
24 181
15 189
34 48
26 117
18 141
6 142
39 173
51 64
78 62
95 92
3 58
71 167
77 51
25 54
69 189
78 116
40 117
57 65
33 23
46 140
45 69
61 154
15 196
67 192
48 199
87 106
52 137
52 132
56 53
48 36
94 107
88 167
74 105
36 61
31 153
48 139
62 118
78 92
62 190
48 105
64 139
66 83
