800
28690
52 19
65 44
31 18
91 20
2 195
35 113
5 74
30 31
33 104
80 22
36 145
74 136
64 51
31 82
88 95
12 178
98 13
58 60
55 154
18 191
21 11
68 169
8 96
18 83
22 118
89 50
11 198
67 177
93 124
19 62
95 68
82 91
71 164
71 168
17 53
93 57
78 165
51 18
78 65
60 175
81 179
70 139
79 138
2 198
13 85
73 158
57 78
20 137
60 56
99 36
56 122
21 72
22 97
61 156
46 118
42 149
12 61
55 189
73 134
67 15
95 89
42 73
54 82
32 72
86 186
67 143
42 62
69 10
58 31
83 100
7 184
36 40
79 135
55 65
55 108
91 42
55 38
13 59
52 60
91 85
63 40
89 48
24 113
45 64
36 116
67 146
73 130
68 42
4 173
14 44
99 151
34 19
12 75
43 42
13 157
89 82
92 35
71 178
94 182
46 181
40 110
97 80
96 18
16 174
10 148
29 59
87 25
72 27
47 145
27 145
83 31
53 41
6 151
12 183
86 28
50 28
92 73
15 106
99 195
1 116
45 62
88 137
78 148
36 88
29 31
38 34
28 189
69 15
49 118
47 36
84 20
66 54
41 69
53 72
63 163
16 70
63 41
86 194
11 132
52 143
29 176
19 51
45 40
81 69
6 117
90 188
69 66
28 120
87 114
27 136
37 146
45 76
82 47
56 79
71 149
40 127
5 116
36 16
21 32
96 49
67 182
19 71
72 84
52 190
75 88
35 123
100 98
24 172
1 37
70 116
84 41
3 55
84 179
85 198
65 138
56 54
47 110
61 52
78 171
31 115
31 86
15 124
36 71
90 144
95 123
66 172
83 102
76 199
99 35
66 150
91 126
26 165
27 163
17 18
16 14
97 140
64 155
12 175
70 125
66 120
63 39
42 187
5 184
80 133
32 124
1 95
73 183
46 107
65 190
86 65
14 107
20 124
15 97
100 24
22 75
37 187
61 125
71 182
52 98
14 157
16 135
28 174
48 87
94 90
19 114
39 124
42 106
74 51
68 177
17 83
13 107
72 87
83 104
86 194
81 50
67 61
37 164
34 138
96 65
20 50
46 163
76 153
7 142
39 24
7 176
55 180
87 95
27 32
34 128
89 80
69 78
69 84
91 72
69 165
67 198
86 59
10 191
47 34
48 24
73 18
41 130
58 59
93 163
89 73
39 198
26 10
98 106
46 158
50 184
87 198
82 179
78 107
60 67
48 33
79 73
15 74
68 159
80 172
81 141
14 19
57 132
89 60
19 144
35 18
81 192
84 24
78 93
31 88
32 113
82 16
28 36
64 58
14 80
48 15
58 77
1 193
24 193
79 119
33 138
88 77
68 159
55 177
41 32
14 109
9 131
2 176
30 199
83 56
1 19
91 190
48 17
53 75
98 176
2 34
52 170
40 108
95 106
44 138
68 153
31 63
4 192
7 137
15 11
84 137
100 45
65 105
31 88
86 64
44 97
24 81
80 117
71 34
25 180
22 31
21 144
93 83
10 18
29 144
47 54
36 184
14 41
46 164
70 35
16 175
9 117
56 132
71 27
25 49
45 164
47 193
17 92
98 72
67 123
72 53
61 182
51 47
30 111
30 166
24 13
94 145
42 147
3 109
7 164
27 175
4 144
66 37
100 179
71 124
96 25
38 29
46 54
98 144
20 98
85 93
50 71
29 85
9 33
36 97
54 40
54 101
18 127
90 134
56 70
32 11
52 117
7 188
33 42
96 98
4 198
19 162
80 132
47 74
43 184
41 11
36 176
8 182
72 64
6 152
9 177
18 132
45 42
10 35
26 132
27 103
55 116
2 28
9 184
42 103
96 99
72 76
91 170
39 45
79 161
76 18
53 136
18 11
74 160
41 96
37 161
32 142
76 80
96 102
34 21
69 104
27 26
98 96
45 75
77 71
48 51
61 178
77 117
84 157
36 80
79 101
64 145
35 31
18 15
43 119
18 144
18 141
84 124
48 109
60 185
3 105
99 179
38 116
16 102
43 143
45 100
39 118
70 33
37 165
61 12
65 200
4 113
39 108
28 89
41 22
6 107
34 84
89 139
40 176
1 99
82 39
25 91
35 152
17 130
44 42
46 83
18 121
47 156
47 176
55 101
35 57
12 79
54 193
97 169
89 105
30 34
44 174
15 148
74 26
89 174
67 168
66 81
57 122
6 48
68 154
53 137
39 179
32 35
50 60
2 175
55 152
43 196
94 44
48 18
56 199
68 42
53 200
4 52
56 105
44 93
84 188
54 30
57 146
93 153
97 162
26 199
100 21
15 31
85 133
40 103
15 12
13 67
92 99
44 167
39 196
93 138
2 178
33 185
92 64
61 108
44 177
82 128
61 186
51 156
8 22
53 95
57 111
79 112
45 185
9 143
68 65
33 127
23 143
92 178
76 36
84 189
60 102
67 83
2 120
7 48
44 161
71 142
46 197
46 169
61 11
83 147
40 186
21 10
48 85
93 112
72 134
60 163
70 44
76 61
18 22
3 109
78 139
50 33
77 195
84 101
7 147
67 49
44 144
47 60
76 20
81 47
95 29
72 199
54 110
55 49
8 25
70 154
42 28
74 139
8 182
28 137
88 97
5 150
17 19
36 156
32 89
50 85
3 89
57 111
40 110
70 163
84 51
81 183
5 137
93 184
76 108
95 135
82 94
49 72
73 155
76 46
98 76
100 63
5 43
39 81
52 118
30 119
70 200
25 65
90 31
66 168
65 183
5 166
63 176
1 85
28 187
91 107
71 143
37 80
53 60
94 91
63 86
6 54
23 53
62 156
47 153
80 59
68 105
44 59
42 73
82 12
90 88
43 24
22 22
70 69
38 158
83 74
94 134
16 113
50 52
14 73
52 35
83 110
95 102
31 79
90 11
88 190
50 84
83 77
80 188
46 13
65 126
9 99
19 70
11 50
47 74
45 119
55 75
85 150
77 45
37 176
89 32
69 17
42 107
12 148
24 148
75 153
52 60
56 133
20 164
15 77
27 75
77 102
54 88
75 60
11 187
92 184
51 45
92 79
1 29
19 185
97 57
5 126
95 76
40 41
47 13
71 191
80 30
90 37
29 85
9 177
12 166
50 119
80 106
33 140
87 10
9 123
18 13
86 193
49 67
39 100
25 175
39 189
17 41
63 157
94 125
14 28
97 10
52 80
91 91
51 147
7 88
8 96
36 10
74 66
93 166
54 37
67 185
9 65
46 113
94 126
5 98
59 42
76 180
33 70
75 182
87 142
11 84
74 118
66 53
31 13
2 100
28 120
39 103
56 138
29 101
65 51
95 106
44 63
80 169
30 181
28 160
49 147
78 85
70 53
69 165
66 130
100 20
6 186
23 157
7 36
81 98
86 123
63 21
55 79
91 149
46 114
13 93
26 94
75 90
45 196
22 177
71 174
23 31
54 153
36 106
65 84
39 24
77 139
78 12
40 45
17 33
99 41
97 16
74 110
17 48
81 48
23 169
95 57
66 54
15 195
49 129
35 23
77 44
43 145
59 60
52 10
57 57
29 18
13 49
48 87
85 16
51 176
94 129
16 123
41 94
26 100
61 99
2 129
92 196
76 188
53 71
