800
29014
48 22
53 185
86 117
46 146
85 39
63 60
90 189
29 22
88 157
44 59
2 89
99 93
21 190
35 133
23 186
54 165
21 89
2 148
7 68
76 100
83 154
58 90
54 186
44 65
11 80
91 176
86 96
45 32
13 72
1 181
100 64
43 30
49 140
35 170
38 92
5 150
22 175
91 84
54 170
21 18
55 174
64 16
59 185
25 19
36 180
10 129
6 82
80 177
70 24
55 94
67 146
85 100
69 109
23 166
25 29
97 46
93 132
80 200
79 73
12 121
61 137
49 101
73 177
81 190
91 176
44 119
87 93
82 58
58 172
87 25
48 61
54 163
5 122
90 108
83 164
43 21
39 126
48 44
95 142
84 124
12 192
84 152
38 150
43 187
88 138
73 136
33 30
24 92
31 78
7 182
43 12
2 33
74 77
31 33
64 25
41 55
71 111
38 19
44 172
49 35
13 188
16 130
82 62
35 168
68 38
88 166
52 92
2 198
87 185
3 75
97 111
81 152
54 114
16 48
1 192
91 16
63 87
33 145
40 38
50 106
58 81
51 46
79 71
19 65
45 15
16 66
1 28
84 186
27 57
91 19
65 180
28 170
35 45
88 86
31 47
39 149
21 157
56 187
44 182
27 184
93 98
71 197
18 109
16 128
26 97
12 19
81 99
65 126
25 112
96 142
88 112
44 85
75 92
5 157
75 72
90 82
37 190
4 177
17 158
87 196
80 197
58 41
25 142
11 162
33 100
43 181
51 20
86 64
10 57
21 183
84 174
51 45
40 28
2 51
61 95
65 78
83 147
94 154
79 108
69 28
2 140
70 199
79 137
54 55
37 64
38 151
18 161
76 155
63 190
5 33
15 99
11 82
1 192
66 186
19 117
91 14
34 60
52 30
17 47
45 145
98 126
67 87
32 122
95 74
20 102
40 16
45 149
74 122
34 68
99 160
38 76
76 163
41 145
49 121
77 71
77 51
58 11
81 98
39 165
2 91
84 153
37 195
45 25
2 72
3 170
34 57
82 99
29 200
67 150
53 22
86 48
61 45
39 36
75 76
82 57
52 61
97 11
83 43
55 32
18 48
99 185
63 139
25 70
56 87
52 87
6 59
32 40
44 145
53 128
38 190
80 158
11 163
37 94
54 109
16 92
8 145
54 37
12 28
44 154
37 156
66 18
10 139
89 13
7 134
71 116
4 194
97 102
11 141
92 181
80 67
8 133
80 106
81 18
18 66
47 62
19 140
78 96
15 21
36 107
41 145
92 188
20 93
86 110
49 164
83 52
97 166
28 170
28 166
21 179
51 85
96 41
93 76
4 187
93 162
48 78
66 166
43 111
85 199
60 47
99 164
99 122
34 74
52 173
68 108
75 50
29 87
82 41
93 112
86 123
94 198
96 84
44 99
87 133
8 64
26 159
66 41
83 91
71 172
32 187
83 67
35 106
89 47
96 22
77 73
49 107
86 114
7 77
25 94
59 81
43 41
57 125
49 59
23 79
49 39
84 54
41 119
96 117
42 99
48 178
28 49
89 28
76 188
39 156
88 85
3 140
37 17
29 168
50 193
1 156
45 166
10 150
14 87
81 14
77 33
89 186
36 154
45 78
21 183
7 93
15 177
52 16
51 190
82 111
92 63
42 57
93 91
100 190
76 46
31 123
67 136
80 88
11 162
91 89
6 185
38 24
58 50
92 165
7 166
59 95
83 97
25 171
79 136
86 15
2 89
18 94
12 199
56 22
66 51
21 166
33 111
69 106
52 166
82 67
96 104
65 199
81 40
93 31
80 157
62 156
44 30
18 55
83 48
48 43
27 14
54 44
57 104
66 11
1 80
52 100
18 181
3 21
20 36
21 182
75 162
59 181
13 83
13 91
9 160
92 135
27 61
22 121
44 166
8 64
22 82
56 67
82 188
30 192
28 186
90 23
94 41
93 69
26 139
49 32
64 174
95 131
23 42
92 73
77 103
69 107
66 140
11 182
34 123
91 46
99 17
10 168
53 36
59 124
74 27
16 47
92 160
98 190
84 14
62 101
72 55
77 13
83 69
79 47
51 160
73 89
74 58
57 29
17 113
3 102
43 90
100 27
37 159
90 45
16 83
93 129
60 185
71 24
75 56
41 94
62 75
37 37
65 67
61 91
52 81
36 125
65 62
44 145
10 200
12 150
60 15
13 119
62 185
29 70
91 120
21 46
31 152
69 142
86 140
94 188
3 145
31 43
17 181
85 20
58 108
22 57
14 40
61 60
39 51
1 56
8 119
89 46
70 23
8 181
34 192
25 177
60 97
60 195
45 24
1 18
78 169
52 40
34 86
4 100
41 97
6 76
53 31
21 146
12 128
100 198
73 16
65 43
58 98
14 55
53 155
32 191
20 67
11 133
64 21
86 178
10 137
43 83
18 15
38 163
18 161
17 68
68 14
81 114
58 85
61 181
95 155
16 25
47 12
95 130
43 41
58 179
5 11
56 47
6 173
3 187
40 125
12 41
27 27
7 140
60 12
88 140
50 36
90 24
80 131
38 50
32 152
38 149
70 33
16 146
76 95
93 127
19 103
37 109
84 163
13 193
4 54
84 120
91 144
13 89
95 151
71 31
28 185
48 95
24 122
67 111
19 13
28 93
43 149
94 168
96 115
75 51
96 118
5 39
36 46
55 124
13 18
16 132
98 51
86 28
95 185
74 120
32 20
87 199
28 44
50 139
83 91
8 22
28 74
76 61
100 118
100 105
40 35
92 120
91 140
75 159
76 138
40 101
23 130
64 58
77 126
85 128
75 46
97 64
22 61
80 126
23 195
24 81
94 36
66 130
81 63
43 14
29 33
33 190
9 129
22 183
49 70
8 162
8 139
86 150
63 181
87 129
2 165
83 24
87 176
97 160
83 12
81 170
2 13
72 164
58 68
85 18
4 89
1 153
25 69
70 69
59 69
62 67
96 107
75 189
99 183
38 54
93 76
34 55
6 190
25 47
12 175
24 167
70 77
32 199
24 19
46 108
93 144
13 66
38 82
13 166
93 36
27 54
16 85
74 91
91 148
72 63
58 63
90 120
81 30
95 167
16 91
65 199
100 69
28 194
18 39
70 169
37 60
40 98
8 82
93 77
96 96
72 38
78 29
30 156
29 129
24 175
23 19
43 135
31 34
44 150
78 137
43 60
58 156
26 88
3 171
90 21
87 118
1 70
50 137
55 99
94 187
30 176
95 45
73 184
51 197
6 69
68 40
81 35
4 167
6 42
66 42
78 67
74 110
91 69
31 36
96 139
94 98
13 51
57 157
92 73
19 92
58 69
22 152
30 193
43 139
61 68
17 164
73 11
20 119
38 182
82 12
3 36
99 33
93 139
81 117
60 99
99 200
22 142
96 110
50 49
61 195
76 38
94 169
18 13
17 20
19 90
80 97
35 12
75 109
23 189
92 141
86 42
58 54
19 127
19 168
43 176
10 111
75 32
79 57
80 128
66 172
68 147
76 24
99 19
95 185
17 68
84 68
62 194
94 33
67 26
10 31
59 159
40 34
12 106
61 114
83 88
19 81
66 49
32 120
73 125
64 87
62 50
89 148
54 199
51 68
19 20
11 198
