800
29215
6 198
67 149
26 83
5 145
91 130
66 196
54 158
83 162
17 95
77 99
92 153
59 14
100 104
64 164
30 130
94 35
23 172
34 18
27 66
54 198
54 54
100 22
40 148
76 189
74 149
53 173
95 178
56 42
84 20
58 134
70 44
11 142
57 33
25 136
60 147
62 93
33 24
72 158
88 25
75 141
70 125
80 194
81 157
99 93
9 165
92 139
41 66
81 196
8 40
100 157
26 82
36 71
3 127
52 147
1 50
84 77
52 149
20 14
41 67
18 162
19 78
37 162
34 45
11 72
62 106
71 70
93 111
75 189
88 49
83 80
89 135
36 192
4 81
60 163
72 121
62 94
58 72
39 102
51 63
13 15
81 197
98 76
20 27
36 67
82 164
86 140
87 110
45 195
47 74
1 77
20 171
72 194
51 51
96 129
82 121
42 93
99 13
39 164
75 159
79 116
41 102
65 158
50 109
99 102
3 60
16 102
41 90
62 133
74 42
61 131
62 198
3 156
92 129
85 70
8 151
44 144
7 40
71 41
37 19
39 51
35 182
40 91
41 124
48 52
96 84
31 104
66 167
68 12
69 114
49 72
20 31
97 23
16 56
79 32
82 198
82 193
41 159
11 48
41 128
81 140
14 114
69 15
94 91
66 105
18 27
46 76
78 37
6 18
34 102
19 120
50 109
29 185
31 169
55 51
6 100
27 124
46 153
7 21
86 183
73 128
86 37
21 113
34 63
2 123
65 146
15 41
78 125
15 87
55 86
21 115
11 182
60 92
33 124
90 185
28 186
82 42
15 172
73 65
91 145
48 19
7 158
85 154
11 117
49 101
18 52
49 95
74 38
93 90
89 152
88 150
95 148
78 176
97 97
20 62
64 188
8 137
67 82
47 42
4 60
92 190
42 160
6 110
7 190
23 92
65 113
60 28
76 27
80 103
3 176
68 92
96 165
24 91
25 37
84 85
43 93
23 59
12 139
42 45
57 56
19 80
60 48
84 106
39 133
94 37
19 78
18 92
68 121
80 135
63 109
18 190
11 124
50 169
80 62
13 151
53 42
18 119
42 19
34 52
80 12
42 55
63 186
74 24
62 88
92 172
36 199
38 153
85 25
3 54
43 93
34 146
39 151
69 159
21 65
31 179
11 75
88 112
5 178
92 40
18 172
71 77
13 17
45 45
77 136
72 153
79 121
93 184
24 161
83 18
30 175
28 106
31 145
44 179
69 28
29 68
45 182
16 50
57 101
44 125
95 78
34 183
66 143
91 130
13 138
31 53
57 165
88 56
36 175
81 27
39 82
35 58
24 192
84 175
78 110
54 18
68 158
15 69
50 160
52 125
52 37
44 104
88 147
80 120
14 174
10 90
43 123
44 22
69 60
86 29
20 49
69 93
73 126
47 96
98 53
54 46
56 18
71 68
1 141
69 59
77 12
73 60
48 185
4 173
78 93
61 149
26 118
35 192
33 147
61 171
3 116
27 46
55 46
30 101
64 87
38 129
80 154
1 93
29 158
10 90
40 80
73 122
36 40
74 183
18 83
71 33
74 49
77 191
15 10
17 143
90 144
88 148
73 173
85 130
46 193
80 77
34 45
93 63
62 74
28 147
14 27
97 95
72 129
79 28
89 80
17 36
100 50
78 161
42 102
16 102
1 92
26 31
83 135
98 45
95 179
53 111
100 104
76 182
36 76
87 119
29 61
63 105
35 112
41 112
90 130
33 172
98 60
67 114
4 130
58 61
89 85
26 166
88 195
15 52
57 105
19 63
35 127
99 39
77 108
39 161
95 90
36 134
88 71
50 78
3 189
38 31
81 195
7 133
68 62
35 89
39 50
65 199
70 167
98 154
23 200
1 194
12 158
23 183
13 18
3 24
80 62
86 154
85 153
12 197
29 166
45 169
3 96
56 192
99 138
77 182
70 140
90 168
61 186
76 88
32 195
87 181
70 119
44 161
20 142
39 123
72 26
19 23
88 166
65 145
9 167
66 65
44 111
53 40
45 65
75 113
58 84
4 27
88 86
39 51
15 47
13 16
1 127
1 65
91 148
70 122
44 134
81 183
45 46
13 144
63 62
70 145
62 142
84 61
30 159
96 122
47 198
73 47
17 32
8 98
99 108
43 96
15 157
45 152
40 200
35 188
51 70
68 196
1 183
33 42
58 24
33 184
57 174
84 194
71 56
65 191
66 15
9 33
43 166
13 109
64 11
25 52
17 184
85 67
2 179
65 80
47 64
76 166
98 132
97 92
39 83
35 17
81 19
21 10
64 193
52 185
79 130
22 152
5 191
12 183
76 138
89 100
24 85
65 108
62 17
17 54
46 41
87 166
80 54
13 94
64 134
15 174
30 53
10 167
54 180
48 78
94 117
84 55
57 41
67 198
36 147
37 86
10 200
49 199
48 185
70 66
88 36
76 66
61 75
24 199
83 78
43 142
76 73
25 45
46 191
84 198
37 57
71 80
42 63
11 21
66 82
64 37
70 40
61 199
42 188
85 101
69 116
10 64
57 35
4 32
58 196
78 65
86 62
50 107
61 142
4 89
51 200
23 163
40 94
33 176
37 46
14 103
64 25
47 164
65 119
91 42
64 124
73 142
48 116
29 159
70 30
31 162
37 176
56 100
52 85
78 77
91 78
89 165
87 113
29 169
64 98
1 149
23 30
93 76
14 61
44 189
38 126
79 145
44 76
10 33
88 117
45 50
64 39
76 61
67 130
6 126
24 152
97 180
67 91
63 159
55 35
84 171
53 39
70 34
4 195
93 121
84 66
87 97
69 53
98 106
61 191
77 92
45 32
95 166
33 87
49 55
13 162
22 74
76 65
12 53
62 76
19 170
31 45
51 154
76 36
86 118
11 71
68 56
14 161
11 121
94 10
69 160
66 26
45 50
65 118
77 84
30 104
18 14
1 147
74 167
6 91
62 183
92 168
79 157
15 191
5 193
40 16
32 141
27 103
55 155
3 194
73 45
33 14
79 130
43 137
31 83
91 50
9 28
92 77
45 182
67 85
71 138
57 174
54 111
22 107
68 87
93 17
60 146
94 167
53 93
7 151
82 37
35 172
68 195
78 175
65 134
27 170
23 124
54 121
3 130
95 56
75 181
64 23
48 168
16 134
76 127
41 191
70 54
31 34
27 116
99 37
36 63
6 87
27 94
91 55
16 53
100 167
13 130
31 189
38 161
98 30
76 118
6 51
28 150
80 113
31 75
79 76
61 24
56 155
26 74
54 94
48 183
17 36
93 104
77 13
55 162
56 126
83 195
76 150
31 147
73 25
91 84
41 184
68 61
79 103
12 190
28 24
97 171
49 72
32 171
90 149
16 181
79 148
22 105
51 118
50 54
68 26
7 156
20 83
93 122
95 20
99 101
24 87
52 63
52 131
49 20
9 49
88 165
75 100
23 161
52 189
66 181
29 141
96 165
10 108
76 194
33 17
30 46
96 56
24 155
43 12
69 30
41 120
91 43
66 15
100 31
32 172
73 103
67 53
31 151
4 74
25 176
89 194
93 168
15 114
99 141
36 16
78 166
76 71
81 121
74 80
56 46
69 75
46 200
40 63
83 21
60 108
92 169
