800
27727
36 96
55 25
5 120
60 45
64 119
13 138
29 194
17 75
33 13
83 21
6 149
80 38
74 10
38 12
58 39
57 88
44 107
75 147
33 11
73 20
14 182
94 10
82 16
93 139
58 200
65 191
52 61
23 35
39 134
92 145
53 18
23 183
3 156
42 83
93 87
36 19
5 87
10 17
43 80
58 191
7 171
59 164
65 132
30 185
58 122
54 28
36 78
39 195
12 153
42 119
94 198
42 132
22 135
92 102
70 161
20 186
35 83
62 75
2 13
83 148
47 121
45 134
82 155
6 34
61 22
17 160
52 73
82 29
74 158
78 88
71 35
33 181
34 17
9 33
38 74
68 96
24 84
28 56
13 183
44 133
71 34
40 117
98 73
17 38
20 49
35 13
58 197
94 181
4 61
41 20
82 184
43 176
97 125
4 41
9 30
78 31
54 17
26 194
82 43
11 71
68 59
83 114
68 11
81 64
62 111
28 108
32 77
12 170
42 117
39 103
92 194
85 141
43 35
44 25
25 154
6 131
10 199
85 148
90 91
78 57
47 21
27 156
93 42
53 16
53 164
67 58
61 67
62 96
30 145
72 176
72 34
63 10
36 179
36 68
57 24
43 140
69 42
3 10
21 133
44 143
85 119
38 198
5 192
55 96
84 99
50 28
90 88
34 193
73 162
22 50
46 119
60 194
47 88
73 131
41 93
39 184
54 176
39 22
53 11
2 172
79 21
78 128
72 147
13 30
13 150
75 145
45 39
37 37
90 48
20 70
95 88
56 176
47 118
55 84
14 155
42 152
89 83
6 142
79 110
13 170
63 190
96 56
22 111
89 10
76 76
26 31
49 51
3 146
82 23
10 185
47 46
37 31
6 196
79 143
94 24
13 178
78 152
77 60
66 96
64 107
64 11
81 89
44 31
19 74
77 12
41 105
26 45
60 88
18 44
65 172
11 57
46 17
26 151
93 146
30 71
49 47
8 122
7 25
100 110
58 150
70 111
57 119
33 46
96 72
14 83
41 76
35 88
49 153
30 155
87 115
41 95
33 183
5 20
55 51
62 167
77 85
47 119
30 39
43 140
9 41
48 12
65 105
22 159
51 184
44 41
30 173
23 88
40 92
47 41
24 52
6 173
80 40
24 152
70 147
41 19
21 80
27 136
1 60
26 153
31 92
2 178
76 18
71 17
16 116
100 35
48 112
78 150
60 34
35 55
31 77
30 64
58 144
59 185
34 165
82 149
9 33
6 166
79 134
50 103
99 12
92 56
8 120
1 71
93 32
74 66
3 157
71 28
11 121
28 72
35 104
4 189
7 66
87 12
23 45
47 191
26 159
31 168
6 81
10 198
36 21
40 145
37 135
12 168
56 14
28 29
18 155
22 148
43 136
100 31
5 119
34 99
39 76
22 57
73 96
58 27
73 11
46 180
50 171
53 160
98 156
23 185
48 126
16 172
97 200
98 137
25 144
96 79
17 66
24 55
34 79
46 145
71 28
20 12
68 166
96 87
66 15
66 100
37 179
6 63
10 23
34 144
42 109
70 157
13 168
1 50
3 103
30 25
78 18
71 129
47 20
32 158
38 84
38 41
94 37
37 185
54 75
48 24
27 50
41 165
15 145
17 193
45 105
48 71
29 145
56 87
31 140
14 23
20 78
64 95
64 78
10 183
33 191
79 46
86 10
55 172
7 11
18 75
60 18
22 174
6 25
2 93
95 200
70 61
39 18
29 87
16 52
21 171
58 91
60 97
81 200
90 77
68 76
64 68
35 37
85 28
89 83
37 102
13 66
96 164
9 104
79 191
28 60
37 106
49 147
39 24
15 127
38 189
54 196
46 185
21 159
80 170
74 132
69 184
19 111
89 119
2 43
27 55
13 111
79 122
20 197
91 128
25 33
53 187
27 57
52 156
79 54
84 190
83 64
77 119
92 72
65 149
89 26
33 150
45 40
51 185
81 124
45 186
33 149
2 29
71 15
23 74
42 114
7 143
26 60
52 63
34 161
18 194
95 17
2 96
30 94
71 130
25 14
100 154
99 154
84 13
45 95
50 154
56 159
13 100
72 48
49 76
74 142
58 112
15 115
43 181
72 171
42 174
39 172
73 167
42 93
58 101
30 121
67 107
37 94
14 21
63 17
85 132
56 94
88 153
49 185
55 40
81 97
34 93
91 142
20 111
66 148
36 118
10 108
82 118
96 123
88 67
36 149
52 148
63 92
71 54
99 182
73 140
85 93
6 10
46 66
91 25
37 154
80 168
47 67
8 92
92 51
76 88
98 91
77 106
22 45
30 127
80 123
35 53
82 176
31 49
59 90
68 81
79 75
63 26
93 70
25 125
51 58
97 121
93 144
95 198
43 174
32 22
98 175
16 104
87 131
66 70
89 18
26 41
22 25
50 64
93 108
47 15
4 173
35 64
37 69
67 109
42 114
15 45
37 19
78 187
27 140
25 175
1 59
80 24
60 107
25 23
27 21
27 174
99 77
61 170
41 181
13 40
96 192
95 155
19 45
93 49
33 64
99 150
87 105
59 177
62 179
42 80
40 177
46 62
35 91
13 143
89 71
94 106
79 175
10 179
70 97
76 175
73 157
75 67
63 108
62 120
5 12
31 134
12 118
60 128
62 197
13 199
27 186
3 133
38 197
59 192
56 57
88 139
87 41
3 198
99 126
44 167
46 137
19 63
21 58
29 112
3 52
52 163
91 81
5 136
44 117
61 200
31 80
63 32
61 72
64 173
22 133
78 22
21 29
6 101
41 162
91 99
54 96
100 138
44 98
89 31
85 86
18 184
47 182
94 117
1 15
82 143
44 77
53 26
87 37
61 87
27 181
27 38
91 24
88 170
66 104
72 36
31 135
1 13
89 49
39 134
54 103
44 21
75 77
49 60
82 74
74 175
51 129
75 101
59 63
17 155
43 134
8 123
42 198
30 105
59 116
98 71
19 180
57 163
51 104
43 44
40 147
19 27
15 167
29 68
79 198
39 67
8 177
50 148
58 111
86 51
86 191
3 10
10 67
14 129
52 192
93 12
10 132
81 47
7 179
83 145
24 90
60 50
83 164
23 182
14 52
12 78
97 109
81 110
8 124
2 29
34 121
54 53
45 42
91 137
53 103
73 31
13 196
24 76
81 46
47 182
52 188
49 103
100 35
25 40
66 170
15 139
52 16
75 26
83 129
26 116
97 130
48 184
84 150
9 25
96 76
64 56
48 190
60 87
37 123
47 82
7 123
8 42
95 45
25 90
2 125
21 145
84 138
52 194
81 48
7 107
56 36
28 24
44 58
87 91
46 16
33 152
63 140
57 59
8 64
94 60
69 44
34 134
67 138
33 112
13 154
26 171
78 194
88 29
94 51
98 105
88 184
79 109
15 196
65 96
42 86
38 144
61 132
33 118
17 136
53 37
32 66
62 124
64 60
39 24
2 14
67 137
96 41
33 89
80 111
66 21
70 132
86 131
83 66
38 184
67 75
35 181
91 128
97 190
14 23
66 77
95 103
45 91
74 14
15 18
88 160
78 130
44 125
92 146
48 181
76 34
42 126
11 134
6 196
69 178
77 14
56 189
74 141
62 95
27 192
