800
27738
94 137
21 54
86 85
5 25
72 64
2 199
84 153
78 33
88 43
86 41
34 111
34 91
80 191
42 62
32 102
94 170
37 113
53 116
34 169
88 59
68 197
46 47
71 87
22 48
23 159
13 64
80 166
81 103
97 171
13 47
11 163
9 129
87 151
87 194
23 112
80 183
39 198
70 133
51 121
67 84
100 21
78 56
96 61
37 191
3 27
4 55
80 38
14 121
93 111
24 188
19 10
72 48
73 141
45 53
87 151
35 131
42 120
89 80
94 166
39 141
13 118
2 104
31 194
15 61
9 18
46 104
37 114
10 105
97 155
70 145
97 102
61 184
61 119
47 143
9 76
45 67
74 193
61 13
51 58
45 175
57 37
89 76
33 45
40 156
72 130
40 24
48 144
18 153
43 131
9 106
15 49
81 21
10 68
44 77
75 146
76 30
4 103
68 84
5 112
26 153
58 139
33 192
21 79
87 31
77 157
24 98
65 21
1 191
74 117
6 102
17 153
1 159
1 61
84 52
35 37
97 97
13 164
53 129
79 80
11 43
78 87
91 31
3 86
84 47
63 151
60 109
44 172
27 89
52 27
93 33
33 177
78 75
81 155
72 27
1 20
91 113
50 165
87 194
99 80
49 159
25 24
70 167
30 164
35 122
34 119
56 190
31 147
35 171
93 159
41 161
24 159
71 65
45 103
13 171
66 56
8 113
31 154
31 173
49 72
54 84
55 31
45 107
74 136
7 127
62 18
7 70
53 44
64 95
58 183
14 185
89 54
30 54
50 145
85 95
58 102
98 113
57 66
42 184
61 192
61 24
3 83
83 155
73 95
63 81
23 59
18 189
35 190
54 40
77 186
15 171
13 118
18 128
55 107
78 77
84 98
24 143
34 178
32 38
28 71
97 107
46 115
49 55
86 38
100 156
68 169
76 32
66 149
22 198
37 58
77 168
12 93
44 125
3 134
6 91
13 32
74 14
31 145
55 169
47 55
43 166
25 58
6 80
10 23
1 163
76 117
38 82
88 69
26 177
2 111
92 111
21 87
60 180
52 12
8 74
74 192
73 112
99 80
72 72
2 115
31 146
19 42
18 53
52 191
95 48
8 12
24 26
7 162
55 162
12 114
33 12
75 168
24 67
31 55
3 145
22 56
78 142
87 163
57 86
85 189
35 51
100 196
91 32
12 75
1 108
52 14
96 117
43 178
89 73
10 89
46 193
25 105
74 107
46 43
2 67
90 67
61 46
13 153
15 85
95 17
84 31
44 112
16 32
57 20
2 188
84 20
18 165
21 96
11 76
95 41
73 150
71 61
56 91
69 193
26 173
31 189
75 123
34 158
57 189
3 174
8 151
72 33
78 41
48 81
85 19
19 128
26 183
68 98
51 193
35 139
9 119
19 90
57 88
75 32
25 70
76 166
97 95
34 31
96 164
78 87
74 117
63 88
66 176
85 38
66 10
68 76
43 171
48 13
99 85
97 40
50 42
5 22
29 128
48 170
44 102
9 41
65 191
71 27
48 182
68 184
89 142
83 24
13 170
79 82
7 115
81 52
78 179
45 156
23 197
38 159
73 155
96 141
100 127
47 158
31 86
84 78
27 120
6 133
20 79
86 172
28 63
67 47
43 168
2 146
33 152
11 98
29 59
65 61
93 33
74 143
20 134
48 62
85 83
53 182
55 35
8 41
37 99
55 86
49 26
27 145
94 93
42 87
45 142
69 130
49 48
65 181
63 40
45 166
23 116
94 176
77 53
62 154
59 199
53 161
37 179
29 35
52 157
77 29
70 60
19 194
59 79
66 130
38 169
8 39
36 22
43 54
52 18
73 40
92 26
12 41
56 61
77 69
57 13
76 118
77 172
65 80
5 140
89 191
82 141
86 30
20 196
31 119
3 79
52 18
58 40
12 145
18 88
5 19
59 86
71 188
12 121
56 28
26 49
4 186
27 103
70 63
52 69
4 188
8 13
4 80
48 94
27 119
68 50
11 200
46 15
79 120
21 47
35 47
2 110
57 25
68 173
13 45
58 132
9 43
20 127
78 33
11 27
50 158
24 114
66 37
94 167
13 74
5 154
24 15
8 197
45 104
40 70
97 171
2 200
3 129
31 167
45 49
23 34
93 28
43 153
100 38
62 195
56 55
73 46
44 33
67 15
19 21
31 166
100 84
57 104
46 112
60 167
25 184
6 165
45 81
49 158
18 172
98 86
33 65
12 42
22 180
85 48
46 94
93 49
20 36
94 63
22 174
80 53
32 109
24 183
8 146
89 128
81 110
82 163
46 170
51 163
32 150
89 65
98 47
2 40
83 138
59 51
42 158
75 43
79 105
32 70
91 39
61 81
19 88
89 125
7 195
51 140
25 199
34 30
97 119
13 19
10 86
70 173
74 120
35 192
93 171
6 133
83 55
50 117
9 186
88 114
28 92
87 155
95 59
23 91
88 103
53 71
83 28
90 37
58 71
72 153
93 10
11 33
75 12
54 37
85 43
53 47
20 136
55 112
29 117
91 113
71 46
22 154
55 189
33 96
47 160
90 182
78 188
66 95
77 191
12 143
18 37
22 22
42 69
65 26
96 182
5 13
61 21
32 61
60 115
43 74
29 57
64 78
76 153
44 15
70 70
19 87
17 41
60 136
56 176
67 97
21 140
30 14
4 35
41 121
77 104
97 119
78 109
76 118
7 110
59 24
58 91
46 31
14 31
71 35
43 161
62 168
96 93
2 174
18 159
38 91
84 158
94 198
89 169
59 126
6 134
98 40
59 81
45 53
58 171
12 180
11 145
46 24
75 108
76 28
99 21
17 133
69 172
61 107
40 10
4 155
53 80
36 122
87 131
63 147
97 79
67 154
74 45
33 30
11 15
81 179
46 52
6 165
33 120
40 17
33 82
65 58
72 174
100 55
83 39
37 182
74 52
8 35
27 109
14 117
73 153
39 183
52 194
80 151
50 144
6 118
68 34
36 115
37 104
9 56
29 67
1 80
100 139
23 146
71 27
4 75
2 71
8 92
16 159
29 105
18 70
57 18
96 62
21 150
37 135
70 30
14 63
69 139
56 26
38 40
59 157
13 102
52 72
73 23
12 13
20 79
61 158
27 118
100 31
79 100
60 148
45 137
85 101
37 49
58 14
88 80
80 176
6 164
74 156
69 133
95 32
98 55
33 136
90 65
60 71
58 17
29 125
74 108
49 52
55 152
56 129
2 144
62 41
96 197
73 79
56 148
53 112
94 13
67 44
75 127
45 101
5 194
56 96
77 56
56 93
22 62
100 149
25 154
18 90
19 77
16 52
16 59
90 163
67 89
25 119
67 44
86 66
76 150
53 188
99 37
36 162
48 98
36 44
54 38
5 15
43 36
16 84
7 184
78 69
52 154
99 13
35 23
79 50
99 25
62 136
45 156
24 148
40 80
67 186
20 170
38 40
56 93
57 154
38 108
12 53
47 50
100 110
31 172
71 154
58 75
33 48
56 180
21 178
60 170
51 70
71 97
5 192
97 125
5 164
10 37
52 35
96 198
14 63
26 164
66 52
24 93
28 48
67 79
64 111
98 38
55 46
12 35
39 68
57 86
51 156
61 85
