800
27680
78 24
100 157
4 134
4 119
14 122
88 45
17 81
39 197
39 189
29 82
13 133
38 133
67 75
52 41
59 179
25 31
58 97
48 136
93 105
72 63
3 119
41 147
30 70
62 103
30 131
50 120
52 124
47 181
38 191
95 75
29 58
9 110
24 48
5 173
35 150
21 134
4 48
69 148
96 170
77 95
47 21
55 80
78 141
84 139
13 73
62 143
21 68
44 111
5 116
71 183
26 118
42 51
72 121
59 150
32 164
99 35
53 63
12 170
44 178
4 151
91 130
94 184
57 87
72 58
43 118
40 46
49 171
92 99
80 150
53 127
47 26
74 145
4 12
99 29
31 113
66 18
100 150
63 96
91 55
72 60
5 110
36 134
55 158
33 50
10 38
47 34
81 10
48 38
94 174
38 111
51 174
78 143
53 175
39 67
93 62
27 187
18 123
9 26
44 132
47 151
34 19
88 115
96 95
82 123
44 194
4 138
69 99
49 185
15 60
92 28
12 27
40 80
72 32
15 75
89 195
82 50
20 19
41 178
77 28
51 122
78 121
47 78
96 162
86 105
15 77
74 22
83 31
84 127
41 30
51 195
66 149
72 170
21 116
54 39
2 49
87 148
47 30
95 112
12 151
99 73
66 17
37 63
16 32
98 76
65 86
83 174
30 12
80 75
91 105
85 65
15 113
8 40
43 198
69 71
60 192
52 88
49 102
34 157
22 52
11 170
60 199
14 66
86 137
27 39
87 167
41 23
67 192
89 117
55 30
76 148
59 101
23 178
87 194
52 195
23 130
23 104
88 21
55 13
13 97
40 183
94 76
71 136
63 11
20 182
23 21
12 124
2 19
12 122
86 71
27 197
8 163
4 118
44 35
39 144
90 47
80 143
34 76
64 60
76 62
5 141
25 174
52 71
66 136
45 135
77 78
96 40
59 98
54 103
20 192
32 86
62 79
99 127
4 108
14 63
66 142
50 24
64 123
42 129
3 183
46 123
12 180
29 115
30 10
82 85
73 113
84 97
13 149
69 12
95 134
87 129
64 126
93 74
98 97
79 49
54 98
92 87
67 164
96 140
1 140
47 53
72 176
87 79
81 92
44 29
40 144
46 121
69 170
18 70
53 157
98 98
31 89
35 53
98 136
15 32
74 62
12 18
54 161
63 29
80 27
92 60
42 121
88 157
2 92
11 40
96 84
38 14
36 157
17 200
4 76
37 88
53 110
66 186
58 120
66 81
62 79
61 137
36 69
35 133
74 101
11 18
81 16
26 87
35 142
39 124
45 68
8 174
58 194
56 20
62 138
12 83
85 109
16 129
21 182
36 37
14 125
88 58
50 20
30 91
76 13
38 26
65 162
72 125
35 131
87 94
5 30
19 105
24 102
7 59
36 133
29 172
12 103
27 33
24 37
38 168
62 104
4 86
67 145
53 111
87 33
38 157
9 28
81 90
87 179
14 179
5 25
2 67
17 23
33 95
37 94
1 116
65 53
13 23
97 89
67 117
8 106
34 181
81 66
51 60
73 122
15 150
14 79
28 170
51 169
41 150
59 119
1 69
100 184
96 105
83 49
25 145
40 125
44 111
30 59
54 35
36 48
33 78
76 81
89 112
83 145
58 171
64 35
90 154
30 65
27 54
76 155
60 109
21 43
35 102
46 115
9 132
90 24
13 80
14 39
78 151
16 28
93 118
94 24
45 195
46 68
51 151
49 34
48 68
75 84
43 39
4 20
87 178
20 73
72 191
35 37
92 137
31 105
33 117
57 110
2 120
62 115
16 54
99 170
51 155
78 52
12 120
32 187
76 81
39 67
78 119
25 142
94 123
46 59
2 47
28 114
1 28
98 94
62 200
6 105
51 75
66 45
36 135
93 153
76 90
41 14
3 119
30 89
78 34
39 186
65 162
86 66
7 200
71 123
6 151
95 100
15 16
34 189
84 22
46 79
8 106
8 46
8 183
69 166
98 20
72 145
13 154
41 33
57 196
74 196
81 101
55 28
42 190
59 55
21 50
8 175
52 18
11 29
2 154
16 147
97 63
87 123
99 25
13 32
63 183
68 65
82 86
63 190
44 43
20 160
6 190
100 60
89 45
66 30
25 74
26 200
98 76
12 107
54 165
96 110
51 15
53 25
52 68
59 138
10 128
53 90
97 76
99 78
91 12
80 10
15 108
33 33
8 13
20 39
46 168
64 134
61 167
67 29
85 11
35 173
7 199
84 38
25 43
63 57
2 146
54 195
95 144
77 200
74 99
8 187
31 117
79 134
74 35
44 86
66 68
67 97
53 156
13 121
80 96
73 16
65 53
80 100
43 101
16 120
47 116
34 94
36 28
27 156
2 184
18 133
27 189
65 61
39 87
66 53
63 150
42 49
44 165
92 128
82 106
68 168
7 132
68 49
43 44
60 96
10 62
78 50
42 26
66 190
24 93
2 31
53 97
37 46
100 35
5 120
55 55
26 98
97 111
98 174
98 127
73 199
95 43
63 100
35 172
41 26
60 172
90 67
32 200
81 122
48 50
17 88
19 174
12 193
15 198
53 119
22 111
74 199
98 77
24 175
33 70
54 173
13 76
36 158
36 165
59 116
75 185
2 191
25 12
4 92
7 70
87 15
58 25
2 63
78 190
12 39
22 121
23 139
6 180
87 39
61 67
96 186
40 83
48 30
12 160
2 150
30 109
70 110
99 13
31 166
13 72
37 97
58 71
43 93
47 35
73 164
84 145
61 90
34 179
4 58
94 102
59 94
16 123
48 142
70 138
20 189
66 132
53 111
76 83
6 158
97 33
40 163
58 162
24 130
19 135
66 196
61 136
59 23
92 71
4 74
90 160
55 120
79 116
19 152
55 177
84 186
13 178
15 55
7 112
39 24
30 44
71 190
60 188
66 31
15 48
92 174
72 167
34 179
28 147
78 73
82 70
9 120
27 68
56 92
97 114
100 14
59 95
30 40
10 13
1 88
63 195
70 170
19 26
41 166
6 87
16 76
68 59
17 72
12 178
45 99
16 125
99 93
92 133
68 59
85 126
7 60
30 42
7 45
56 62
71 28
78 184
40 183
65 193
87 37
75 155
60 129
21 171
68 128
41 170
11 64
26 101
35 183
82 67
89 93
52 190
38 35
49 30
34 35
44 119
46 88
37 131
87 34
98 28
26 12
17 20
65 93
36 78
19 151
24 25
97 132
78 72
31 78
8 148
35 74
58 72
68 13
46 197
17 165
83 168
2 139
7 81
56 73
93 23
76 176
24 64
89 82
64 24
63 103
94 174
84 191
72 64
40 197
70 32
83 33
8 67
72 200
86 100
58 53
47 102
84 102
39 130
48 83
82 82
57 50
27 38
4 143
92 21
20 35
31 117
78 197
98 69
64 195
37 26
74 153
39 138
95 97
6 64
35 62
31 11
32 165
67 46
45 105
37 24
60 78
11 67
10 10
94 25
78 152
6 194
17 126
3 178
28 171
43 95
14 186
54 145
30 48
38 134
64 129
23 175
32 180
1 67
49 128
33 174
80 167
58 161
42 164
87 158
86 125
98 102
78 178
44 109
25 177
74 118
63 116
96 172
6 38
28 184
4 108
44 118
