800
27273
40 197
51 91
82 162
41 142
17 124
19 80
51 154
50 91
34 154
41 97
13 101
19 133
61 119
60 175
95 38
17 98
41 181
66 76
24 72
50 90
25 46
58 74
11 163
28 58
36 196
25 34
37 129
9 54
25 38
46 68
46 166
15 116
78 200
14 81
52 123
48 167
56 157
84 197
77 25
11 99
80 138
77 152
61 39
17 98
7 91
11 27
37 143
62 54
28 160
96 151
7 70
80 193
72 32
74 174
27 127
72 195
21 124
37 177
33 57
37 165
9 141
43 25
76 55
65 32
60 67
39 16
39 101
99 190
3 84
29 137
62 27
62 134
96 184
3 155
20 165
80 153
47 143
60 11
17 156
13 82
13 35
15 136
74 184
2 57
50 144
81 195
66 135
26 167
25 15
35 57
93 139
21 138
15 81
92 104
80 68
85 116
85 132
97 169
75 160
39 163
74 114
21 16
39 73
60 199
56 166
35 87
29 26
38 161
54 108
11 73
47 52
24 193
90 172
17 98
50 138
57 78
10 97
76 57
27 113
62 120
2 162
44 75
92 178
12 120
73 32
28 134
100 59
18 63
43 104
66 107
65 108
9 128
62 111
4 128
25 63
13 198
20 141
6 154
34 194
19 51
86 135
34 83
45 91
49 159
98 155
94 77
99 40
100 133
30 49
36 171
84 79
56 123
86 194
62 133
74 95
88 119
91 14
20 116
68 61
64 143
12 49
49 109
5 166
6 11
16 177
38 102
82 65
9 34
8 153
7 159
95 29
44 46
59 91
29 194
82 194
95 52
79 76
20 96
12 21
18 56
57 157
19 141
10 57
72 190
31 147
70 79
19 103
15 162
84 178
95 125
9 165
9 141
70 88
17 144
34 154
70 20
47 140
57 16
10 144
69 142
94 80
66 76
10 80
41 172
27 157
12 105
48 121
12 75
56 163
53 24
18 114
84 162
77 188
77 188
34 31
82 175
65 54
66 20
37 168
26 116
25 184
88 74
79 51
68 70
36 143
73 53
4 61
100 147
63 47
44 29
58 59
24 158
31 113
42 89
78 135
97 196
98 142
32 91
53 86
95 49
38 74
67 60
20 180
29 102
6 123
6 136
12 139
2 83
76 154
27 99
84 93
23 124
18 158
21 104
20 107
56 163
38 106
47 150
84 91
86 95
23 124
48 60
66 150
18 116
98 125
50 113
75 185
18 190
73 170
8 168
43 84
28 103
44 138
2 128
56 73
45 54
16 55
12 170
33 155
60 50
25 193
93 135
5 26
14 145
99 172
3 55
47 109
84 151
3 67
12 156
81 184
75 18
19 29
11 88
30 174
35 169
70 51
10 127
57 102
25 182
6 89
95 73
53 18
33 69
64 174
48 66
88 46
4 58
73 131
13 105
47 158
87 186
79 114
80 73
4 65
66 106
64 142
54 138
52 42
83 114
74 198
25 92
88 158
56 161
84 59
26 123
88 91
55 163
20 122
17 168
97 125
76 46
95 67
68 52
67 83
61 73
29 71
46 73
12 53
16 154
9 155
49 50
12 106
28 75
69 26
14 100
32 103
87 104
16 169
60 129
41 28
51 47
50 116
94 73
60 85
74 168
23 108
20 23
40 147
28 24
36 187
44 183
33 58
4 22
93 88
41 172
25 31
97 24
22 29
19 44
92 58
95 191
16 199
35 158
75 35
90 48
79 33
93 45
11 98
29 84
43 155
47 132
90 98
20 43
54 200
71 147
14 150
66 155
69 20
63 135
82 35
79 197
72 48
59 125
51 45
90 120
47 81
5 63
35 32
97 113
2 93
27 107
24 14
66 69
64 118
28 40
75 106
99 18
52 110
71 161
70 11
23 134
17 46
85 57
28 19
58 145
20 102
68 188
48 172
22 115
67 169
98 66
75 28
36 22
20 24
80 91
94 54
54 166
62 79
87 37
27 40
45 17
60 108
45 55
25 68
83 23
48 60
24 146
67 134
95 81
27 25
70 51
18 176
34 72
20 114
8 102
48 121
88 49
13 153
99 18
96 121
76 129
77 186
100 173
31 47
79 180
6 41
41 123
85 171
74 67
85 57
44 164
14 169
39 63
97 113
68 166
38 62
86 189
54 73
72 130
75 118
48 22
97 75
13 117
34 187
38 27
95 150
73 132
38 72
33 11
72 158
47 161
97 124
15 57
11 24
59 57
32 118
26 22
13 104
97 68
86 186
29 139
23 196
76 152
97 156
97 144
25 10
40 167
72 35
68 36
55 147
29 125
70 49
95 12
97 149
90 197
85 124
34 115
22 38
32 63
39 181
91 70
68 142
56 154
96 121
16 38
84 109
87 149
62 118
27 103
27 50
42 50
80 170
69 136
78 47
61 45
80 28
95 28
2 49
8 142
66 191
83 129
31 99
20 170
70 160
7 16
10 177
38 161
69 113
71 167
15 186
32 107
31 80
30 94
4 187
48 154
70 156
12 84
99 22
49 100
82 134
97 188
15 122
59 33
73 153
5 51
10 38
23 198
19 41
23 86
78 23
5 161
69 160
61 126
12 97
40 47
71 65
81 14
6 55
54 164
83 115
6 73
53 90
46 102
38 123
8 58
25 134
65 112
72 134
72 105
55 80
22 86
10 107
66 158
13 52
94 12
25 40
34 199
26 157
21 159
91 101
71 168
80 40
49 148
59 23
68 61
44 67
69 139
95 52
53 79
97 186
33 196
13 157
81 174
25 13
20 42
64 160
24 179
64 85
35 140
9 197
24 168
74 116
79 61
39 102
61 19
57 108
54 59
6 142
74 199
94 32
58 82
90 185
36 48
11 195
75 172
72 46
72 158
92 118
23 31
68 137
38 115
28 163
23 48
57 29
35 178
10 25
51 78
49 78
83 150
3 10
63 160
40 11
79 42
63 10
94 194
81 49
5 147
25 86
27 26
75 44
39 112
78 188
24 81
49 47
58 109
82 100
90 29
69 82
49 112
51 50
18 29
24 109
98 38
79 176
17 102
64 175
30 28
74 54
88 188
54 200
99 131
69 156
52 176
99 197
7 136
92 89
74 31
23 102
44 48
13 69
35 74
87 189
31 91
2 125
59 20
84 117
80 170
62 178
52 11
20 167
5 138
93 61
68 57
29 17
29 179
9 166
58 57
1 155
11 61
97 176
58 80
68 11
14 79
44 169
42 20
44 172
11 174
4 38
19 178
24 96
4 39
28 89
5 93
20 73
56 83
41 52
41 112
66 155
27 72
61 145
72 200
16 12
22 161
37 163
4 116
37 124
81 27
8 179
78 195
47 13
83 57
25 182
18 108
43 179
42 70
15 182
75 98
33 69
51 41
43 156
5 23
25 196
67 105
16 22
64 129
34 118
69 150
29 10
100 37
17 59
23 127
29 17
50 190
5 81
42 195
42 26
22 46
63 145
92 77
86 199
60 15
12 168
19 72
43 153
31 122
52 40
45 109
30 25
92 90
20 198
71 86
13 175
88 90
92 64
71 142
4 116
68 93
48 151
44 77
2 181
57 21
30 137
17 86
90 23
19 195
53 33
58 11
29 21
47 80
87 67
59 84
82 17
18 161
77 16
90 153
76 128
68 95
69 98
27 163
