800
26848
11 184
85 48
96 64
70 134
14 21
20 15
89 183
28 167
8 197
44 173
17 20
83 82
50 116
20 163
48 122
28 48
91 84
47 50
39 143
92 36
100 166
62 173
22 35
24 100
55 97
2 78
5 122
56 130
1 18
10 122
89 101
29 104
69 118
92 62
50 53
64 167
70 33
2 177
68 190
63 120
92 84
19 187
90 96
91 195
12 105
35 11
1 147
83 26
58 146
39 35
57 37
66 150
49 132
16 76
3 114
64 39
47 127
41 124
1 107
64 135
42 101
48 177
53 58
11 56
26 44
4 147
3 93
60 74
64 139
93 151
37 59
1 134
99 197
51 14
54 95
20 25
24 113
58 75
62 62
96 52
33 10
85 77
94 52
19 166
59 172
69 145
1 137
69 171
33 151
50 36
25 170
4 129
43 18
42 27
37 84
35 108
78 140
94 90
40 23
38 33
85 111
72 29
13 77
84 21
50 79
95 96
30 92
6 110
8 187
84 167
16 123
51 149
18 140
82 196
53 175
64 60
28 134
25 125
43 155
76 73
55 62
76 123
94 43
50 61
89 28
98 130
31 129
29 127
100 14
13 161
36 135
9 94
10 62
52 88
47 142
21 192
98 15
48 110
30 105
84 194
51 163
88 139
69 45
7 153
68 132
28 90
25 193
86 74
19 94
49 110
8 175
62 183
3 83
95 14
3 69
31 72
47 134
89 139
56 111
88 81
80 170
61 134
30 28
25 66
32 179
59 35
40 37
69 139
43 168
54 159
11 56
28 116
17 119
38 157
42 183
9 166
97 102
44 194
23 197
14 138
49 196
6 108
3 166
89 11
3 16
72 163
43 134
33 175
39 88
36 44
14 80
39 38
88 76
69 90
24 184
19 14
22 109
42 30
81 120
34 10
89 142
23 95
58 166
19 184
86 113
33 51
95 95
21 88
4 30
30 109
42 173
25 111
9 168
39 26
66 108
62 35
27 78
48 145
41 185
31 169
42 13
7 35
82 43
47 14
67 113
25 108
5 146
64 46
7 123
6 26
12 163
96 139
7 126
77 47
84 52
40 60
15 163
68 63
69 11
85 167
30 92
45 140
50 24
62 66
14 25
54 96
91 96
29 198
22 57
49 67
32 17
48 176
15 112
46 29
10 24
29 60
50 118
12 17
100 193
63 141
77 27
69 123
19 142
70 51
40 169
29 32
66 176
96 187
28 76
20 105
59 65
6 55
33 104
12 17
98 21
88 54
64 60
49 191
83 100
86 180
79 49
23 106
47 77
29 81
50 54
19 194
61 178
4 21
97 86
74 143
41 189
60 34
18 36
43 196
44 119
73 185
20 84
78 188
96 83
53 192
28 98
66 28
10 141
60 25
95 143
46 143
53 155
62 96
43 114
54 157
34 164
25 93
11 94
98 100
35 15
54 161
47 118
97 186
66 186
64 99
67 156
12 191
71 199
75 98
68 164
43 151
28 179
37 35
18 153
30 108
63 132
11 25
34 76
19 121
37 150
29 124
48 80
11 27
65 116
35 47
40 46
2 178
22 74
98 81
64 51
73 145
2 150
66 48
11 97
51 162
10 36
72 131
5 61
96 96
67 17
72 169
100 50
20 32
72 24
29 164
15 175
52 121
59 26
94 187
48 11
92 142
69 170
61 145
29 108
94 10
47 72
76 69
88 52
24 55
44 28
2 160
54 93
23 86
80 119
26 30
83 157
82 103
38 84
80 62
59 172
8 145
85 63
39 149
27 161
15 182
29 150
8 60
2 74
38 143
7 62
71 86
37 81
88 98
25 52
51 27
58 181
16 179
93 171
24 10
37 86
71 56
63 25
3 103
26 112
38 18
23 60
95 105
88 28
74 161
89 19
78 78
22 88
13 199
37 49
8 70
33 183
48 111
17 200
4 49
98 185
13 105
16 141
98 86
51 140
11 139
4 33
52 107
42 65
57 84
8 83
59 167
46 82
55 92
87 54
68 135
38 109
82 65
18 115
43 43
10 149
62 81
54 172
67 31
97 148
46 111
90 170
84 30
33 131
20 80
59 45
15 14
3 54
52 43
65 155
88 155
59 31
8 98
11 62
10 94
4 15
11 40
77 120
4 189
6 43
24 91
71 150
35 156
71 80
81 19
33 180
73 64
93 191
45 19
59 190
53 49
91 130
31 182
90 50
13 161
52 171
46 76
48 146
41 70
63 152
31 49
3 49
2 87
11 135
31 48
96 125
21 178
35 160
67 178
43 112
50 126
78 172
53 36
43 107
5 147
64 124
29 173
84 84
83 39
66 105
2 66
76 61
68 53
24 89
23 147
7 29
67 83
33 111
15 149
38 53
35 133
76 199
1 73
83 116
68 166
28 59
28 133
34 43
17 94
74 131
13 118
25 52
5 190
68 97
64 52
59 13
50 62
76 32
29 101
25 193
44 73
95 80
49 11
53 25
20 89
79 101
73 113
17 17
59 121
69 76
72 53
54 198
79 125
7 17
80 163
17 194
27 143
14 45
51 76
12 90
75 144
13 64
64 33
50 16
66 179
21 53
76 156
77 57
62 136
68 75
51 155
69 154
8 183
56 156
15 109
73 170
62 122
62 57
24 18
92 111
74 86
57 97
24 67
36 113
87 21
39 54
85 170
52 60
100 183
94 138
4 55
54 122
47 164
20 137
17 29
20 145
26 102
33 12
68 59
58 12
12 108
12 111
16 151
26 173
38 22
39 87
38 175
39 60
90 88
97 77
23 94
29 118
37 15
84 121
73 152
2 122
35 144
46 35
72 81
82 58
79 135
77 159
96 118
70 94
26 63
2 144
31 161
90 89
89 78
7 196
79 155
98 96
45 16
31 81
10 199
77 45
61 180
69 198
100 63
81 135
61 162
38 10
67 40
100 73
100 194
31 71
75 110
37 38
15 166
86 160
14 18
72 63
50 188
44 115
39 11
18 56
25 35
72 73
31 102
88 32
28 100
11 115
27 84
77 164
90 76
53 175
19 58
62 142
55 96
60 196
70 195
89 110
46 142
13 142
66 151
21 52
49 84
4 148
20 167
9 193
6 71
29 40
99 85
16 200
33 47
61 78
56 21
8 186
87 50
64 163
37 13
47 46
57 33
78 127
52 198
34 98
5 49
99 83
87 61
100 157
51 24
92 120
86 36
72 78
96 198
91 22
40 14
54 21
48 156
95 31
41 84
6 27
85 11
1 178
51 85
17 97
50 66
18 116
25 140
20 119
21 156
54 50
20 121
65 65
27 43
27 188
88 29
74 43
42 176
94 19
4 182
28 190
62 189
3 14
53 54
40 157
41 155
68 32
29 117
34 127
95 153
57 34
48 30
3 178
50 34
58 49
78 35
92 83
23 138
88 81
35 46
48 38
59 70
16 67
79 155
96 98
57 120
1 175
60 41
90 129
34 57
98 71
18 100
76 159
45 173
26 19
70 96
15 159
11 150
91 121
43 63
11 68
14 62
18 22
83 165
51 21
74 35
80 58
49 169
1 153
88 159
23 10
82 81
73 85
40 148
1 97
48 165
58 109
79 31
42 64
97 189
18 46
12 74
69 170
65 86
50 28
78 76
32 136
83 112
62 94
82 10
