800
27955
60 148
43 97
23 155
94 96
45 50
40 93
14 76
71 43
47 97
6 114
56 16
79 118
2 101
90 10
11 35
55 180
6 72
25 170
63 76
36 185
81 148
25 149
95 103
84 57
53 60
3 72
35 103
95 153
16 160
75 136
64 150
98 79
63 152
69 184
35 59
64 70
81 155
8 86
7 89
4 102
34 58
22 54
89 77
49 28
98 110
95 72
54 46
61 140
93 157
56 197
20 129
97 71
18 77
88 68
93 152
8 155
96 13
75 196
33 176
76 199
34 176
14 169
17 119
61 47
60 132
66 147
3 115
42 153
82 54
4 186
13 107
39 41
41 118
25 47
24 18
51 84
33 82
10 33
14 94
86 193
21 50
34 25
99 79
18 162
3 121
85 108
71 124
17 68
90 64
33 153
10 106
28 129
7 168
10 126
13 59
88 97
34 74
49 129
78 154
60 17
53 122
20 80
9 172
82 15
43 76
69 157
1 135
72 54
53 30
47 185
51 152
47 189
33 186
53 176
46 104
50 142
77 63
77 124
9 55
39 200
25 11
56 178
14 106
45 63
98 134
7 90
42 111
48 180
22 30
81 20
19 25
18 136
1 48
33 24
58 138
25 144
91 80
80 34
39 158
94 148
41 186
9 32
60 152
17 44
34 46
99 171
42 179
79 171
80 76
63 179
19 183
85 78
6 16
11 36
82 154
94 69
52 102
60 77
65 179
80 71
9 141
88 118
21 71
41 47
12 188
36 186
75 29
72 39
80 47
13 194
33 75
87 95
81 20
57 175
16 128
80 84
41 25
25 66
86 94
44 25
96 93
70 10
68 91
42 101
89 141
57 40
4 177
77 132
17 41
57 136
16 182
13 31
40 151
4 107
66 123
70 85
60 98
95 37
16 75
93 96
45 86
20 108
91 43
27 184
50 174
95 51
48 199
22 112
64 105
61 124
6 104
89 190
22 179
74 71
29 192
84 91
47 136
90 22
15 76
5 161
97 188
73 110
42 166
14 185
65 99
36 187
90 75
72 124
35 168
32 90
94 13
2 167
89 16
53 155
81 160
38 57
24 53
88 103
33 46
34 45
8 96
38 156
1 85
39 147
58 182
45 137
64 12
14 181
47 21
97 73
16 195
9 51
28 101
44 25
53 84
59 126
3 119
54 153
90 113
79 75
7 62
33 49
16 175
60 182
23 80
82 186
22 94
64 30
22 50
96 186
14 134
51 25
4 122
48 56
93 81
99 134
35 13
18 57
18 155
32 31
66 162
42 176
16 114
68 170
76 43
74 133
14 190
29 110
33 79
14 47
41 52
49 50
100 65
81 63
51 122
100 64
46 173
44 49
79 94
60 180
65 177
44 119
50 140
6 200
60 11
19 189
24 142
77 97
51 157
86 179
52 105
19 196
20 42
80 85
96 159
66 177
66 121
52 63
47 150
33 182
12 51
93 95
50 47
54 198
4 190
10 126
15 18
83 64
35 75
21 151
100 143
10 38
66 98
2 91
87 80
18 170
40 60
19 114
59 193
35 24
43 134
23 94
95 100
61 100
30 145
93 16
7 101
75 182
27 49
12 106
67 106
52 129
14 48
60 120
27 17
91 12
4 96
92 82
89 126
77 197
73 118
31 175
66 107
72 66
44 153
8 164
49 168
1 191
71 140
91 19
27 158
66 136
84 66
26 111
16 173
80 75
2 64
44 46
84 192
56 35
74 108
3 75
39 73
14 42
97 12
67 143
84 73
20 165
38 198
43 78
60 167
54 103
95 176
58 118
77 133
45 106
58 144
1 200
63 131
95 151
65 174
100 114
81 123
88 166
97 188
87 97
31 19
8 192
42 96
72 129
90 151
95 12
4 42
94 120
64 148
88 166
94 33
65 85
62 42
27 194
77 153
55 95
79 71
23 101
57 43
95 53
51 126
66 190
75 69
86 38
3 113
28 104
79 104
18 64
85 166
76 34
5 24
86 91
27 43
71 101
83 18
94 170
84 99
55 14
25 114
100 57
83 186
6 38
31 46
47 87
75 177
10 51
35 65
53 109
58 187
84 193
38 45
19 127
59 52
21 40
53 158
23 86
64 91
99 104
92 82
26 193
24 45
5 173
94 95
15 200
19 178
7 62
54 15
46 138
11 26
62 146
1 103
31 94
15 106
11 148
63 151
13 106
88 200
91 176
98 22
78 104
81 28
98 71
60 183
91 29
78 88
98 161
59 170
43 60
52 110
86 73
4 149
43 54
41 81
28 199
13 45
17 158
18 72
7 119
57 125
43 39
24 60
5 19
33 71
70 62
11 50
27 22
46 16
67 146
15 116
55 85
82 59
97 132
41 110
100 123
36 70
75 38
72 58
48 107
4 96
82 65
10 176
84 109
73 138
84 119
2 174
76 96
90 67
62 78
44 101
77 76
83 114
63 124
24 23
71 188
57 24
74 44
41 18
56 178
25 63
26 140
42 109
11 67
12 176
30 47
12 23
18 198
40 84
90 16
95 66
82 43
5 129
50 184
60 200
58 71
61 24
32 58
75 20
83 129
78 75
39 115
43 127
32 102
43 163
58 10
27 185
98 21
70 14
1 85
99 118
100 108
49 11
69 85
75 118
78 61
34 199
13 37
29 177
32 137
10 61
82 171
24 29
87 67
75 119
13 131
77 182
33 170
16 117
50 137
48 130
32 23
22 77
75 163
47 31
11 44
28 79
92 126
60 146
61 186
81 91
59 155
39 109
7 138
17 154
99 20
17 18
98 106
43 87
78 71
12 162
49 159
65 161
20 144
14 17
73 145
37 28
17 81
84 62
98 81
76 162
8 179
64 44
35 115
54 20
83 184
45 94
16 124
96 72
96 158
75 67
71 42
84 110
84 143
32 132
44 83
38 192
40 61
65 54
76 82
39 86
60 150
97 11
6 149
53 43
22 56
75 76
39 105
59 49
15 32
71 185
47 199
96 16
34 89
79 17
28 61
15 69
30 198
89 98
75 158
80 62
62 28
93 36
11 35
62 166
43 103
49 150
91 52
26 31
47 100
33 165
39 67
12 167
31 34
8 186
98 147
26 10
3 76
82 92
66 49
19 200
40 167
42 102
27 82
2 179
98 64
53 91
100 76
94 161
32 128
20 189
38 156
26 171
45 150
72 52
92 135
9 115
56 160
70 18
65 153
16 51
55 124
3 131
22 165
46 87
58 165
41 76
32 107
36 95
46 32
99 90
38 55
91 163
90 112
87 91
36 187
72 80
15 65
59 165
39 127
3 188
76 78
20 66
87 19
48 128
5 21
1 59
30 37
86 99
50 82
18 158
66 64
2 84
40 195
98 139
85 199
52 74
83 153
83 170
2 98
57 154
2 35
42 192
82 119
63 114
40 159
75 47
18 26
36 47
73 123
19 106
8 115
67 34
60 88
88 135
82 47
15 44
66 98
14 27
57 176
87 167
35 46
15 199
46 161
7 165
15 106
80 68
47 23
24 23
30 177
45 85
95 166
32 190
12 182
52 59
39 139
66 81
85 49
78 147
10 188
7 68
88 98
68 111
46 122
44 40
71 118
42 29
18 150
63 103
98 106
36 85
47 116
52 133
6 117
68 135
11 43
