800
28525
88 107
11 28
75 99
28 117
41 143
66 172
32 107
22 159
81 89
62 54
43 36
72 87
57 141
47 60
9 143
4 13
65 179
37 192
78 156
57 186
91 78
44 53
21 87
36 98
47 10
24 186
58 19
16 91
23 10
76 32
98 200
70 21
59 142
37 77
86 57
1 177
77 43
93 47
38 53
47 39
12 156
10 178
99 11
95 133
62 52
38 88
52 151
52 103
20 57
23 105
29 92
50 134
27 55
87 78
77 109
29 125
85 197
85 10
98 124
92 41
89 158
72 70
100 24
68 82
26 105
43 97
6 184
16 135
85 55
98 138
19 74
62 174
9 113
8 140
68 182
45 84
66 133
26 43
58 126
44 119
31 156
99 150
95 85
57 134
39 60
67 160
90 11
92 200
29 109
47 170
27 48
72 167
96 63
8 28
41 51
54 170
37 144
22 77
64 143
74 146
33 96
88 108
88 118
17 70
15 34
65 130
54 189
3 165
8 117
64 172
62 140
33 134
18 181
39 177
30 58
36 92
4 184
53 166
21 59
76 80
71 131
32 88
15 83
60 172
9 74
45 135
66 143
93 39
78 143
83 177
20 129
81 187
3 93
1 190
99 137
67 89
87 136
100 76
17 123
42 178
38 193
6 54
51 158
10 147
66 135
3 78
71 101
40 27
40 118
26 29
42 198
58 158
87 93
6 64
29 16
58 38
70 93
88 150
27 95
25 141
11 46
19 138
41 113
51 127
19 86
95 52
56 169
43 116
17 102
41 69
34 110
69 16
33 121
31 11
58 84
7 150
29 182
67 74
65 23
85 67
92 149
23 74
6 60
78 62
26 49
39 104
48 171
72 89
75 151
70 130
42 177
34 83
41 26
99 81
1 68
54 34
2 198
53 198
62 72
62 184
88 182
44 81
71 130
97 29
34 116
72 83
81 33
34 46
62 179
73 111
39 84
52 120
53 97
2 57
51 158
7 163
18 151
88 128
4 197
44 140
74 70
45 94
79 195
45 11
8 136
87 15
100 69
66 155
57 73
11 168
74 83
48 195
35 33
47 93
96 72
35 108
10 65
87 198
34 90
37 196
68 12
13 53
84 66
14 157
14 16
47 153
29 76
39 73
7 196
14 38
56 11
6 34
1 139
19 124
62 125
48 123
100 196
78 152
20 52
66 172
74 81
24 32
100 78
90 67
51 104
41 102
4 32
9 148
43 120
44 10
12 107
85 97
82 182
33 121
63 105
85 161
24 192
77 92
56 146
100 65
15 162
10 28
77 22
62 36
18 106
100 130
8 39
42 40
98 109
74 130
93 192
46 37
63 94
43 21
10 32
17 124
7 200
65 158
75 84
3 178
45 198
36 114
90 125
75 164
73 136
58 47
53 44
90 131
93 25
100 51
90 112
97 48
21 46
70 174
73 67
94 129
94 137
76 40
81 68
4 143
40 39
65 191
3 184
43 93
10 20
21 21
74 141
1 189
97 186
34 78
54 100
30 160
93 105
19 70
45 81
67 129
69 90
52 173
2 172
71 127
5 29
77 78
32 138
76 122
78 110
65 68
27 115
94 119
4 100
14 43
80 37
94 79
13 54
57 113
9 103
8 93
59 197
52 58
31 39
86 73
11 181
84 158
54 187
23 23
92 84
76 99
98 135
46 153
20 35
95 129
17 97
10 175
64 50
20 124
55 145
17 35
41 51
64 39
65 56
17 172
57 45
85 113
42 102
68 191
68 19
4 107
96 162
90 179
19 122
22 79
76 160
40 103
38 23
45 22
88 30
56 125
66 73
9 157
88 86
3 77
64 122
85 31
76 159
76 24
65 23
11 134
53 148
47 24
32 110
61 116
52 124
65 63
44 154
21 157
82 98
27 126
61 101
83 30
43 137
47 188
94 83
95 156
74 98
35 168
78 125
42 194
24 192
85 54
68 166
45 197
66 180
44 68
42 148
73 14
64 11
1 107
88 198
48 178
22 67
80 175
22 141
39 196
5 19
91 189
15 172
84 15
43 80
94 165
22 180
81 187
29 176
87 155
42 168
20 163
99 67
46 165
100 84
15 92
65 22
18 136
18 152
83 101
17 44
28 151
20 36
11 192
32 128
82 54
14 79
13 61
59 163
84 23
42 59
58 64
38 186
31 146
77 26
74 83
86 146
1 118
42 71
11 74
54 129
26 95
55 92
62 82
3 114
79 88
6 15
69 74
53 194
8 137
70 72
54 42
5 169
21 182
43 179
36 92
90 106
2 127
72 82
71 122
89 183
72 109
17 141
63 31
30 76
61 34
24 115
50 77
97 123
19 179
93 173
59 30
85 71
79 27
67 17
63 157
99 150
30 184
35 19
47 102
3 141
71 109
92 52
10 125
44 172
82 57
19 111
73 49
10 69
85 27
9 190
84 179
20 77
12 148
28 47
17 100
18 96
73 82
82 116
84 129
17 52
99 104
64 74
47 78
37 112
68 47
85 90
19 145
82 25
56 192
80 84
26 162
53 118
32 140
89 179
37 82
93 181
74 156
14 85
65 166
69 25
64 35
82 180
62 40
16 196
75 109
94 175
69 122
13 159
88 138
89 130
38 31
5 167
49 164
34 52
26 148
63 53
63 63
46 24
95 143
63 30
79 162
39 30
44 170
47 62
88 150
32 56
95 156
80 155
96 124
88 35
25 77
7 27
85 107
77 87
29 71
3 197
95 194
84 197
32 16
43 196
82 154
93 160
61 43
17 139
23 35
58 162
92 157
87 62
44 152
98 69
49 126
38 118
18 170
84 78
45 110
41 38
9 114
28 108
82 126
43 18
42 171
45 104
18 108
14 198
31 162
57 150
19 84
93 95
61 105
49 130
98 23
24 143
44 152
80 13
21 41
16 96
52 38
83 112
30 137
44 44
84 12
9 113
96 100
73 119
37 88
62 131
52 31
31 147
48 153
2 88
22 97
5 35
87 140
14 79
64 184
44 35
72 30
27 32
99 190
37 34
33 78
86 117
74 57
47 163
57 44
20 23
52 43
9 164
81 128
92 165
79 26
62 23
67 177
95 177
89 120
25 10
25 164
16 51
70 89
10 112
91 80
14 95
79 190
67 89
93 143
48 21
69 124
46 55
38 25
30 197
9 165
4 91
80 47
22 62
39 63
100 160
2 74
47 88
32 19
97 50
48 75
70 156
23 88
56 192
22 39
81 187
25 163
74 35
99 114
32 184
1 70
46 47
25 165
98 130
96 94
29 146
46 99
59 173
77 176
32 49
21 40
66 84
34 20
80 145
48 16
18 82
34 35
9 92
90 158
57 110
85 133
67 15
78 85
92 104
12 31
54 42
83 109
79 178
77 42
93 111
31 184
10 13
99 99
89 135
26 12
19 65
57 188
40 13
14 90
65 155
51 68
57 60
98 19
36 147
3 33
96 164
49 79
13 42
69 86
6 155
20 42
35 86
5 80
94 172
1 118
42 96
99 96
43 41
82 138
97 162
55 139
36 54
2 148
64 115
41 65
2 161
83 177
68 57
81 41
62 90
29 183
76 122
78 23
36 72
81 106
14 128
2 73
82 159
77 124
78 106
61 179
23 45
59 76
4 62
9 181
78 28
6 30
