800
28632
11 107
39 146
48 133
66 114
21 100
39 130
10 40
39 179
73 80
20 99
18 114
100 42
18 127
2 66
36 126
56 126
21 188
44 117
60 127
31 139
21 65
57 123
97 35
69 88
89 122
49 196
98 29
61 70
66 139
23 165
81 197
67 14
87 161
71 118
94 21
54 133
91 150
73 149
48 58
13 95
68 162
8 40
17 74
52 197
24 196
16 55
3 57
84 102
9 48
62 89
44 146
49 94
47 191
20 164
21 150
4 176
81 27
27 167
89 85
28 163
58 22
92 134
78 156
53 143
23 180
54 93
21 59
22 114
3 73
10 195
10 51
57 57
41 56
3 44
18 94
40 163
93 15
92 137
12 44
96 110
10 109
77 184
49 49
87 29
2 103
35 67
40 171
67 14
37 159
85 113
12 55
55 30
7 102
61 60
84 114
5 113
18 55
91 168
52 147
60 159
38 181
67 97
23 18
48 33
6 124
34 158
23 182
81 132
29 129
44 177
78 69
89 72
53 173
30 129
2 196
79 200
99 191
26 185
27 72
61 107
9 78
100 191
49 95
47 89
97 165
78 79
49 133
43 167
88 52
75 75
59 95
97 163
97 149
46 61
5 160
82 15
35 94
72 133
78 105
79 154
20 55
6 66
79 136
76 85
40 64
43 159
58 155
10 38
24 39
6 33
37 133
56 56
7 155
49 115
85 166
33 31
90 27
79 23
68 192
60 197
58 69
2 25
98 96
56 169
87 173
67 19
31 96
98 124
29 200
78 139
75 12
26 172
6 169
94 82
8 21
40 194
95 161
97 64
81 64
42 157
80 88
67 45
37 83
77 109
26 162
20 175
77 13
20 122
49 10
8 97
95 55
52 27
75 107
13 74
46 105
48 12
25 76
26 168
23 38
39 182
22 80
77 186
84 162
11 110
64 15
96 152
35 31
22 33
48 67
37 18
58 124
61 15
56 95
5 136
58 15
24 96
14 199
49 18
46 159
68 69
94 136
76 65
72 149
59 119
50 198
64 105
86 26
81 155
72 177
78 26
64 104
20 104
94 200
54 172
7 118
71 188
24 91
87 117
13 85
29 34
35 193
100 101
38 145
56 198
24 123
60 21
70 196
7 125
50 133
77 147
96 72
6 31
75 125
31 18
88 195
36 43
26 200
12 55
96 141
97 84
86 117
42 28
36 53
38 140
25 89
80 160
59 100
57 150
6 65
65 44
91 188
68 11
29 139
71 76
89 94
14 186
51 59
88 163
84 162
14 182
58 56
41 33
53 18
55 157
70 14
63 41
64 179
56 41
69 19
39 182
81 60
36 197
9 10
36 104
88 37
96 20
68 44
59 142
72 80
25 62
79 86
18 16
62 178
3 86
91 183
61 155
88 114
50 158
52 120
58 93
82 161
4 161
39 199
81 92
39 89
87 165
15 69
28 125
59 33
23 166
80 69
90 48
16 192
23 111
68 129
33 29
23 50
60 59
39 36
100 32
28 87
59 13
56 44
9 154
36 108
43 132
50 143
15 107
29 24
51 184
54 85
69 24
68 145
16 130
35 148
74 82
58 45
7 117
51 159
100 113
7 127
26 32
43 59
38 32
25 31
78 62
13 54
43 200
12 199
30 15
49 175
16 94
10 160
10 55
2 28
93 123
33 87
49 30
7 190
37 119
62 199
54 32
89 91
95 28
41 164
16 76
10 193
1 29
19 162
57 99
2 144
49 92
70 95
5 151
84 128
81 26
76 110
56 78
69 166
25 170
37 58
50 98
43 88
48 76
86 175
67 189
74 60
53 14
5 182
66 164
64 195
44 189
55 14
47 172
21 148
59 28
4 31
55 76
60 59
25 60
73 23
46 133
72 109
41 58
26 183
53 55
67 105
54 88
6 182
6 139
17 135
13 98
51 181
31 118
78 59
13 117
12 88
52 21
81 77
68 134
81 167
85 53
77 63
50 130
77 160
89 148
79 77
24 27
86 187
68 138
50 171
7 86
89 32
10 145
75 85
61 13
74 170
31 112
8 164
75 184
71 127
62 12
6 123
79 139
72 26
6 11
18 118
74 169
62 42
34 179
78 141
97 75
42 93
29 88
32 125
68 12
14 41
65 64
36 74
13 194
95 129
82 83
75 90
41 111
37 113
90 162
82 186
72 114
72 52
22 132
18 186
7 178
19 140
52 86
81 130
10 79
93 133
9 41
57 128
44 40
84 141
75 155
72 136
96 126
8 131
56 67
53 47
38 74
100 179
58 195
98 173
58 41
95 134
60 54
39 65
11 11
14 167
37 186
99 44
82 99
87 200
95 123
66 124
57 53
87 16
38 154
39 151
22 159
25 146
74 82
64 119
3 63
83 74
100 200
66 72
55 61
67 92
98 77
30 76
84 109
84 92
47 82
25 141
65 135
11 161
66 115
70 143
82 129
79 18
45 106
65 190
53 102
88 39
9 143
73 33
85 179
32 193
76 151
12 185
87 40
61 127
66 109
59 89
50 83
19 127
88 22
18 70
61 67
20 130
18 75
68 48
89 48
14 29
36 156
75 180
13 36
50 146
54 92
56 91
6 198
29 159
9 44
78 50
23 181
47 22
28 199
26 151
50 110
69 179
3 178
77 112
95 106
65 17
31 151
11 45
75 34
44 149
91 17
30 189
91 10
44 164
94 99
71 155
6 16
45 91
100 160
72 157
71 96
61 147
84 25
98 134
60 28
85 67
100 176
48 193
58 76
77 23
72 187
21 65
79 90
55 75
51 193
80 174
32 143
86 87
80 104
53 99
58 169
54 79
77 62
62 121
21 81
99 110
31 147
43 46
82 53
82 154
62 104
2 16
46 74
5 156
63 112
3 17
7 50
12 196
75 29
70 37
30 171
85 67
86 86
27 37
55 136
83 49
83 128
2 184
91 161
97 112
83 170
40 26
91 199
70 153
1 75
69 72
68 152
41 157
90 89
19 76
14 75
37 33
91 121
32 61
49 72
59 153
11 108
88 25
80 197
63 195
9 112
25 190
16 15
62 158
40 180
80 77
34 113
4 48
56 54
31 109
3 129
64 110
4 193
11 32
26 195
43 192
96 50
64 170
51 142
69 138
52 27
13 121
30 73
17 78
29 181
54 126
96 199
46 12
48 122
17 146
94 156
45 38
48 164
5 65
25 139
86 149
46 10
97 20
89 56
84 127
8 17
79 127
95 125
30 182
51 187
95 22
49 14
83 95
90 140
7 104
82 36
99 96
99 119
2 152
91 170
34 100
37 41
52 143
20 78
84 32
13 125
61 40
80 58
12 63
90 118
66 124
50 100
58 45
8 31
15 37
78 155
67 69
70 107
5 169
72 163
30 15
52 153
28 82
78 107
17 181
56 27
17 154
78 156
57 134
23 68
31 104
21 151
43 56
73 200
2 175
25 131
64 176
2 67
84 12
48 74
81 94
95 163
99 159
44 11
59 163
91 84
65 46
31 20
82 194
1 194
76 72
25 66
36 147
62 133
2 39
85 80
67 51
71 50
10 163
4 135
99 118
63 195
34 170
63 189
3 29
93 38
83 121
48 37
51 123
34 56
50 125
72 46
81 146
11 81
35 107
21 19
33 191
21 197
