800
26891
58 11
48 151
55 190
46 156
80 146
71 92
18 158
56 78
11 14
86 170
88 66
47 183
43 141
15 179
98 200
30 190
91 183
42 31
24 32
100 139
15 25
53 46
65 24
96 103
60 48
65 96
9 12
87 118
72 23
8 15
5 38
48 182
92 114
45 117
4 71
88 198
87 129
6 95
11 187
95 161
81 103
53 121
43 102
34 137
12 148
2 119
8 54
18 166
98 76
49 26
96 112
29 173
61 148
19 159
17 53
35 160
83 57
80 186
65 168
61 100
34 93
98 67
13 52
65 49
74 36
35 89
48 86
35 123
59 114
83 102
11 11
82 82
13 74
47 161
36 123
8 13
52 75
83 56
73 14
99 85
78 22
42 19
31 182
17 155
1 14
3 77
14 175
34 102
42 166
85 107
1 28
100 152
33 192
17 138
71 183
40 121
39 145
74 147
14 21
81 12
32 132
29 103
35 18
100 37
1 22
78 120
8 16
65 50
98 74
59 93
85 169
21 110
5 174
15 162
93 20
38 54
76 112
34 160
65 123
78 96
10 171
21 10
100 169
7 57
92 153
73 28
85 31
96 85
15 96
73 47
8 89
96 92
74 78
7 85
45 40
65 185
41 157
31 73
30 57
84 53
48 83
64 96
20 183
22 59
26 51
37 48
21 131
79 183
41 102
4 171
38 179
61 149
85 146
90 189
55 130
29 154
13 128
3 168
46 45
41 147
71 97
66 158
83 163
28 44
19 199
1 50
62 190
7 81
52 130
61 191
49 112
80 100
75 82
79 155
29 91
44 46
71 118
82 161
57 148
15 49
50 189
14 176
40 35
24 44
70 72
11 95
91 13
62 66
49 198
42 96
94 158
33 68
79 133
4 156
38 14
50 75
27 101
20 75
4 35
72 63
24 131
20 71
77 32
66 149
64 30
69 128
59 12
63 14
79 172
81 109
17 147
4 123
85 57
41 146
19 176
23 83
86 105
5 79
6 47
84 140
8 50
27 35
99 181
82 162
9 183
70 64
49 168
15 131
60 109
31 39
56 100
48 20
92 114
6 20
91 87
47 67
76 31
50 197
2 87
51 96
51 63
5 165
69 89
18 24
91 153
32 196
91 76
17 161
6 108
10 119
39 190
9 74
77 20
23 33
65 60
67 45
39 112
22 181
8 136
50 111
91 170
20 166
54 177
20 114
33 38
30 101
63 118
41 104
37 166
75 124
63 92
58 50
31 84
65 176
52 85
88 189
53 148
29 88
92 57
87 36
16 10
14 131
61 159
69 76
72 94
75 113
70 176
87 114
2 178
57 118
6 132
61 131
37 160
70 82
1 168
46 17
86 140
20 170
20 75
20 59
50 185
48 98
55 53
23 96
5 69
45 51
6 130
82 152
86 114
11 137
54 153
71 25
96 12
16 130
96 90
18 159
17 103
83 85
21 170
28 200
48 58
9 166
26 165
74 65
16 38
70 20
8 13
63 112
2 125
43 166
17 24
80 39
30 199
65 83
24 137
6 67
37 72
54 99
37 78
2 123
53 41
62 50
8 160
32 32
35 84
11 58
60 90
66 55
38 148
2 161
37 104
65 180
39 27
58 36
67 131
98 97
26 47
52 174
59 55
9 70
16 113
51 54
49 16
33 111
73 86
75 187
90 27
48 149
14 132
6 87
3 45
8 124
14 157
71 112
10 115
51 149
64 76
1 46
32 34
35 136
95 128
74 109
57 139
77 73
61 80
79 136
98 143
11 173
54 17
40 85
97 111
83 139
43 107
55 17
77 189
29 189
40 89
70 109
20 60
57 129
32 88
27 57
24 95
74 136
92 156
47 129
96 65
37 162
11 75
33 148
45 172
35 84
27 73
71 154
76 80
1 170
67 59
4 26
26 151
72 67
6 39
39 187
42 123
18 196
1 89
25 114
84 159
94 171
68 121
1 174
25 119
13 36
94 20
81 51
21 170
53 92
66 187
67 127
55 67
73 54
96 36
54 120
2 64
77 105
33 146
78 31
1 102
96 74
46 20
17 170
99 178
59 78
66 55
42 149
29 87
85 185
58 152
11 185
56 179
2 114
16 80
11 111
80 104
7 63
44 158
23 67
74 62
87 122
95 175
47 161
34 51
75 181
32 48
4 15
23 45
97 69
67 118
91 177
34 197
45 81
7 69
69 106
28 28
28 45
77 55
59 131
73 35
21 22
7 118
91 179
87 44
68 80
18 17
5 183
66 66
94 153
16 74
86 72
12 196
23 72
56 147
31 156
63 111
88 157
62 58
21 59
9 68
17 57
68 36
44 113
82 43
77 120
4 60
20 99
37 194
6 141
46 145
78 178
60 63
81 132
58 149
48 152
9 157
66 27
77 157
35 65
48 199
83 16
14 31
76 57
22 179
67 27
20 24
21 184
10 78
99 69
21 37
77 196
35 117
26 175
9 180
62 117
89 75
7 83
69 106
8 177
34 139
98 176
77 75
45 44
56 24
19 110
67 79
63 118
45 152
74 128
80 20
16 64
65 117
44 153
16 81
8 140
85 55
60 121
40 48
11 29
55 95
77 38
21 191
43 58
70 98
81 45
69 106
33 78
94 112
15 198
83 174
38 157
15 56
29 95
29 166
75 15
55 33
86 118
78 119
39 145
94 48
39 193
27 70
62 96
53 88
40 53
4 166
58 142
40 95
74 15
74 95
67 128
93 101
39 196
57 69
71 132
17 160
43 51
41 31
14 124
17 137
39 117
66 122
100 107
84 199
1 152
96 170
80 69
37 65
61 26
98 93
53 108
32 122
74 79
5 161
52 44
90 19
89 79
15 79
41 175
69 48
37 129
28 192
13 84
61 115
40 141
46 19
4 111
83 108
32 164
49 170
54 142
63 172
98 151
92 157
13 99
3 72
82 164
13 101
28 29
60 175
5 136
92 51
26 69
43 50
75 158
67 137
18 172
68 26
46 141
21 41
18 120
9 172
89 76
27 127
59 87
92 198
88 164
85 198
14 154
70 11
5 140
5 110
46 116
59 199
37 68
32 197
87 184
65 143
22 155
90 149
31 152
73 190
33 41
9 171
21 134
77 24
63 110
51 94
60 44
89 90
14 150
33 186
26 113
85 11
47 180
5 54
40 96
88 70
86 34
36 25
61 94
93 87
65 155
82 151
6 133
11 123
98 44
18 45
21 49
96 170
85 96
69 71
42 46
59 24
26 16
28 129
68 156
26 184
55 58
15 120
84 182
83 143
77 128
28 90
28 128
76 88
11 193
29 197
90 15
27 121
93 126
34 152
82 34
23 77
93 143
13 20
69 46
87 175
21 130
36 182
15 50
76 63
13 69
2 163
96 115
96 41
48 162
27 53
9 73
32 101
57 28
100 81
63 132
57 13
57 176
4 66
96 171
2 19
89 152
40 30
35 120
85 169
22 112
28 96
96 30
55 179
98 147
20 110
21 148
24 20
59 147
42 133
14 193
89 20
15 100
62 171
67 191
47 125
9 174
85 182
76 90
15 36
82 34
18 24
30 15
64 183
2 111
58 22
15 147
29 108
44 137
25 171
13 184
92 185
47 189
33 124
43 16
99 128
5 138
61 95
46 172
66 10
32 21
